(154, 94, 18, 48)
(152.338747040677, 94.17605086498241, 18.13955303778662, 48.37214143409766)
(151.57049823949112, 93.8403339690466, 18.416620708517783, 49.11098855604743)
(150.4820418811155, 90.59743257530863, 18.57671823972213, 49.537915305925694)
(149.21546688982522, 88.83086626552675, 18.71552007777144, 49.90805354072385)
(149.394949798455, 87.18206247931103, 18.912767639418096, 50.43404703844826)
(150.39413111504211, 85.64963640362144, 18.99863352186888, 50.66302272498368)
(151.49273218796597, 84.70490047894444, 19.180505472700847, 51.148014593868936)
(152.96588724566413, 84.15694220100276, 19.249438887578002, 51.33183703354135)
(154.3661077972446, 83.53175315756118, 19.460701275627944, 51.89520340167452)
(155.648050683915, 82.99670764652721, 19.66930695736533, 52.45148521964088)
(156.4337403901046, 82.48042491479062, 19.88976714459551, 53.039379052254695)
(155.64461637695058, 82.02518021158171, 20.16036746582543, 53.76097990886782)
(154.14684292235142, 81.85803213538507, 20.300811835961195, 54.13549822922986)
(152.79558898406037, 82.03967924639407, 20.350274058246438, 54.267397488657174)
(151.31756705946057, 82.05903294103223, 20.474973302953856, 54.59992880787696)
(147.69412429171595, 82.00894819465725, 20.534023145083715, 54.757395053556586)
(142.34303979453188, 81.74490431618005, 20.74806347734249, 55.32816927291332)
(137.87419148186154, 81.45181072816072, 21.02658041518316, 56.07088110715511)
(133.6753981495274, 81.06972577422802, 21.28169576637488, 56.751188710333025)
(130.5555755274018, 80.63329738418797, 21.491632148321425, 57.311019062190475)
(129.45721801580814, 80.24177891577153, 21.60289795275875, 57.60772787402334)
(129.79289940286031, 79.91075079410209, 21.71084731244345, 57.89559283318253)
(130.4835580767182, 79.47094318098158, 21.752686703008926, 58.00716454135714)
(131.17757783132544, 78.80612399307228, 21.893730445747554, 58.38328118866015)
(132.14092187164295, 77.99005964274053, 22.11279431823757, 58.96745151530018)
(133.3817531666541, 77.25177054971691, 22.326901991887123, 59.538405311698995)
(134.97248298221285, 76.64188210946868, 22.535151833425832, 60.093738222468886)
(136.6685570352854, 76.33024307716737, 22.70605304368698, 60.54947478316527)
(138.55226909576584, 76.25575541016076, 22.83367897155424, 60.889810590811294)
(140.8564297107201, 76.16613550910455, 23.009369582466025, 61.35831888657606)
(143.35065034521315, 76.16282663061075, 23.055413176761178, 61.48110180469646)
(145.60633070832012, 75.89706123048776, 23.279556600937898, 62.07881760250104)
(147.69552563156745, 75.45159018108744, 23.60073950834947, 62.935305355598565)
(149.5076855130252, 75.01343242519607, 23.861093817699633, 63.62958351386567)
(149.14583362412236, 74.71677560996432, 24.048664783005286, 64.12977275468074)
(148.83758866399225, 74.48292000054512, 24.268456705218608, 64.7158845472496)
(149.31260351762148, 74.37108623782726, 24.469794185460138, 65.25278449456034)
(149.96920998884443, 74.24895689204544, 24.591151555514276, 65.57640414803804)
(151.26734550257325, 74.20297006659506, 24.735816807353526, 65.9621781529427)
(152.40704344769324, 74.53351590527444, 24.836242694457276, 66.2299805185527)
(153.55425863884076, 74.93812384664177, 25.016391169584114, 66.71037645222427)
(154.29298502317772, 75.06304947831116, 25.2617167212227, 67.3645779232605)
(154.7621929999361, 75.19676027196508, 25.45190184192465, 67.87173824513235)
(155.39120696430282, 75.24969669037068, 25.60866883506625, 68.28978356017662)
(156.35861107143373, 75.40765752878747, 25.731691431351308, 68.61784381693677)
(157.7835332518109, 75.59455150108556, 25.777095483682917, 68.73892128982106)
(159.3764436083606, 75.67310773997077, 25.872845205153773, 68.99425388041001)
(161.15457431514963, 75.58369043244008, 26.00957695563822, 69.35887188170187)
(162.77909511824348, 75.4150643481122, 26.235999216638046, 69.9626645777014)
(162.82295025860557, 75.19756289257714, 26.513019770874784, 70.70138605566603)
(162.10309557353406, 74.99053839140336, 26.721680557033444, 71.25781481875579)
(161.3568715203215, 74.8172045676998, 26.967409303107015, 71.91309147495197)
(160.5579338002563, 74.79648206720367, 27.178504958081163, 72.4760132215497)
(158.39797756611202, 74.86727708018873, 27.311466742775956, 72.83057798073582)
(156.23180913199465, 75.06678770037446, 27.38110829851068, 73.01628879602842)
(153.41870999964283, 75.47531066026178, 27.38978336985495, 73.03942231961314)
(147.98160733791582, 75.72240040070201, 27.470958908152717, 73.25589042174052)
(140.79949933997023, 75.65229878720254, 27.618698463614226, 73.64986256963788)
(133.78833281241296, 75.35060085832913, 27.809549585135017, 74.15879889369332)
(128.14286465114023, 73.9681522227835, 28.086020575649215, 74.89605486839784)
(124.50088992624626, 72.99263421453759, 28.180944146530916, 75.14918439074904)
(124.20578386739658, 71.16382732274181, 28.361671400949035, 75.63112373586402)
(125.0176320598721, 70.40216587018958, 28.452849283576107, 75.87426475620289)
(126.65742386411618, 69.63505143671546, 28.56181547977544, 76.16484127940112)
(131.07568805511423, 68.86904062418486, 28.695379871216847, 76.52101298991154)
(136.17727877821287, 68.26095650264318, 28.77668328830084, 76.73782210213552)
(140.51597408098564, 67.68381001267397, 28.98060982142715, 77.28162619047235)
(145.59071951680892, 67.14035875462196, 29.209201225171253, 77.89120326712329)
(151.5665793178978, 66.74555835684211, 29.48363213568875, 78.6230190285033)
(157.8975906237016, 66.60709631815219, 29.62886050064369, 79.01029466838312)
(162.98459591489774, 66.85763714106199, 29.78871222293888, 79.43656592783697)
(166.97941298035323, 67.43337235841597, 29.775793179918516, 79.40211514644932)
(170.1794011143837, 67.53874130990604, 29.967934221427907, 79.91449125714102)
(172.81541965074211, 67.71893558679342, 30.176732109648608, 80.47128562572956)
(173.16476271410284, 67.71195660324885, 30.437976402849028, 81.16793707426402)
(172.9547248213649, 68.10037113008505, 30.61124127523896, 81.62997673397051)
(171.59039524598413, 69.25789969241606, 30.683833531469226, 81.82355608391788)
(171.4488726213249, 70.24568445276492, 30.768514522975167, 82.04937206126705)
(171.8980495050259, 71.90294178716547, 30.67066734737005, 81.78844625965341)
(172.17175656700786, 72.93887281801058, 30.749931690203024, 81.99981784054134)
(173.01165671922968, 73.64166502894847, 30.906221473650003, 82.41659059639996)
(174.42339749738719, 73.87388726354033, 31.165259448585008, 83.10735852955997)
(176.12174362444333, 74.0550561084602, 31.388913263808675, 83.70376870348974)
(177.95616400397145, 74.31315644996229, 31.553629633658673, 84.14301235642307)
(180.04922862017528, 74.81970583503451, 31.525062657110375, 84.06683375229427)
(182.25226249927468, 75.29100266123314, 31.54935378563035, 84.1316100950142)
(184.6266176960699, 75.81446018797357, 31.54057259125862, 84.10819357668959)
(186.9496866627374, 76.2333962556624, 31.50115462862676, 84.0030790096713)
(189.23625878888066, 76.43070169018898, 31.516694458371475, 84.0445185556572)
(191.25613940569238, 76.27383456793038, 31.55133508021679, 84.13689354724471)
(192.38536259254198, 75.72698075825325, 31.669445103001987, 84.45185360800522)
(191.41442217650294, 73.97076326535226, 31.83544702883007, 84.89452541021345)
(190.2338806115991, 72.2491114201562, 32.07590943109871, 85.53575848292981)
(190.23687865898125, 70.4645087603758, 32.18209595352189, 85.81892254272496)
(189.7580340491665, 68.09718401880599, 32.23777711651076, 85.96740564402863)
(186.25398931224495, 66.80882796497748, 32.12832813820539, 85.67554170188097)
(182.25846471982902, 65.5106224112433, 32.0129625281154, 85.36790007497434)
(179.9665842013083, 64.25112023791272, 31.902875908906797, 85.07433575708473)
(179.07472582568352, 62.94626161547835, 31.912972054687653, 85.10125881250033)
(177.78220370003268, 62.09020367168549, 31.99569697005183, 85.32185858680481)
(176.56058609835208, 61.32511553107108, 32.05080961481928, 85.468825639518)
(176.3478848266219, 60.71560969024638, 32.090286865310844, 85.57409830749552)
(176.39809338703952, 60.29833646496674, 32.02543798178034, 85.40116795141418)
(176.77402375373583, 59.91128090311001, 32.087328469090856, 85.56620925090888)
(177.53845990894396, 59.81851612721977, 32.0134732485183, 85.36926199604873)
(178.21934946086085, 59.6912538662507, 31.952536429840816, 85.20676381290876)
(178.60491638804024, 59.60558269883647, 31.988851916302362, 85.30360511013956)
(176.0340365376449, 59.84370650354403, 32.04110356045236, 85.44294282787288)
(172.47923001568913, 60.30166395297049, 31.890645803582707, 85.04172214288714)
(170.3919139997006, 60.702233922704224, 31.71374585313788, 84.56998894170093)
(169.20525168233485, 60.81209052545155, 31.59695818318188, 84.25855515515158)
(167.37920114333096, 60.67793329383701, 31.619618953572477, 84.31898387619317)
(164.91255796820866, 60.72724757912292, 31.575000030379528, 84.20000008101198)
(161.37858768287168, 60.66502624042479, 31.692562183084767, 84.51349915489261)
(158.63698426729292, 60.690790596163296, 31.733935518148563, 84.62382804839606)
(156.75322098631287, 61.446477124389695, 31.58993253909302, 84.23982010424795)
(153.97965510623905, 62.719022961119926, 31.37357552970941, 83.66286807922499)
(152.14481561459252, 63.56191680370832, 31.185435909486863, 83.1611624252982)
(151.0486793133453, 64.52127192095537, 31.017021256121883, 82.71205668299159)
(149.9768228370229, 66.40071737455786, 31.007169755641705, 82.68578601504444)
(148.18597127985376, 69.08071014593492, 30.912847479355, 82.43425994494656)
(146.83729723448528, 70.5105165734549, 30.7517055798576, 82.0045482129535)
(145.6959544437677, 71.97158591417488, 30.54754423746458, 81.46011796657211)
(144.9279693138336, 74.01519356084792, 30.268252656512537, 80.71534041736666)
(148.02842483811193, 75.23998922487404, 30.092549127487086, 80.2467976732988)
(154.4755035299152, 76.03097429754732, 29.97066957591181, 79.92178553576473)
(161.75053326166812, 76.43079545437351, 29.783754033304383, 79.42334408881159)
(168.2919035595159, 76.17454800115706, 29.596032968858808, 78.92275458362339)
(173.44691762290512, 75.07127658425745, 29.414117635049145, 78.43764702679762)
(176.83686816258566, 73.73797701632549, 29.281067141625545, 78.08284571100135)
(180.58562129840783, 71.88275766652254, 29.050742266465562, 77.46864604390807)
(184.9567576573272, 70.47530140505353, 29.03381134550188, 77.42349692133824)
(189.25869759864855, 70.15723697204726, 28.620178044890384, 76.32047478637425)
(193.35428989080907, 68.9159135857774, 28.547294852170896, 76.12611960578894)
(196.7796027439228, 67.57810904645697, 28.22074751508407, 75.25532670689074)
(200.04266731051936, 66.72981495614414, 28.25724045220346, 75.35264120587578)
(202.73624316318526, 66.27255480723109, 28.099947145309148, 74.93319238749095)
(203.26752597166865, 66.00902891354488, 28.05029046388924, 74.80077457037119)
(202.78745974254898, 66.13149614207725, 27.84062311744112, 74.24166164650954)
(200.0578023268996, 66.83941429832737, 28.00977681592737, 74.69273817580621)
(192.32526010881693, 70.13098130254838, 27.75153361537392, 74.00408964099701)
(183.49822642553997, 72.33848641048945, 27.70671792528724, 73.88458113409921)
(176.703875713303, 76.14103998807892, 27.6997009659721, 73.86586924259215)
(169.43040841716893, 80.38004795441022, 27.416893126599607, 73.1117150042655)
(163.1174081787672, 82.77482197687533, 27.310441210824997, 72.82784322886654)
(158.52583279783403, 84.81287295486865, 27.266327568394452, 72.71020684905176)
(155.16188881022578, 85.88015421821927, 27.489088590485977, 73.30423624129583)
(152.35607475678046, 86.992516693537, 27.19559584776722, 72.52158892737913)
(150.01038129286044, 87.33229592524833, 27.025502062716633, 72.06800550057757)
(149.84279493648947, 86.51860820344139, 26.87571994147418, 71.66858651059769)
(151.1375157039333, 84.85518434338272, 26.69631258627404, 71.19016689673064)
(154.00207610751627, 81.79057173796335, 26.428297125787786, 70.47545900210064)
(155.6995825481372, 78.77910733539713, 26.460896549233446, 70.56239079795573)
(156.8502447149548, 77.89321315060548, 26.440288157981, 70.5074350879492)
(157.7086173881098, 76.68026907947447, 26.389939906397615, 70.37317308372684)
(156.17242739379745, 75.08616823038378, 26.379251047366022, 70.34466945964259)
(154.83526017919186, 74.55793324192382, 26.202541775405336, 69.8734447344141)
(155.44234754988292, 74.11925385657264, 26.070520354335702, 69.52138761156174)
(154.42566886954813, 74.07479009133738, 25.701259306802196, 68.53669148480571)
(152.54305592628387, 73.99523140197519, 25.338738611299426, 67.56996963013167)
(150.1884739102135, 73.75849588744114, 25.07735210633081, 66.87293895021536)
(146.94995936106483, 73.67979071804794, 24.82330210306566, 66.19547227484163)
(141.52802452655936, 73.13711508677554, 24.730373676373482, 65.94766313699581)
(137.4724876631574, 73.29680690481307, 24.505113174661737, 65.34696846576449)
(133.73086714999138, 74.37667275153962, 24.230877394353158, 64.61567305160828)
(131.6497891244916, 74.8732078069126, 24.055692136758953, 64.1485123646904)
(134.21074769482294, 75.31946303010737, 23.776212740236904, 63.403233973964944)
(135.00148506686713, 75.64889069995954, 23.672856892632943, 63.12761838035438)
(135.95100693523094, 75.75332145211979, 23.418191818014698, 62.44851151470573)
(132.20963682185175, 77.16379709907545, 22.20960208871836, 59.2256055699155)
(127.58260355487964, 77.87716320078911, 20.754958905865724, 55.34655708230848)
(123.08865555914322, 77.14684700415086, 20.06887418444794, 53.51699782519439)
(115.76720688403844, 75.8733678833962, 19.93325285789967, 53.15534095439901)
(109.3743075515661, 75.47111616819001, 19.640827340715443, 52.37553957524106)
(105.7934791650919, 75.41814348606218, 19.356637556046678, 51.61770014945769)
(102.59123182948566, 75.1770858938466, 19.500008570032573, 52.00002285342008)
(98.72141991109655, 75.20454179051208, 19.688729086498313, 52.50327756399538)
(92.97269296390864, 75.7770538262011, 19.88509655509287, 53.0269241469142)
(85.53387451547289, 77.6609484454766, 20.04999541485499, 53.46665443961319)
(76.73443485414153, 80.42477229211508, 20.327829815642733, 54.20754617504717)
(67.99609883827821, 83.50118086610526, 20.544034318072473, 54.7840915148598)
(59.191683457152436, 86.27466500032324, 20.801943449464655, 55.471849198572286)
(50.82615287663949, 87.41116607354522, 21.012580721330398, 56.03354859021427)
(47.419177685954146, 88.37177953396373, 21.09752719645108, 56.26007252386942)
(46.828657457366425, 88.96012197371287, 21.29380355450543, 56.783476145347684)
(46.539994401758825, 89.28708437555615, 21.479394588816334, 57.27838557017676)
(46.15943580362175, 89.61439528711576, 21.562548528254545, 57.50012940867865)
(45.42350254048142, 89.71544799776174, 21.78140144369535, 58.083737183187466)
(44.12017627013155, 89.87351723386, 21.82612237428767, 58.20299299810032)
(42.80735227950829, 90.10177796386135, 21.873981048893583, 58.33061613038276)
(41.25185524490526, 90.24528977783662, 22.040913838802762, 58.77577023680723)
(39.158668074405185, 90.24042392676675, 22.178639345574403, 59.14303825486494)
(37.93536674183083, 90.29759373138945, 22.273031012187943, 59.39474936583438)
(35.76913081564433, 90.14404707373325, 22.385387202939857, 59.69436587450615)
(32.58901211864216, 89.68056353586158, 22.575031335225443, 60.200083560601044)
(28.283135552862994, 89.29327811045047, 22.753961285631433, 60.67723009501702)
(24.193196101033735, 88.71831078805943, 23.00081101448526, 61.33549603862723)
(19.868371277353447, 88.45711080048166, 23.140082777934705, 61.70688740782574)
(15.888359147970473, 88.14887004074686, 23.352729641070773, 62.273945709521925)
(12.438024871304817, 87.88628989525692, 23.523967042058334, 62.730578778822085)
(8.463107726385504, 87.63684246648772, 23.65561743297118, 63.081646487923)
(2.7561586653917853, 87.66951962463858, 23.63924345260266, 63.03798254027362)
(-3.5139606168335984, 87.42524015361307, 23.655294929040732, 63.08078647744181)
(-9.289391369030215, 88.1856947729182, 23.252229393333867, 62.005945048890176)
(-12.625124632513678, 88.14940913731223, 23.359377740216566, 62.291673973910704)
(-13.608843047560518, 88.14361900980938, 23.049462714078555, 61.46523390420934)
(-14.529915041681411, 86.91957805698115, 22.885895146839385, 61.02905372490489)
(-17.509786084500714, 85.28255728825533, 23.109126955683557, 61.62433854848935)
(0.0, 0.0, 0.0, 0.0)
(0.0, 0.0, 0.0, 0.0)
(0.0, 0.0, 0.0, 0.0)
(0.0, 0.0, 0.0, 0.0)
(0.0, 0.0, 0.0, 0.0)
(0.0, 0.0, 0.0, 0.0)
(0.0, 0.0, 0.0, 0.0)
(0.0, 0.0, 0.0, 0.0)
(0.0, 0.0, 0.0, 0.0)
(0.0, 0.0, 0.0, 0.0)
(0.0, 0.0, 0.0, 0.0)
(0.0, 0.0, 0.0, 0.0)
(0.0, 0.0, 0.0, 0.0)
(0.0, 0.0, 0.0, 0.0)
(0.0, 0.0, 0.0, 0.0)
(0.0, 0.0, 0.0, 0.0)
(0.0, 0.0, 0.0, 0.0)
(0.0, 0.0, 0.0, 0.0)
(0.0, 0.0, 0.0, 0.0)
(0.0, 0.0, 0.0, 0.0)
(0.0, 0.0, 0.0, 0.0)
(0.0, 0.0, 0.0, 0.0)
(0.0, 0.0, 0.0, 0.0)
(0.0, 0.0, 0.0, 0.0)
(0.0, 0.0, 0.0, 0.0)
(0.0, 0.0, 0.0, 0.0)
(0.0, 0.0, 0.0, 0.0)
(0.0, 0.0, 0.0, 0.0)
(0.0, 0.0, 0.0, 0.0)
(0.0, 0.0, 0.0, 0.0)
(0.0, 0.0, 0.0, 0.0)
(0.0, 0.0, 0.0, 0.0)
(0.0, 0.0, 0.0, 0.0)
(0.0, 0.0, 0.0, 0.0)
(0.0, 0.0, 0.0, 0.0)
(0.0, 0.0, 0.0, 0.0)
(0.0, 0.0, 0.0, 0.0)
(0.0, 0.0, 0.0, 0.0)
(0.0, 0.0, 0.0, 0.0)
(0.0, 0.0, 0.0, 0.0)
(0.0, 0.0, 0.0, 0.0)
(0.0, 0.0, 0.0, 0.0)
(0.0, 0.0, 0.0, 0.0)
(0.0, 0.0, 0.0, 0.0)
(0.0, 0.0, 0.0, 0.0)
(0.0, 0.0, 0.0, 0.0)
(0.0, 0.0, 0.0, 0.0)
(0.0, 0.0, 0.0, 0.0)
(0.0, 0.0, 0.0, 0.0)
(0.0, 0.0, 0.0, 0.0)
(0.0, 0.0, 0.0, 0.0)
(0.0, 0.0, 0.0, 0.0)
(0.0, 0.0, 0.0, 0.0)
(0.0, 0.0, 0.0, 0.0)
(0.0, 0.0, 0.0, 0.0)
(0.0, 0.0, 0.0, 0.0)
(0.0, 0.0, 0.0, 0.0)
(0.0, 0.0, 0.0, 0.0)
(0.0, 0.0, 0.0, 0.0)
(0.0, 0.0, 0.0, 0.0)
(0.0, 0.0, 0.0, 0.0)
(0.0, 0.0, 0.0, 0.0)
