(154, 94, 18, 48)
(153.0, 94.0, 18.0, 48.0)
(152.0, 94.0, 18.0, 48.0)
(151.0, 91.0, 18.0, 48.0)
(150.0, 89.0, 18.0, 48.0)
(150.0, 88.0, 18.0, 48.0)
(151.0, 87.0, 18.0, 48.0)
(152.0, 86.0, 18.0, 48.0)
(154.0, 86.0, 18.0, 48.0)
(156.0, 85.0, 18.0, 48.0)
(157.0, 85.0, 18.0, 48.0)
(158.0, 85.0, 18.0, 48.0)
(157.0, 85.0, 18.0, 48.0)
(155.0, 85.0, 18.0, 48.0)
(154.0, 85.0, 18.0, 48.0)
(153.0, 85.0, 18.0, 48.0)
(149.0, 86.0, 18.0, 48.0)
(144.0, 86.0, 18.0, 48.0)
(139.0, 86.0, 18.0, 48.0)
(135.0, 86.0, 18.0, 48.0)
(132.0, 85.0, 18.0, 48.0)
(131.0, 85.0, 18.0, 48.0)
(132.0, 85.0, 18.0, 48.0)
(132.0, 85.0, 18.0, 48.0)
(133.0, 84.0, 18.0, 48.0)
(134.0, 84.0, 18.0, 48.0)
(136.0, 83.0, 18.0, 48.0)
(137.0, 83.0, 18.0, 48.0)
(139.0, 83.0, 18.0, 48.0)
(141.0, 83.0, 18.0, 48.0)
(143.0, 83.0, 18.0, 48.0)
(146.0, 84.0, 18.0, 48.0)
(148.0, 84.0, 18.0, 48.0)
(150.0, 84.0, 18.0, 48.0)
(152.0, 84.0, 18.0, 48.0)
(152.0, 83.0, 18.0, 48.0)
(152.0, 83.0, 18.0, 48.0)
(153.0, 83.0, 18.0, 48.0)
(154.0, 83.0, 18.0, 48.0)
(155.0, 83.0, 18.0, 48.0)
(156.0, 83.0, 18.0, 48.0)
(157.0, 84.0, 18.0, 48.0)
(158.0, 84.0, 18.0, 48.0)
(159.0, 85.0, 18.0, 48.0)
(159.0, 85.0, 18.0, 48.0)
(160.0, 86.0, 18.0, 48.0)
(162.0, 86.0, 18.0, 48.0)
(164.0, 86.0, 18.0, 48.0)
(165.0, 86.0, 18.0, 48.0)
(167.0, 86.0, 18.0, 48.0)
(167.0, 86.0, 18.0, 48.0)
(167.0, 86.0, 18.0, 48.0)
(166.0, 87.0, 18.0, 48.0)
(165.0, 87.0, 18.0, 48.0)
(163.0, 88.0, 18.0, 48.0)
(161.0, 88.0, 18.0, 48.0)
(158.0, 88.0, 18.0, 48.0)
(153.0, 88.0, 18.0, 48.0)
(145.0, 89.0, 18.0, 48.0)
(139.0, 88.0, 18.0, 48.0)
(133.0, 88.0, 18.0, 48.0)
(130.0, 86.0, 18.0, 48.0)
(130.0, 84.0, 18.0, 48.0)
(130.0, 85.0, 18.0, 48.0)
(132.0, 84.0, 18.0, 48.0)
(137.0, 83.0, 18.0, 48.0)
(142.0, 82.0, 18.0, 48.0)
(146.0, 83.0, 18.0, 48.0)
(152.0, 82.0, 18.0, 48.0)
(158.0, 82.0, 18.0, 48.0)
(164.0, 80.0, 18.0, 48.0)
(170.0, 81.0, 18.0, 48.0)
(173.0, 82.0, 18.0, 48.0)
(177.0, 82.0, 18.0, 48.0)
(180.0, 82.0, 18.0, 48.0)
(180.0, 82.0, 18.0, 48.0)
(180.0, 82.0, 18.0, 48.0)
(179.0, 83.0, 18.0, 48.0)
(179.0, 84.0, 18.0, 48.0)
(178.0, 89.0, 18.0, 48.0)
(178.0, 89.0, 18.0, 48.0)
(179.0, 90.0, 18.0, 48.0)
(182.0, 88.0, 18.0, 48.0)
(183.0, 90.0, 18.0, 48.0)
(184.0, 92.0, 18.0, 48.0)
(187.0, 91.0, 18.0, 48.0)
(188.0, 93.0, 18.0, 48.0)
(191.0, 93.0, 18.0, 48.0)
(194.0, 92.0, 18.0, 48.0)
(196.0, 93.0, 18.0, 48.0)
(198.0, 94.0, 18.0, 48.0)
(199.0, 93.0, 18.0, 48.0)
(198.0, 92.0, 18.0, 48.0)
(197.0, 90.0, 18.0, 48.0)
(197.0, 88.0, 18.0, 48.0)
(196.0, 86.0, 18.0, 48.0)
(193.0, 84.0, 18.0, 48.0)
(188.0, 83.0, 18.0, 48.0)
(186.0, 82.0, 18.0, 48.0)
(185.0, 81.0, 18.0, 48.0)
(184.0, 80.0, 18.0, 48.0)
(182.0, 80.0, 18.0, 48.0)
(182.0, 79.0, 18.0, 48.0)
(180.0, 82.0, 18.0, 48.0)
(182.0, 78.0, 18.0, 48.0)
(181.0, 82.0, 18.0, 48.0)
(182.0, 81.0, 18.0, 48.0)
(183.0, 79.0, 18.0, 48.0)
(180.0, 80.0, 18.0, 48.0)
(177.0, 79.0, 18.0, 48.0)
(174.0, 79.0, 18.0, 48.0)
(172.0, 82.0, 18.0, 48.0)
(171.0, 79.0, 18.0, 48.0)
(169.0, 80.0, 18.0, 48.0)
(165.0, 80.0, 18.0, 48.0)
(162.0, 80.0, 18.0, 48.0)
(160.0, 80.0, 18.0, 48.0)
(157.0, 81.0, 18.0, 48.0)
(155.0, 81.0, 18.0, 48.0)
(154.0, 82.0, 18.0, 48.0)
(153.0, 84.0, 18.0, 48.0)
(159.0, 82.0, 18.0, 48.0)
(157.0, 84.0, 18.0, 48.0)
(156.0, 85.0, 18.0, 48.0)
(155.0, 86.0, 18.0, 48.0)
(149.0, 92.0, 18.0, 48.0)
(155.0, 92.0, 18.0, 48.0)
(161.0, 90.0, 18.0, 48.0)
(167.0, 89.0, 18.0, 48.0)
(173.0, 92.0, 18.0, 48.0)
(179.0, 90.0, 18.0, 48.0)
(183.0, 87.0, 18.0, 48.0)
(183.0, 87.0, 18.0, 48.0)
(189.0, 84.0, 18.0, 48.0)
(193.0, 83.0, 18.0, 48.0)
(198.0, 80.0, 18.0, 48.0)
(202.0, 79.0, 18.0, 48.0)
(205.0, 80.0, 18.0, 48.0)
(204.0, 81.0, 18.0, 48.0)
(200.0, 74.0, 18.0, 48.0)
(202.0, 82.0, 18.0, 48.0)
(204.0, 80.0, 18.0, 48.0)
(210.0, 77.0, 18.0, 48.0)
(216.0, 82.0, 18.0, 48.0)
(222.0, 67.0, 18.0, 48.0)
(214.0, 69.0, 18.0, 48.0)
(220.0, 54.0, 18.0, 48.0)
(223.0, 49.0, 18.0, 48.0)
(221.0, 48.0, 18.0, 48.0)
(213.0, 47.0, 18.0, 48.0)
(205.0, 46.0, 18.0, 48.0)
(204.0, 51.0, 18.0, 48.0)
(198.0, 41.0, 18.0, 48.0)
(192.0, 41.0, 18.0, 48.0)
(187.0, 42.0, 18.0, 48.0)
(181.0, 40.0, 18.0, 48.0)
(173.0, 38.0, 18.0, 48.0)
(166.0, 34.0, 18.0, 48.0)
(164.0, 37.0, 18.0, 48.0)
(156.0, 33.0, 18.0, 48.0)
(148.0, 37.0, 18.0, 48.0)
(141.0, 36.0, 18.0, 48.0)
(133.0, 37.0, 18.0, 48.0)
(127.0, 37.0, 18.0, 48.0)
(122.0, 38.0, 18.0, 48.0)
(124.0, 39.0, 18.0, 48.0)
(116.0, 40.0, 18.0, 48.0)
(119.0, 41.0, 18.0, 48.0)
(120.0, 41.0, 18.0, 48.0)
(122.0, 40.0, 18.0, 48.0)
(122.0, 40.0, 18.0, 48.0)
(119.0, 39.0, 18.0, 48.0)
(115.0, 38.0, 18.0, 48.0)
(107.0, 37.0, 18.0, 48.0)
(101.0, 36.0, 18.0, 48.0)
(97.0, 36.0, 18.0, 48.0)
(94.0, 36.0, 18.0, 48.0)
(95.0, 36.0, 18.0, 48.0)
(89.0, 37.0, 18.0, 48.0)
(82.0, 40.0, 18.0, 48.0)
(74.0, 43.0, 18.0, 48.0)
(66.0, 46.0, 18.0, 48.0)
(58.0, 49.0, 18.0, 48.0)
(50.0, 51.0, 18.0, 48.0)
(43.0, 52.0, 18.0, 48.0)
(39.0, 53.0, 18.0, 48.0)
(38.0, 54.0, 18.0, 48.0)
(38.0, 54.0, 18.0, 48.0)
(37.0, 54.0, 18.0, 48.0)
(36.0, 55.0, 18.0, 48.0)
(34.0, 55.0, 18.0, 48.0)
(35.0, 56.0, 18.0, 48.0)
(31.0, 56.0, 18.0, 48.0)
(30.0, 56.0, 18.0, 48.0)
(28.0, 56.0, 18.0, 48.0)
(25.0, 56.0, 18.0, 48.0)
(28.0, 56.0, 18.0, 48.0)
(21.0, 55.0, 18.0, 48.0)
(13.0, 55.0, 18.0, 48.0)
(9.0, 55.0, 18.0, 48.0)
(6.0, 55.0, 18.0, 48.0)
(6.0, 55.0, 18.0, 48.0)
(3.0, 55.0, 18.0, 48.0)
(1.0, 55.0, 18.0, 48.0)
(14.0, 56.0, 18.0, 48.0)
(20.0, 56.0, 18.0, 48.0)
(26.0, 56.0, 18.0, 48.0)
(24.0, 55.0, 18.0, 48.0)
(30.0, 54.0, 18.0, 48.0)
(22.0, 53.0, 18.0, 48.0)
(15.0, 53.0, 18.0, 48.0)
(8.0, 53.0, 18.0, 48.0)
(7.0, 53.0, 18.0, 48.0)
(4.0, 53.0, 18.0, 48.0)
(0.0, 52.0, 18.0, 48.0)
(1.0, 52.0, 18.0, 48.0)
(11.0, 39.0, 18.0, 48.0)
(15.0, 29.0, 18.0, 48.0)
(11.0, 30.0, 18.0, 48.0)
(5.0, 31.0, 18.0, 48.0)
(0.0, 32.0, 18.0, 48.0)
(14.0, 21.0, 18.0, 48.0)
(20.0, 26.0, 18.0, 48.0)
(21.0, 27.0, 18.0, 48.0)
(22.0, 27.0, 18.0, 48.0)
(22.0, 27.0, 18.0, 48.0)
(20.0, 27.0, 18.0, 48.0)
(18.0, 27.0, 18.0, 48.0)
(19.0, 27.0, 18.0, 48.0)
(20.0, 27.0, 18.0, 48.0)
(20.0, 27.0, 18.0, 48.0)
(15.0, 23.0, 18.0, 48.0)
(18.0, 27.0, 18.0, 48.0)
(16.0, 26.0, 18.0, 48.0)
(14.0, 26.0, 18.0, 48.0)
(13.0, 26.0, 18.0, 48.0)
(11.0, 26.0, 18.0, 48.0)
(9.0, 26.0, 18.0, 48.0)
(6.0, 26.0, 18.0, 48.0)
(3.0, 26.0, 18.0, 48.0)
(0.0, 26.0, 18.0, 48.0)
(0.0, 25.0, 18.0, 48.0)
(0.0, 25.0, 18.0, 48.0)
(3.0, 21.0, 18.0, 48.0)
(2.0, 22.0, 18.0, 48.0)
(0.0, 21.0, 18.0, 48.0)
(0.0, 22.0, 18.0, 48.0)
(0.0, 22.0, 18.0, 48.0)
(0.0, 22.0, 18.0, 48.0)
(13.0, 7.0, 18.0, 48.0)
(11.0, 7.0, 18.0, 48.0)
(9.0, 8.0, 18.0, 48.0)
(7.0, 9.0, 18.0, 48.0)
(4.0, 10.0, 18.0, 48.0)
(2.0, 11.0, 18.0, 48.0)
(0.0, 12.0, 18.0, 48.0)
(3.0, 17.0, 18.0, 48.0)
(0.0, 18.0, 18.0, 48.0)
(11.0, 24.0, 18.0, 48.0)
(8.0, 24.0, 18.0, 48.0)
(5.0, 25.0, 18.0, 48.0)
(2.0, 25.0, 18.0, 48.0)
(10.0, 37.0, 18.0, 48.0)
(7.0, 38.0, 18.0, 48.0)
(4.0, 38.0, 18.0, 48.0)
(1.0, 38.0, 18.0, 48.0)
(12.0, 24.0, 18.0, 48.0)
(9.0, 23.0, 18.0, 48.0)
(8.0, 23.0, 18.0, 48.0)
(9.0, 23.0, 18.0, 48.0)
(8.0, 23.0, 18.0, 48.0)
