(154, 94, 18, 48)
(170.4, 96.0, 24.0, 63.599999999999994)
(166.0, 105.0, 20.0, 53.0)
(168.0, 90.0, 24.0, 63.599999999999994)
(164.0, 100.0, 20.0, 53.0)
(168.0, 105.0, 20.0, 53.0)
(168.0, 100.0, 20.0, 53.0)
(172.0, 90.0, 20.0, 53.0)
(170.0, 90.0, 20.0, 53.0)
(172.0, 85.0, 20.0, 53.0)
(172.0, 95.0, 20.0, 53.0)
(172.0, 95.0, 20.0, 53.0)
(172.0, 95.0, 20.0, 53.0)
(174.0, 90.0, 20.0, 53.0)
(170.0, 90.0, 20.0, 53.0)
(170.0, 85.0, 20.0, 53.0)
(166.0, 85.0, 20.0, 53.0)
(158.4, 84.0, 24.0, 63.599999999999994)
(154.0, 95.0, 20.0, 53.0)
(148.0, 90.0, 20.0, 53.0)
(146.4, 90.0, 24.0, 63.599999999999994)
(146.0, 95.0, 20.0, 53.0)
(146.0, 95.0, 20.0, 53.0)
(146.0, 95.0, 20.0, 53.0)
(144.0, 90.0, 24.0, 63.599999999999994)
(146.4, 90.0, 24.0, 63.599999999999994)
(148.79999999999998, 102.0, 24.0, 63.599999999999994)
(151.2, 96.0, 24.0, 63.599999999999994)
(151.2, 96.0, 24.0, 63.599999999999994)
(151.2, 90.0, 24.0, 63.599999999999994)
(156.0, 102.0, 24.0, 63.599999999999994)
(158.4, 90.0, 24.0, 63.599999999999994)
(163.2, 96.0, 24.0, 63.599999999999994)
(165.6, 96.0, 24.0, 63.599999999999994)
(168.0, 96.0, 24.0, 63.599999999999994)
(168.0, 84.0, 24.0, 63.599999999999994)
(163.2, 78.0, 24.0, 63.599999999999994)
(168.0, 84.0, 24.0, 63.599999999999994)
(168.0, 96.0, 24.0, 63.599999999999994)
(168.0, 96.0, 24.0, 63.599999999999994)
(170.4, 96.0, 24.0, 63.599999999999994)
(169.92, 86.39999999999999, 28.799999999999997, 76.32)
(169.92, 86.39999999999999, 28.799999999999997, 76.32)
(172.79999999999998, 96.0, 24.0, 63.599999999999994)
(172.79999999999998, 102.0, 24.0, 63.599999999999994)
(170.4, 84.0, 24.0, 63.599999999999994)
(172.79999999999998, 84.0, 24.0, 63.599999999999994)
(180.0, 90.0, 24.0, 63.599999999999994)
(177.6, 84.0, 24.0, 63.599999999999994)
(177.6, 84.0, 24.0, 63.599999999999994)
(177.6, 84.0, 24.0, 63.599999999999994)
(177.6, 84.0, 24.0, 63.599999999999994)
(180.0, 96.0, 24.0, 63.599999999999994)
(180.0, 96.0, 24.0, 63.599999999999994)
(177.6, 96.0, 24.0, 63.599999999999994)
(169.92, 100.8, 28.799999999999997, 76.32)
(169.92, 93.6, 28.799999999999997, 76.32)
(164.16, 86.39999999999999, 28.799999999999997, 76.32)
(155.51999999999998, 93.6, 28.799999999999997, 76.32)
(156.0, 85.0, 20.0, 53.0)
(141.12, 93.6, 28.799999999999997, 76.32)
(134.784, 77.75999999999999, 34.559999999999995, 91.58399999999999)
(129.6, 72.0, 28.799999999999997, 76.32)
(132.48, 72.0, 28.799999999999997, 76.32)
(135.35999999999999, 72.0, 28.799999999999997, 76.32)
(146.88, 79.2, 28.799999999999997, 76.32)
(152.64, 79.2, 28.799999999999997, 76.32)
(158.4, 93.6, 28.799999999999997, 76.32)
(164.16, 93.6, 28.799999999999997, 76.32)
(169.92, 86.39999999999999, 28.799999999999997, 76.32)
(178.0, 100.0, 20.0, 53.0)
(184.0, 100.0, 20.0, 53.0)
(179.712, 77.75999999999999, 34.559999999999995, 91.58399999999999)
(186.62399999999997, 60.47999999999999, 34.559999999999995, 91.58399999999999)
(187.2, 72.0, 28.799999999999997, 76.32)
(187.2, 72.0, 28.799999999999997, 76.32)
(193.53599999999997, 69.11999999999999, 34.559999999999995, 91.58399999999999)
(183.16799999999998, 77.75999999999999, 34.559999999999995, 91.58399999999999)
(183.16799999999998, 77.75999999999999, 34.559999999999995, 91.58399999999999)
(183.16799999999998, 77.75999999999999, 34.559999999999995, 91.58399999999999)
(183.16799999999998, 77.75999999999999, 34.559999999999995, 91.58399999999999)
(196.0, 110.0, 20.0, 53.0)
(198.0, 115.0, 20.0, 53.0)
(187.2, 93.6, 28.799999999999997, 76.32)
(192.0, 105.0, 20.0, 53.0)
(204.0, 110.0, 20.0, 53.0)
(200.44799999999998, 86.39999999999999, 34.559999999999995, 91.58399999999999)
(203.90399999999997, 69.11999999999999, 34.559999999999995, 91.58399999999999)
(212.0, 110.0, 20.0, 53.0)
(213.6, 114.0, 24.0, 63.599999999999994)
(216.0, 114.0, 24.0, 63.599999999999994)
(216.0, 114.0, 24.0, 63.599999999999994)
(218.0, 115.0, 20.0, 53.0)
(216.0, 110.0, 20.0, 53.0)
(216.0, 102.0, 24.0, 63.599999999999994)
(211.50719999999998, 72.576, 41.471999999999994, 109.90079999999999)
(199.0656, 51.839999999999996, 41.471999999999994, 109.90079999999999)
(203.90399999999997, 69.11999999999999, 34.559999999999995, 91.58399999999999)
(203.90399999999997, 69.11999999999999, 34.559999999999995, 91.58399999999999)
(201.6, 79.2, 28.799999999999997, 76.32)
(204.0, 95.0, 20.0, 53.0)
(196.99199999999996, 77.75999999999999, 34.559999999999995, 91.58399999999999)
(196.79999999999998, 90.0, 24.0, 63.599999999999994)
(300.67199999999997, 34.559999999999995, 34.559999999999995, 91.58399999999999)
(198.0, 95.0, 20.0, 53.0)
(199.2, 90.0, 24.0, 63.599999999999994)
(201.6, 90.0, 24.0, 63.599999999999994)
(199.2, 96.0, 24.0, 63.599999999999994)
(184.32, 64.8, 28.799999999999997, 76.32)
(181.44, 64.8, 28.799999999999997, 76.32)
(194.0, 90.0, 20.0, 53.0)
(180.0, 72.0, 24.0, 63.599999999999994)
(178.56, 64.8, 28.799999999999997, 76.32)
(183.16799999999998, 77.75999999999999, 34.559999999999995, 91.58399999999999)
(168.0, 72.0, 24.0, 63.599999999999994)
(178.0, 90.0, 20.0, 53.0)
(176.0, 90.0, 20.0, 53.0)
(174.0, 95.0, 20.0, 53.0)
(158.4, 72.0, 24.0, 63.599999999999994)
(158.97599999999997, 60.47999999999999, 34.559999999999995, 91.58399999999999)
(152.06399999999996, 69.11999999999999, 34.559999999999995, 91.58399999999999)
(152.64, 79.2, 28.799999999999997, 76.32)
(280.68249599999996, 44.78975999999999, 59.71967999999998, 158.25715199999996)
(268.73855999999995, 29.85983999999999, 59.71967999999998, 158.25715199999996)
(258.78527999999994, 62.207999999999984, 49.76639999999999, 131.88095999999996)
(145.152, 72.576, 41.471999999999994, 109.90079999999999)
(155.51999999999998, 79.2, 28.799999999999997, 76.32)
(164.16, 86.39999999999999, 28.799999999999997, 76.32)
(161.74079999999998, 10.367999999999999, 41.471999999999994, 109.90079999999999)
(157.59359999999998, 10.367999999999999, 41.471999999999994, 109.90079999999999)
(153.44639999999998, 10.367999999999999, 41.471999999999994, 109.90079999999999)
(148.60799999999998, 0.0, 34.559999999999995, 91.58399999999999)
(145.152, 0.0, 34.559999999999995, 91.58399999999999)
(274.0, 100.0, 20.0, 53.0)
(184.32, 93.6, 28.799999999999997, 76.32)
(128.5632, 0.0, 41.471999999999994, 109.90079999999999)
(132.7104, 0.0, 41.471999999999994, 109.90079999999999)
(224.63999999999996, 77.75999999999999, 34.559999999999995, 91.58399999999999)
(120.2688, 0.0, 41.471999999999994, 109.90079999999999)
(116.1216, 0.0, 41.471999999999994, 109.90079999999999)
(99.5328, 0.0, 41.471999999999994, 109.90079999999999)
(78.79679999999999, 10.367999999999999, 41.471999999999994, 109.90079999999999)
(62.208, 10.367999999999999, 41.471999999999994, 109.90079999999999)
(49.7664, 10.367999999999999, 41.471999999999994, 109.90079999999999)
(33.1776, 10.367999999999999, 41.471999999999994, 109.90079999999999)
(16.5888, 10.367999999999999, 41.471999999999994, 109.90079999999999)
(4.1472, 20.735999999999997, 41.471999999999994, 109.90079999999999)
(257.1264, 20.735999999999997, 41.471999999999994, 109.90079999999999)
(170.0, 80.0, 20.0, 53.0)
(90.0, 115.0, 20.0, 53.0)
(152.06399999999996, 77.75999999999999, 34.559999999999995, 91.58399999999999)
(152.64, 100.8, 28.799999999999997, 76.32)
(196.99199999999996, 112.31999999999998, 34.559999999999995, 91.58399999999999)
(254.0, 120.0, 20.0, 53.0)
(203.2128, 10.367999999999999, 41.471999999999994, 109.90079999999999)
(199.0656, 0.0, 41.471999999999994, 109.90079999999999)
(186.624, 0.0, 41.471999999999994, 109.90079999999999)
(189.6, 24.0, 24.0, 63.599999999999994)
(184.79999999999998, 24.0, 24.0, 63.599999999999994)
(175.68, 21.599999999999998, 28.799999999999997, 76.32)
(21.599999999999998, 90.0, 24.0, 63.599999999999994)
(12.0, 90.0, 24.0, 63.599999999999994)
(146.88, 21.599999999999998, 28.799999999999997, 76.32)
(138.24, 14.399999999999999, 28.799999999999997, 76.32)
(126.72, 14.399999999999999, 28.799999999999997, 76.32)
(46.0, 30.0, 20.0, 53.0)
(44.0, 30.0, 20.0, 53.0)
(103.67999999999999, 14.399999999999999, 28.799999999999997, 76.32)
(97.92, 14.399999999999999, 28.799999999999997, 76.32)
(89.856, 8.639999999999999, 34.559999999999995, 91.58399999999999)
(150.0, 85.0, 20.0, 53.0)
(142.0, 90.0, 20.0, 53.0)
(69.12, 21.599999999999998, 28.799999999999997, 76.32)
(126.0, 100.0, 20.0, 53.0)
(4.1472, 93.312, 41.471999999999994, 109.90079999999999)
(0.0, 93.312, 41.471999999999994, 109.90079999999999)
(88.0, 0.0, 20.0, 53.0)
(82.0, 0.0, 20.0, 53.0)
(102.0, 90.0, 20.0, 53.0)
(24.191999999999997, 8.639999999999999, 34.559999999999995, 91.58399999999999)
(82.0, 95.0, 20.0, 53.0)
(74.0, 100.0, 20.0, 53.0)
(67.2, 108.0, 24.0, 63.599999999999994)
(54.0, 105.0, 20.0, 53.0)
(50.0, 105.0, 20.0, 53.0)
(134.4, 90.0, 24.0, 63.599999999999994)
(55.199999999999996, 114.0, 24.0, 63.599999999999994)
(58.0, 120.0, 20.0, 53.0)
(151.2, 96.0, 24.0, 63.599999999999994)
(151.2, 96.0, 24.0, 63.599999999999994)
(156.0, 96.0, 24.0, 63.599999999999994)
(158.4, 96.0, 24.0, 63.599999999999994)
(160.0, 105.0, 20.0, 53.0)
(162.0, 105.0, 20.0, 53.0)
(160.79999999999998, 102.0, 24.0, 63.599999999999994)
(36.0, 114.0, 24.0, 63.599999999999994)
(34.56, 115.19999999999999, 28.799999999999997, 76.32)
(28.799999999999997, 115.19999999999999, 28.799999999999997, 76.32)
(162.0, 95.0, 20.0, 53.0)
(20.16, 115.19999999999999, 28.799999999999997, 76.32)
(17.28, 115.19999999999999, 28.799999999999997, 76.32)
(166.0, 100.0, 20.0, 53.0)
(164.0, 100.0, 20.0, 53.0)
(160.0, 100.0, 20.0, 53.0)
(158.0, 100.0, 20.0, 53.0)
(160.0, 100.0, 20.0, 53.0)
(164.0, 105.0, 20.0, 53.0)
(188.0, 75.0, 20.0, 53.0)
(166.0, 90.0, 20.0, 53.0)
(162.20463613284326, 89.15146276924658, 20.132002758727523, 53.349807310627945)
(160.79999999999998, 90.0, 24.0, 63.599999999999994)
(162.0, 95.0, 20.0, 53.0)
(160.0, 100.0, 20.0, 53.0)
(160.0, 100.0, 20.0, 53.0)
(153.6, 90.0, 24.0, 63.599999999999994)
(154.0, 100.0, 20.0, 53.0)
(156.0, 105.0, 20.0, 53.0)
(156.0, 105.0, 20.0, 53.0)
(154.0, 105.0, 20.0, 53.0)
(321.59999999999997, 78.0, 24.0, 63.599999999999994)
(314.4, 78.0, 24.0, 63.599999999999994)
(314.4, 78.0, 24.0, 63.599999999999994)
(319.2, 72.0, 24.0, 63.599999999999994)
(319.2, 72.0, 24.0, 63.599999999999994)
(319.2, 66.0, 24.0, 63.599999999999994)
(319.2, 66.0, 24.0, 63.599999999999994)
(314.4, 54.0, 24.0, 63.599999999999994)
(316.8, 66.0, 24.0, 63.599999999999994)
(180.0, 75.0, 20.0, 53.0)
(130.0, 75.0, 20.0, 53.0)
(316.0, 65.0, 20.0, 53.0)
(316.0, 55.0, 20.0, 53.0)
(180.0, 95.0, 20.0, 53.0)
(180.0, 95.0, 20.0, 53.0)
(182.0, 100.0, 20.0, 53.0)
(184.0, 100.0, 20.0, 53.0)
(308.0, 65.0, 20.0, 53.0)
(182.0, 95.0, 20.0, 53.0)
(302.0, 65.0, 20.0, 53.0)
(298.0, 65.0, 20.0, 53.0)
(184.0, 100.0, 20.0, 53.0)
(184.0, 100.0, 20.0, 53.0)
(294.0, 65.0, 20.0, 53.0)
(293.9863700145591, 64.50473899805426, 20.089119101741176, 53.23616561961412)
(194.0, 100.0, 20.0, 53.0)
(324.0, 75.0, 20.0, 53.0)
(324.0, 75.0, 20.0, 53.0)
(290.0, 60.0, 20.0, 53.0)
(288.0, 60.0, 20.0, 53.0)
(286.0, 60.0, 20.0, 53.0)
(284.0, 60.0, 20.0, 53.0)
(204.0, 90.0, 20.0, 53.0)
(204.0, 90.0, 20.0, 53.0)
(276.0, 55.0, 20.0, 53.0)
(274.0, 65.0, 20.0, 53.0)
(270.0, 70.0, 20.0, 53.0)
(268.0, 60.0, 20.0, 53.0)
(264.0, 70.0, 20.0, 53.0)
(260.0, 70.0, 20.0, 53.0)
(256.0, 70.0, 20.0, 53.0)
(254.0, 70.0, 20.0, 53.0)
(250.0, 70.0, 20.0, 53.0)
(246.0, 75.0, 20.0, 53.0)
(244.0, 70.0, 20.0, 53.0)
(238.0, 80.0, 20.0, 53.0)
(234.0, 80.0, 20.0, 53.0)
(232.0, 80.0, 20.0, 53.0)
(230.0, 80.0, 20.0, 53.0)
(230.39999999999998, 84.0, 24.0, 63.599999999999994)
(114.0, 85.0, 20.0, 53.0)
(112.0, 85.0, 20.0, 53.0)
