(336, 165, 25, 60)
(337.0, 164.0, 25.0, 60.0)
(339.0, 164.0, 25.0, 60.0)
(339.0, 163.0, 25.0, 60.0)
(335.0, 167.0, 25.0, 60.0)
(335.0, 170.0, 25.0, 60.0)
(335.0, 155.0, 25.0, 60.0)
(335.0, 155.0, 25.0, 60.0)
(323.0, 171.0, 25.0, 60.0)
(329.0, 187.0, 25.0, 60.0)
(311.0, 170.0, 25.0, 60.0)
(310.0, 149.0, 25.0, 60.0)
(306.0, 149.0, 25.0, 60.0)
(294.0, 146.0, 25.0, 60.0)
(290.0, 146.0, 25.0, 60.0)
(286.0, 144.0, 25.0, 60.0)
(278.0, 143.0, 25.0, 60.0)
(272.0, 140.0, 25.0, 60.0)
(266.0, 140.0, 25.0, 60.0)
(264.0, 135.0, 25.0, 60.0)
(258.0, 135.0, 25.0, 60.0)
(250.0, 133.0, 25.0, 60.0)
(244.0, 130.0, 25.0, 60.0)
(240.0, 127.0, 25.0, 60.0)
(232.0, 123.0, 25.0, 60.0)
(226.0, 124.0, 25.0, 60.0)
(221.0, 119.0, 25.0, 60.0)
(213.0, 118.0, 25.0, 60.0)
(204.0, 115.0, 25.0, 60.0)
(198.0, 113.0, 25.0, 60.0)
(193.0, 112.0, 25.0, 60.0)
(189.0, 109.0, 25.0, 60.0)
(179.0, 104.0, 25.0, 60.0)
(173.0, 104.0, 25.0, 60.0)
(169.0, 103.0, 25.0, 60.0)
(163.0, 101.0, 25.0, 60.0)
(151.0, 98.0, 25.0, 60.0)
(145.0, 95.0, 25.0, 60.0)
(143.0, 94.0, 25.0, 60.0)
(133.0, 93.0, 25.0, 60.0)
(125.0, 91.0, 25.0, 60.0)
(119.0, 86.0, 25.0, 60.0)
(111.0, 84.0, 25.0, 60.0)
(103.0, 82.0, 25.0, 60.0)
(95.0, 81.0, 25.0, 60.0)
(87.0, 79.0, 25.0, 60.0)
(79.0, 76.0, 25.0, 60.0)
(71.0, 76.0, 25.0, 60.0)
(63.0, 75.0, 25.0, 60.0)
(55.0, 72.0, 25.0, 60.0)
(47.0, 71.0, 25.0, 60.0)
(33.0, 65.0, 25.0, 60.0)
(26.0, 64.0, 25.0, 60.0)
(21.0, 62.0, 25.0, 60.0)
(15.0, 61.0, 25.0, 60.0)
(3.0, 58.0, 25.0, 60.0)
(11.0, 37.0, 25.0, 60.0)
(32.0, 50.0, 25.0, 60.0)
(25.0, 47.0, 25.0, 60.0)
(10.0, 46.0, 25.0, 60.0)
(1.0, 43.0, 25.0, 60.0)
(0.0, 42.0, 25.0, 60.0)
(1.0, 30.0, 25.0, 60.0)
(11.0, 17.0, 25.0, 60.0)
(0.0, 16.0, 25.0, 60.0)
(17.0, 20.0, 25.0, 60.0)
(11.0, 41.0, 25.0, 60.0)
(1.0, 38.0, 25.0, 60.0)
(0.0, 50.0, 25.0, 60.0)
(11.0, 37.0, 25.0, 60.0)
(3.0, 38.0, 25.0, 60.0)
(0.0, 36.0, 25.0, 60.0)
(1.0, 40.0, 25.0, 60.0)
(15.0, 26.0, 25.0, 60.0)
(0.0, 19.0, 25.0, 60.0)
(2.0, 13.0, 25.0, 60.0)
(1.0, 20.0, 25.0, 60.0)
(16.0, 12.0, 25.0, 60.0)
(2.0, 32.0, 25.0, 60.0)
(0.0, 12.0, 25.0, 60.0)
(0.0, 3.0, 25.0, 60.0)
(0.0, 10.0, 25.0, 60.0)
(0.0, 0.0, 25.0, 60.0)
(0.0, 0.0, 25.0, 60.0)
(0.0, 0.0, 25.0, 60.0)
(0.0, 0.0, 25.0, 60.0)
(0.0, 0.0, 25.0, 60.0)
(0.0, 12.0, 25.0, 60.0)
(0.0, 32.0, 25.0, 60.0)
(0.0, 33.0, 25.0, 60.0)
(1.0, 51.0, 25.0, 60.0)
(1.0, 52.0, 25.0, 60.0)
(1.0, 51.0, 25.0, 60.0)
(1.0, 50.0, 25.0, 60.0)
(1.0, 50.0, 25.0, 60.0)
(1.0, 50.0, 25.0, 60.0)
(1.0, 50.0, 25.0, 60.0)
(1.0, 27.0, 25.0, 60.0)
(1.0, 22.0, 25.0, 60.0)
(1.0, 22.0, 25.0, 60.0)
(1.0, 19.0, 25.0, 60.0)
(1.0, 13.0, 25.0, 60.0)
(1.0, 10.0, 25.0, 60.0)
(1.0, 8.0, 25.0, 60.0)
(1.0, 3.0, 25.0, 60.0)
(0.0, 0.0, 25.0, 60.0)
(1.0, 7.0, 25.0, 60.0)
(19.0, 0.0, 25.0, 60.0)
(29.0, 0.0, 25.0, 60.0)
(39.0, 0.0, 25.0, 60.0)
(37.0, 0.0, 25.0, 60.0)
(37.0, 0.0, 25.0, 60.0)
(37.0, 0.0, 25.0, 60.0)
(59.0, 0.0, 25.0, 60.0)
(38.0, 0.0, 25.0, 60.0)
(60.0, 0.0, 25.0, 60.0)
(60.0, 0.0, 25.0, 60.0)
(78.0, 0.0, 25.0, 60.0)
(93.0, 0.0, 25.0, 60.0)
(86.0, 0.0, 25.0, 60.0)
(93.0, 0.0, 25.0, 60.0)
(93.0, 0.0, 25.0, 60.0)
(93.0, 0.0, 25.0, 60.0)
(88.0, 0.0, 25.0, 60.0)
(93.0, 0.0, 25.0, 60.0)
(96.0, 0.0, 25.0, 60.0)
(98.0, 0.0, 25.0, 60.0)
(93.0, 0.0, 25.0, 60.0)
(81.0, 0.0, 25.0, 60.0)
(93.0, 0.0, 25.0, 60.0)
(87.0, 0.0, 25.0, 60.0)
(87.0, 1.0, 25.0, 60.0)
(86.0, 6.0, 25.0, 60.0)
(93.0, 0.0, 25.0, 60.0)
(93.0, 0.0, 25.0, 60.0)
(93.0, 0.0, 25.0, 60.0)
(92.0, 0.0, 25.0, 60.0)
(85.0, 0.0, 25.0, 60.0)
(91.0, 1.0, 25.0, 60.0)
(93.0, 0.0, 25.0, 60.0)
(91.0, 3.0, 25.0, 60.0)
(93.0, 0.0, 25.0, 60.0)
(96.0, 0.0, 25.0, 60.0)
(85.0, 0.0, 25.0, 60.0)
(93.0, 0.0, 25.0, 60.0)
(95.0, 0.0, 25.0, 60.0)
(93.0, 0.0, 25.0, 60.0)
(93.0, 0.0, 25.0, 60.0)
(86.0, 0.0, 25.0, 60.0)
(91.0, 1.0, 25.0, 60.0)
(86.0, 0.0, 25.0, 60.0)
(93.0, 0.0, 25.0, 60.0)
(93.0, 0.0, 25.0, 60.0)
(93.0, 0.0, 25.0, 60.0)
(93.0, 0.0, 25.0, 60.0)
(88.0, 1.0, 25.0, 60.0)
(93.0, 0.0, 25.0, 60.0)
(94.0, 0.0, 25.0, 60.0)
(88.0, 0.0, 25.0, 60.0)
(86.0, 0.0, 25.0, 60.0)
(88.0, 1.0, 25.0, 60.0)
(93.0, 0.0, 25.0, 60.0)
(93.0, 0.0, 25.0, 60.0)
(93.0, 0.0, 25.0, 60.0)
(88.0, 0.0, 25.0, 60.0)
(88.0, 1.0, 25.0, 60.0)
(88.0, 0.0, 25.0, 60.0)
(87.0, 0.0, 25.0, 60.0)
(87.0, 0.0, 25.0, 60.0)
(87.0, 0.0, 25.0, 60.0)
(88.0, 0.0, 25.0, 60.0)
(88.0, 1.0, 25.0, 60.0)
(86.0, 0.0, 25.0, 60.0)
(88.0, 0.0, 25.0, 60.0)
(88.0, 0.0, 25.0, 60.0)
(86.0, 0.0, 25.0, 60.0)
(88.0, 0.0, 25.0, 60.0)
(88.0, 1.0, 25.0, 60.0)
(78.0, 0.0, 25.0, 60.0)
(88.0, 0.0, 25.0, 60.0)
(88.0, 0.0, 25.0, 60.0)
(88.0, 2.0, 25.0, 60.0)
(76.0, 0.0, 25.0, 60.0)
(88.0, 0.0, 25.0, 60.0)
(86.0, 0.0, 25.0, 60.0)
(93.0, 0.0, 25.0, 60.0)
(93.0, 0.0, 25.0, 60.0)
(88.0, 2.0, 25.0, 60.0)
(93.0, 0.0, 25.0, 60.0)
(93.0, 0.0, 25.0, 60.0)
(93.0, 0.0, 25.0, 60.0)
(86.0, 0.0, 25.0, 60.0)
(89.0, 0.0, 25.0, 60.0)
(88.0, 0.0, 25.0, 60.0)
(78.0, 1.0, 25.0, 60.0)
(93.0, 0.0, 25.0, 60.0)
(89.0, 0.0, 25.0, 60.0)
(85.0, 0.0, 25.0, 60.0)
(78.0, 0.0, 25.0, 60.0)
(86.0, 0.0, 25.0, 60.0)
(93.0, 0.0, 25.0, 60.0)
(93.0, 0.0, 25.0, 60.0)
(93.0, 0.0, 25.0, 60.0)
(93.0, 0.0, 25.0, 60.0)
(93.0, 0.0, 25.0, 60.0)
(93.0, 0.0, 25.0, 60.0)
(93.0, 0.0, 25.0, 60.0)
(88.0, 1.0, 25.0, 60.0)
(92.0, 0.0, 25.0, 60.0)
(92.0, 0.0, 25.0, 60.0)
(93.0, 0.0, 25.0, 60.0)
(95.0, 0.0, 25.0, 60.0)
(93.0, 0.0, 25.0, 60.0)
(92.0, 0.0, 25.0, 60.0)
(95.0, 0.0, 25.0, 60.0)
(92.0, 0.0, 25.0, 60.0)
(87.0, 0.0, 25.0, 60.0)
(93.0, 0.0, 25.0, 60.0)
(95.0, 0.0, 25.0, 60.0)
(93.0, 0.0, 25.0, 60.0)
(95.0, 0.0, 25.0, 60.0)
(93.0, 0.0, 25.0, 60.0)
(83.0, 0.0, 25.0, 60.0)
(95.0, 0.0, 25.0, 60.0)
(93.0, 0.0, 25.0, 60.0)
(92.0, 0.0, 25.0, 60.0)
(93.0, 0.0, 25.0, 60.0)
(93.0, 0.0, 25.0, 60.0)
(94.0, 2.0, 25.0, 60.0)
(93.0, 0.0, 25.0, 60.0)
(87.0, 0.0, 25.0, 60.0)
(102.0, 0.0, 25.0, 60.0)
(87.0, 1.0, 25.0, 60.0)
(93.0, 0.0, 25.0, 60.0)
(87.0, 0.0, 25.0, 60.0)
(93.0, 0.0, 25.0, 60.0)
(88.0, 1.0, 25.0, 60.0)
(86.0, 0.0, 25.0, 60.0)
(88.0, 0.0, 25.0, 60.0)
(69.0, 0.0, 25.0, 60.0)
(88.0, 1.0, 25.0, 60.0)
(106.0, 0.0, 25.0, 60.0)
(88.0, 1.0, 25.0, 60.0)
(88.0, 0.0, 25.0, 60.0)
(88.0, 0.0, 25.0, 60.0)
(88.0, 0.0, 25.0, 60.0)
(86.0, 0.0, 25.0, 60.0)
(88.0, 0.0, 25.0, 60.0)
(93.0, 0.0, 25.0, 60.0)
(93.0, 0.0, 25.0, 60.0)
(93.0, 0.0, 25.0, 60.0)
(88.0, 0.0, 25.0, 60.0)
(88.0, 0.0, 25.0, 60.0)
(88.0, 0.0, 25.0, 60.0)
(88.0, 1.0, 25.0, 60.0)
(88.0, 0.0, 25.0, 60.0)
(88.0, 0.0, 25.0, 60.0)
(88.0, 0.0, 25.0, 60.0)
(88.0, 0.0, 25.0, 60.0)
(104.0, 1.0, 25.0, 60.0)
(93.0, 0.0, 25.0, 60.0)
(93.0, 0.0, 25.0, 60.0)
(93.0, 0.0, 25.0, 60.0)
(93.0, 0.0, 25.0, 60.0)
(93.0, 0.0, 25.0, 60.0)
(69.0, 3.0, 25.0, 60.0)
(47.0, 1.0, 25.0, 60.0)
(25.0, 6.0, 25.0, 60.0)
(17.0, 2.0, 25.0, 60.0)
(1.0, 3.0, 25.0, 60.0)
(0.0, 7.0, 25.0, 60.0)
(16.0, 0.0, 25.0, 60.0)
(31.0, 0.0, 25.0, 60.0)
(25.0, 1.0, 25.0, 60.0)
(1.0, 0.0, 25.0, 60.0)
(0.0, 14.0, 25.0, 60.0)
(0.0, 0.0, 25.0, 60.0)
(1.0, 0.0, 25.0, 60.0)
(0.0, 17.0, 25.0, 60.0)
(0.0, 28.0, 25.0, 60.0)
(0.0, 43.0, 25.0, 60.0)
(0.0, 65.0, 25.0, 60.0)
(0.0, 88.0, 25.0, 60.0)
(11.0, 106.0, 25.0, 60.0)
(0.0, 109.0, 25.0, 60.0)
(14.0, 126.0, 25.0, 60.0)
(2.0, 128.0, 25.0, 60.0)
(0.0, 104.0, 25.0, 60.0)
(1.0, 80.0, 25.0, 60.0)
(0.0, 58.0, 25.0, 60.0)
(0.0, 36.0, 25.0, 60.0)
(0.0, 20.0, 25.0, 60.0)
(12.0, 0.0, 25.0, 60.0)
(0.0, 19.0, 25.0, 60.0)
(0.0, 32.0, 25.0, 60.0)
(0.0, 56.0, 25.0, 60.0)
(0.0, 72.0, 25.0, 60.0)
(2.0, 81.0, 25.0, 60.0)
(0.0, 72.0, 25.0, 60.0)
(1.0, 85.0, 25.0, 60.0)
(0.0, 92.0, 25.0, 60.0)
(1.0, 111.0, 25.0, 60.0)
(0.0, 132.0, 25.0, 60.0)
(0.0, 125.0, 25.0, 60.0)
(0.0, 137.0, 25.0, 60.0)
(1.0, 161.0, 25.0, 60.0)
(0.0, 160.0, 25.0, 60.0)
(0.0, 170.0, 25.0, 60.0)
(1.0, 192.0, 25.0, 60.0)
(0.0, 198.0, 25.0, 60.0)
(0.0, 200.0, 25.0, 60.0)
(0.0, 221.0, 25.0, 60.0)
(0.0, 223.0, 25.0, 60.0)
(0.0, 224.0, 25.0, 60.0)
(0.0, 224.0, 25.0, 60.0)
(0.0, 225.0, 25.0, 60.0)
(0.0, 228.0, 25.0, 60.0)
(0.0, 227.0, 25.0, 60.0)
(0.0, 230.0, 25.0, 60.0)
(0.0, 231.0, 25.0, 60.0)
(0.0, 234.0, 25.0, 60.0)
(1.0, 234.0, 25.0, 60.0)
(0.0, 237.0, 25.0, 60.0)
(0.0, 239.0, 25.0, 60.0)
(0.0, 240.0, 25.0, 60.0)
(1.0, 247.0, 25.0, 60.0)
(0.0, 245.0, 25.0, 60.0)
(0.0, 247.0, 25.0, 60.0)
(0.0, 249.0, 25.0, 60.0)
(0.0, 252.0, 25.0, 60.0)
(19.0, 242.0, 25.0, 60.0)
(0.0, 256.0, 25.0, 60.0)
(0.0, 256.0, 25.0, 60.0)
(0.0, 259.0, 25.0, 60.0)
(0.0, 266.0, 25.0, 60.0)
(0.0, 266.0, 25.0, 60.0)
(0.0, 269.0, 25.0, 60.0)
(0.0, 270.0, 25.0, 60.0)
(0.0, 273.0, 25.0, 60.0)
(0.0, 277.0, 25.0, 60.0)
(0.0, 283.0, 25.0, 60.0)
(1.0, 284.0, 25.0, 60.0)
(0.0, 286.0, 25.0, 60.0)
(0.0, 288.0, 25.0, 60.0)
(0.0, 292.0, 25.0, 60.0)
(0.0, 296.0, 25.0, 60.0)
(0.0, 299.0, 25.0, 60.0)
(0.0, 299.0, 25.0, 60.0)
(0.0, 297.0, 25.0, 60.0)
(0.0, 299.0, 25.0, 60.0)
