(257, 163, 57, 36)
(256.66606528810325, 163.04848926476217, 56.412010048793526, 35.628637925553804)
(256.16834030564894, 163.02938859096494, 55.9700210488584, 35.34948697822635)
(255.76130775531348, 162.98214101741326, 55.58611862023241, 35.10702228646257)
(255.38789607029037, 162.97871269013302, 55.11522958793486, 34.80961868711675)
(255.13657548563532, 163.02684409076824, 54.62037319865124, 34.49707780967446)
(254.75191484596965, 163.01608388490826, 54.344284321732594, 34.32270588741005)
(254.41138232558745, 162.99711345879516, 54.09279321015324, 34.16386939588625)
(254.07786160486762, 163.04701101013126, 53.62500799143661, 33.868426099854695)
(253.58192461230536, 162.96134919554422, 53.42718471093615, 33.74348508059125)
(253.36428187100682, 162.96918280381024, 53.03217844548634, 33.494007439254524)
(253.0421047006608, 162.97212539186987, 52.623233835983086, 33.23572663325247)
(252.7597537858793, 163.02373158451815, 52.18994982570232, 32.96207357412777)
(252.2669210162427, 162.9650262359987, 51.936021859116174, 32.801698016283886)
(252.0102615196351, 162.91847147683367, 51.624023469518875, 32.60464640180138)
(251.66849185634894, 162.79524824248642, 51.565680471872454, 32.567798192761536)
(251.4303787878479, 162.68431304199606, 51.37903429442139, 32.44991639647665)
(251.1601506301511, 162.5979972280169, 51.21145227973687, 32.34407512404432)
(250.70515175126636, 162.42659470572374, 51.08055648281884, 32.26140409441189)
(250.4776649094384, 162.37452213492904, 50.80347450241225, 32.08640494889193)
(250.09280886767135, 162.16605567002188, 50.843389222665124, 32.11161424589375)
(249.93923388104278, 162.16564024235475, 50.4145162467035, 31.84074710318114)
(249.64372280091715, 162.05234022423264, 50.25724739132975, 31.741419405050348)
(249.2436421757887, 161.97877663348538, 50.15466816307108, 31.676632524044873)
(249.12462346826294, 161.94957201778448, 49.83551563671634, 31.475062507399773)
(248.88106520351596, 161.89219092931765, 49.62622103339778, 31.34287644214595)
(248.56947862360965, 161.78516605812683, 49.60486294321038, 31.329387122027587)
(248.33730549326793, 161.63958285175661, 49.549800024206306, 31.294610541603962)
(248.0246350229614, 161.60065040217157, 49.1670843241944, 31.052895362649075)
(247.73768397559894, 161.42283291810546, 49.11342294235683, 31.019003963593768)
(247.55933522469226, 161.3014989105427, 48.9711580418264, 30.929152447469285)
(247.37577346271146, 161.1671819392372, 48.84722321617863, 30.850877820744376)
(246.9787492769596, 161.0745879736472, 48.77823447830738, 30.80730598629938)
(246.8377622762688, 161.0322482961961, 48.504010359571794, 30.634111806045322)
(246.53096961729622, 160.94468568345684, 48.25480270876694, 30.476717500273836)
(246.2529471588033, 160.90237405876724, 47.869838104268396, 30.233581960590545)
(246.01869810172593, 160.8084666888882, 47.79375003678249, 30.185526339020498)
(245.7690407636619, 160.69926514141537, 47.68697035255902, 30.118086538458307)
(245.51781350494483, 160.5226630042795, 47.65347516296192, 30.096931681870664)
(245.36075729779682, 160.39107439801745, 47.5549899210079, 30.034730476426024)
(245.27880327215485, 160.27007921313418, 47.43184963244814, 29.956957662598803)
(245.1452403691604, 160.20984663632007, 47.34622275289015, 29.902877528141122)
(244.95621095042475, 160.17773990845083, 47.24127988137707, 29.836597819817072)
(244.78018163526707, 160.11417373158213, 47.21327259372365, 29.818909006562283)
(244.58248423473094, 160.04065402517855, 46.937860510030305, 29.644964532650693)
(244.24035704876476, 159.91422831852495, 46.86900208899392, 29.601475003575086)
(244.11719236192462, 159.8304690901691, 46.77121525173671, 29.53971489583369)
(243.91580794083418, 159.76779389273082, 46.748431725753484, 29.52532530047586)
(243.74148554507082, 159.68534245555767, 46.763122659858396, 29.534603785173697)
(243.51903274769498, 159.67137986179975, 46.66054290304755, 29.469816570345795)
(243.31514117262242, 159.54012065900926, 46.73385339694269, 29.51611793491115)
(243.12590783589644, 159.44881114052197, 46.688339357504, 29.487372225791976)
(242.98995332734418, 159.3187568866368, 46.66416683163974, 29.47210536735139)
(243.01101024876473, 159.34179190541846, 46.49134620168927, 29.36295549580372)
(242.9654129351862, 159.25795916542808, 46.44042046751819, 29.330791874221987)
(242.93884011256134, 159.22235180294788, 46.08853681589293, 29.10854956793235)
(242.8340555316429, 159.13556145907833, 46.06988026972204, 29.096766486140208)
(242.68004198334012, 159.02944366217537, 46.06183680968693, 29.091686406118033)
(242.4996453437956, 158.90643237225333, 46.10066963955723, 29.116212403930856)
(242.3519630657879, 158.82556956863704, 46.222938492447625, 29.193434837335314)
(242.21266489255945, 158.6942122423556, 46.25097026370924, 29.2111391139216)
(242.14499469590524, 158.63548115675286, 46.22072227811142, 29.19203512301771)
(242.0673842019492, 158.53953640000782, 46.20174893008593, 29.180051955843716)
(241.8938518479755, 158.4312516836926, 46.328903970064616, 29.26036040214605)
(241.65608925143192, 158.3544589250923, 46.34947310846428, 29.273351436924784)
(241.4859346423944, 158.21953426376143, 46.4081050804456, 29.31038215607088)
(241.34395139338002, 158.10395120897687, 46.345330855818084, 29.27073527735876)
(241.30357548467998, 158.0432229096807, 46.18282705798378, 29.168101299779202)
(241.16022074813205, 157.98020752225776, 46.11193155061091, 29.123325189859496)
(240.983412655149, 157.84004908609023, 46.14261072485822, 29.142701510436744)
(240.89611767993566, 157.72099514551036, 46.254944815909916, 29.21364935741676)
(240.84543679170835, 157.62258955060202, 46.266981641192665, 29.221251562858498)
(240.7114241999979, 157.5832405142154, 46.36090404141041, 29.280570973522334)
(240.59552294390096, 157.49266879418457, 46.38475977626061, 29.295637753427727)
(240.4257660445699, 157.36760474111713, 46.45355213937582, 29.33908556171102)
(240.37094876853482, 157.24782319876934, 46.29902653519598, 29.241490443281645)
(240.3256662650947, 157.1836936325804, 46.20694383699808, 29.183332949682974)
(240.14888228966686, 157.11164116855605, 46.14355011793193, 29.143294811325408)
(240.04995512427718, 156.96795839674743, 46.106556426250336, 29.119930374473874)
(239.840893449773, 156.85830248179536, 46.26540243150869, 29.220254167268624)
(239.72737984037204, 156.72724174308655, 46.32421675968563, 29.257400058748797)
(239.5677679223275, 156.63478237970605, 46.391304365305906, 29.29977117808792)
(239.36043669323678, 156.52574073352662, 46.52752444067489, 29.38580490989991)
(239.35536807318152, 156.54160656138234, 46.35986627062917, 29.279915539344717)
(239.2731808529579, 156.438557004068, 46.38395140443577, 29.295127202801517)
(239.29140046190122, 156.37381716120183, 46.213784159205346, 29.187653153182303)
(239.23795025803707, 156.29776578989822, 46.25365270658207, 29.212833288367605)
(239.14073604498978, 156.17380550130216, 46.28481208970794, 29.232512898762888)
(239.01837947666456, 156.10987107816376, 46.321196979288054, 29.25549282902401)
(238.9092058410961, 155.96557783269373, 46.323632385190585, 29.257030980120348)
(238.8695571734101, 155.869531400178, 46.26763003794542, 29.221661076597087)
(238.76553980705978, 155.7490997326866, 46.32849375013828, 29.26010131587679)
(238.70909587157627, 155.66243999639852, 46.39987771485525, 29.30518592517172)
(238.54613571973917, 155.65392954482704, 46.48142851169356, 29.356691691595913)
(238.47844987125583, 155.60712174999958, 46.48227872428522, 29.357228667969597)
(238.3901195294318, 155.5375683286728, 46.54921345578488, 29.399503235232537)
(238.26624328696363, 155.42880830516083, 46.67173705888523, 29.47688656350644)
(238.26176666816957, 155.39194824570663, 46.6394915660046, 29.456520989055516)
(238.21885530780838, 155.29650623315942, 46.71916499473479, 29.50684104930616)
(238.1856102669605, 155.21541302607991, 46.687541062758655, 29.486868039637024)
(238.14401982547685, 155.07921945623252, 46.60885671135098, 29.4371726598006)
(238.15707727444882, 154.9852717310047, 46.4930811688758, 29.36405126455311)
(238.13579448629986, 154.88396745336416, 46.48883278032994, 29.36136807178731)
(238.11552667719656, 154.86196246964388, 46.441050527442805, 29.33118980680596)
(238.11460263863034, 154.78751829633478, 46.50448307723152, 29.371252469830413)
(238.04150420770887, 154.7059617189724, 46.62870728282446, 29.44970986283648)
(238.02252676455356, 154.61800647012925, 46.66776080194754, 29.47437524333527)
(237.98411394829876, 154.61880228190253, 46.702350106332155, 29.49622111978871)
(237.93752174774443, 154.59442146953555, 46.705385581659556, 29.498138262100756)
(237.91866975714169, 154.56304393121695, 46.688829308958795, 29.487681668816066)
(237.9264131716459, 154.52846323387053, 46.76455952096605, 29.5355112763996)
(237.83398652468932, 154.4455712493772, 46.79871701409792, 29.557084429956568)
(237.83142249432865, 154.41666593456057, 46.80772080724112, 29.562771036152274)
(237.78047229946526, 154.34937879977022, 46.93150230048354, 29.640948821358013)
(237.77137796404415, 154.32398249175958, 46.93205181116951, 29.641295880738628)
(237.7878466253811, 154.30674446290004, 46.92343699826124, 29.635854946270246)
(237.82316255815707, 154.32959857895426, 46.858313555560855, 29.59472435088053)
(237.83196379995445, 154.30923177227285, 46.8734259157161, 29.604268999399633)
(237.8379318365526, 154.29549922749067, 46.8638091784573, 29.598195270604606)
(237.902649961976, 154.30582091875314, 46.79845984167301, 29.556922005267154)
(237.8959313616948, 154.29566842542175, 46.7551343469229, 29.529558534898666)
(237.8717248310296, 154.24197291510032, 46.77016117778456, 29.539049164916555)
(237.93927953952624, 154.25474547282064, 46.62974170219752, 29.45036318033527)
(237.97740854291217, 154.23511132107345, 46.58571025792566, 29.42255384711094)
(237.91654083952278, 154.174770592545, 46.663866563141966, 29.47191572408966)
(237.89911124264435, 154.1353903140221, 46.71157365728944, 29.50204652039333)
(237.91488290756268, 154.14291076239363, 46.699500542296526, 29.494421395134644)
(238.00885989353569, 154.13482963465083, 46.57032342581927, 29.412835847885848)
(238.0214849534261, 154.11994609221833, 46.6243884915853, 29.44698220521176)
(238.05196546059955, 154.12573306524195, 46.607754259464954, 29.436476374398907)
(238.00038926758478, 154.12884933671268, 46.63018765135388, 29.450644832434016)
(238.06822798184038, 154.15905574454433, 46.55743746893642, 29.404697348801935)
(238.06172259802545, 154.14001836372003, 46.601728754144425, 29.4326707920912)
(238.02177121233655, 154.10613176691982, 46.65105291224094, 29.463822891941636)
(238.06404096482913, 154.1343471037634, 46.55595432522456, 29.403760626457608)
(238.0809156640988, 154.10588528887985, 46.522433808521164, 29.382589773802827)
(238.07220161689906, 154.09922000441796, 46.49408553573309, 29.364685601515625)
(238.0247549277697, 154.0745613237528, 46.564778474538755, 29.409333773392888)
(238.01862423223335, 154.07287372163773, 46.55717292225205, 29.404530266685494)
(238.06131413943197, 154.10509764123356, 46.47716420160481, 29.353998443118815)
(238.0311619568034, 154.0676865909077, 46.55596221920569, 29.4037656121299)
(238.03070025992034, 154.0547723603979, 46.53160179949527, 29.388380083891736)
(238.03929082918856, 154.07875829225273, 46.483140143380716, 29.357772722135174)
(238.04434968846732, 154.08627601559346, 46.467040979510685, 29.34760482916463)
(238.06056787873604, 154.08583110448748, 46.50162120053575, 29.36944496875941)
(238.05142465048888, 154.0934946086147, 46.51557416093628, 29.37825736480185)
(238.11313044486258, 154.1317358735851, 46.39167429093889, 29.30000481532981)
(238.07685323316335, 154.14160063240703, 46.37063130222799, 29.286714506670297)
(238.04744978411065, 154.12267827776273, 46.40648898158337, 29.309361462052642)
(238.00419396185043, 154.1039615557267, 46.4452711339163, 29.333855452999757)
(237.97661991462357, 154.08543287794996, 46.47710379868254, 29.353960293904752)
(237.96744938427182, 154.0968340053933, 46.44841727149544, 29.335842487260262)
(237.9651190176914, 154.07498488522265, 46.45689270192192, 29.341195390687513)
(237.8760872867921, 154.04921327059012, 46.53855113442361, 29.392769137530685)
(237.93297305521727, 154.09382618613847, 46.44624871378421, 29.334472871863696)
(237.89844025674893, 154.1038337852041, 46.50737974040842, 29.373081941310563)
(237.819405188476, 154.07080075007676, 46.57557560937613, 29.416153016448067)
(237.7586246640993, 154.0564737515395, 46.616112488207634, 29.44175525571007)
(237.71626643335384, 154.07862640679235, 46.63738290477668, 29.455189203016836)
(237.67288026544, 154.0715147905133, 46.69406490857312, 29.490988363309324)
(237.52313894429068, 154.02254261718463, 46.813387028410844, 29.566349702154206)
(237.55410860001174, 154.03960798928065, 46.77683834196868, 29.543266321243365)
(237.50441369369497, 154.04978105240664, 46.79792004913352, 29.556581083663268)
(237.44534062559214, 154.020396679419, 46.91667653690166, 29.63158518120104)
(237.35281659035596, 153.97704014570283, 47.05991552534276, 29.72205191074279)
(237.3111706060142, 153.96655516134882, 47.070697728401306, 29.72886172320082)
(237.26139231201537, 153.96591088443384, 47.09646281249269, 29.745134407890113)
(237.1985533092449, 153.9731494912367, 47.1224398902993, 29.76154098334692)
(237.08878289103794, 153.9148039218017, 47.34469679116632, 29.901913762841883)
(236.98067295706238, 153.84323288362884, 47.53973745989869, 30.025097343093904)
(236.88927139271684, 153.84532244223914, 47.59888336202729, 30.06245264970144)
(236.849804805473, 153.84483915050126, 47.71367469081176, 30.134952436302157)
(236.80182527274997, 153.84507956486695, 47.69107296524227, 30.12067766225827)
(236.7195471203014, 153.83066709892904, 47.702019040647215, 30.12759097304034)
(236.50859359480847, 153.78203444467036, 47.87148468538303, 30.2346219065577)
(236.39626744445823, 153.7457081835939, 47.95868581420852, 30.28969630371064)
(236.33821356299785, 153.73554307538126, 47.97889208787151, 30.30245816076095)
(236.18080803394454, 153.7233322334298, 48.06549269675937, 30.35715328216381)
(236.07763198833314, 153.708377059012, 48.15020172157592, 30.410653718890053)
(235.93257528171247, 153.67560580921992, 48.3208998516141, 30.518463064177325)
(235.83091027412783, 153.7080928832228, 48.394438607017776, 30.564908593905965)
(235.55265512567664, 153.67910981493188, 48.62105388438889, 30.708034032245617)
(235.49167980764128, 153.7250127165808, 48.65541907124088, 30.729738360783713)
(235.25181013102514, 153.65035452187175, 48.93368137369192, 30.905482972858053)
(235.1165847385091, 153.5704028232576, 49.168548662630236, 31.05382020797699)
(234.87381645844704, 153.55927214375498, 49.35576063779343, 31.17205935018532)
(234.61765302023846, 153.5133844476095, 49.626388295460586, 31.342982081343525)
(234.46005349553496, 153.4711197627022, 49.8169535558051, 31.4633390878769)
(234.13914129398654, 153.34464799267613, 50.191016728433155, 31.69958951269462)
(233.8593121191768, 153.27037012080822, 50.56418215813078, 31.935272941977328)
(233.57213340224493, 153.21405913968883, 50.97496537324451, 32.194714972575476)
(233.32553870745332, 153.1556461187904, 51.26435837610901, 32.37748950070042)
(233.013686728294, 153.07448190878273, 51.63531575239638, 32.61177836993455)
(232.38300487505867, 152.9393875040975, 52.349987564335756, 33.063150040633104)
(231.9548193237859, 152.81673027475745, 52.9610583739126, 33.44908949931322)
(231.58562996990526, 152.66767573988466, 53.54381269202545, 33.81714485812133)
(231.03094804458982, 152.42816767048313, 54.43155789031253, 34.37782603598686)
(230.49533697578772, 152.2265876758316, 55.21893603377612, 34.87511749501649)
(230.01966327662572, 152.04524739312689, 55.83401023874076, 35.26358541394153)
(229.53688267105488, 151.91855477805933, 56.41028922331991, 35.62755108841257)
(229.16325870923737, 151.78136955921613, 56.92950980320492, 35.95547987570836)
(228.49871203059877, 151.55027698689338, 57.80007654915405, 36.505311504728866)
(227.7233273212102, 151.3150359720925, 58.80665651480613, 37.141046219877545)
(227.13677085349823, 151.13778845203467, 59.50299332718322, 37.58083789085255)
(226.6524408028058, 150.96752192883315, 60.23556944419304, 38.04351754370086)
(226.1556504448547, 150.78295094592283, 61.0050595839234, 38.529511316162136)
(225.72325403415888, 150.5606333012564, 61.814981799846315, 39.04104113674503)
(225.25444618866462, 150.3823580491268, 62.530856768178566, 39.49317269569171)
(224.7985167967683, 150.2414909455278, 63.130398657439954, 39.87183073101469)
(224.30743938261426, 150.0338822764733, 63.8357590521543, 40.31732150662375)
(223.53133730734731, 149.77744185702016, 64.93947687456316, 41.014406447092504)
(222.93002284351422, 149.6006431377777, 65.65077279441684, 41.463645975421144)
(222.30785632215463, 149.40821803295313, 66.41594934299542, 41.94691537452341)
(221.49750541621995, 149.15138299198247, 67.42935135017726, 42.58695874748035)
(220.7267185890008, 148.94641976879328, 68.37467256320934, 43.1840037241322)
(220.09102780501433, 148.65277113964927, 69.31127629915105, 43.77554292577958)
(219.46494038206757, 148.38534786389013, 70.20102438723204, 44.33748908667284)
(219.08224749623943, 148.20193165264135, 70.88587427021645, 44.77002585487352)
(218.57841284355237, 147.9968015726034, 71.60991320449679, 45.227313602840056)
(218.15961743620693, 147.82169563662166, 72.32198522035961, 45.6770432970692)
(217.6782758991854, 147.6496649265877, 73.03062471530112, 46.124605083348044)
(217.14529769274023, 147.43377224177078, 73.75753083522265, 46.58370368540375)
(216.64162923999766, 147.23774740638322, 74.40311236961404, 46.99143939133515)
(215.93232559891817, 146.9626570734995, 75.3563265853668, 47.593469422336895)
(215.594329493077, 146.83533135014548, 75.86993476384598, 47.91785353506059)
(215.27130184330113, 146.7312240208925, 76.33004645988211, 48.20845039571499)
(214.67923210493373, 146.57710014162345, 77.10116103427316, 48.695470126909335)
(214.54644712431997, 146.53626171302653, 77.2705395892507, 48.80244605636884)
(214.33727589147344, 146.45933818125133, 77.60154074635, 49.01149941874734)
(213.8654491549633, 146.30381205495422, 78.28475720765152, 49.44300455220094)
(213.54049878752986, 146.19207927701825, 78.71523655579968, 49.71488624576819)
(213.1550638280757, 146.0730218637898, 79.27828176767676, 50.07049374800634)
(212.6838089170198, 145.8692126739741, 80.02273250775724, 50.54067316279401)
(212.39745326388135, 145.76100356671847, 80.39540108942481, 50.77604279332089)
(211.93473364781133, 145.58248977831033, 81.13218065359608, 51.241377254902744)
(211.72064699536543, 145.51050716830545, 81.46251460301914, 51.450009222959416)
(211.42823225193834, 145.43048260044813, 81.86054599417018, 51.70139747000218)
(210.84396066228197, 145.1740467043905, 82.82315655629544, 52.309362035554976)
(210.59967156543405, 145.18558093305685, 82.98672254296001, 52.41266686923785)
(210.57099813228905, 145.22748742609315, 82.97467243659376, 52.405056275743384)
(210.31211623419205, 145.15671956456887, 83.2789810325925, 52.59725117847943)
(209.931590741378, 145.01740407034092, 83.70912991861124, 52.86892415912284)
(209.53178750291718, 144.901548855024, 84.22255780666563, 53.19319440420983)
(209.3170421781914, 144.88412886310735, 84.4662879580703, 53.34712923667593)
(208.78266366516368, 144.71001775763423, 85.12162335326641, 53.761025275747166)
(208.2547223908174, 144.5261968024447, 85.63670390000587, 54.086339305266826)
(207.87292046240682, 144.36786337207315, 86.15070448534262, 54.41097125390056)
(207.7392656768826, 144.27447363988148, 86.33573866576603, 54.52783494679956)
(207.48953856375704, 144.1621770692304, 86.65242311662652, 54.72784617892198)
(207.07606118578832, 143.94796708796605, 87.34964764795461, 55.16819851449762)
(206.83873877906507, 143.93957079074073, 87.42692307663549, 55.21700404840133)
(206.71826107411914, 143.9671136900584, 87.56692633808983, 55.30542716089881)
(206.60472372723277, 143.93323243011085, 87.66469805334697, 55.36717771790331)
(206.278274782499, 143.78891890174486, 88.17904613812698, 55.69202913986963)
(206.26612008184537, 143.835608511036, 88.16649030505923, 55.68409914003737)
(206.16188122390304, 143.8318783205346, 88.37447973969391, 55.8154608882277)
(205.93179201883044, 143.83808221190836, 88.48942804730007, 55.88805981934737)
(205.5165542484158, 143.72916877400462, 88.88481447680121, 56.137777564295455)
(205.26567650778196, 143.65048138055744, 89.28909681353761, 56.39311377697108)
(205.13040663965572, 143.61822425797132, 89.36899323924324, 56.443574677416734)
(204.800695001976, 143.5313963011041, 89.74875342866517, 56.683423218104274)
(204.4147009611419, 143.4239386357942, 90.09998040193494, 56.905250780169396)
(204.29609885285143, 143.3954235783994, 90.14669389585963, 56.93475403949025)
(204.12137950466547, 143.35831268841642, 90.44864724066905, 57.12546141515936)
(203.99944611696952, 143.34829222722152, 90.54285581293598, 57.184961566064786)
(203.68385911832132, 143.23684748128767, 91.0801272223417, 57.52429087726839)
(203.68068093032485, 143.31148470057218, 90.90511763153778, 57.41375850412907)
(203.45493915797704, 143.23705348919214, 91.33554404732718, 57.685606766732896)
(203.10784949362534, 143.22854276393755, 91.61080858110867, 57.85945805122647)
(203.02199942942892, 143.28022087923125, 91.56351456887654, 57.82958814876407)
(202.95910004181837, 143.35432230424368, 91.53605406675386, 57.812244673739215)
(202.68250638620978, 143.32665763639733, 91.83382450785388, 58.00031021548659)
(202.30601745860218, 143.2831127142683, 92.1429852243972, 58.195569615408694)
(202.2152995545085, 143.27084106385183, 92.19832239977205, 58.230519410382286)
(201.98242083967511, 143.23390654376175, 92.53267113803261, 58.441687034546845)
(201.68398173033341, 143.2253507274022, 92.70266947390351, 58.54905440457057)
(201.5226256248332, 143.2733198590641, 92.87441122591954, 58.65752287952806)
(201.3218770795629, 143.289849078879, 92.94262584575701, 58.70060579732014)
(201.1376193934445, 143.29381384183012, 93.1303550851813, 58.819171632746)
(201.00218858157282, 143.28611969844098, 93.27704068353405, 58.91181516854775)
(200.80676059162917, 143.1852383628413, 93.63133660482761, 59.135581013575255)
(200.5559939247232, 143.0959929730931, 94.02450201871768, 59.38389601182161)
(200.04556086705867, 142.8778951735669, 94.84691232349984, 59.90331304642087)
(199.85409754240877, 142.828654350258, 95.1766468341278, 60.111566421554315)
(199.6092420301649, 142.75037498736467, 95.48464093967023, 60.30608901452848)
(199.40887730663954, 142.78990309706452, 95.65069021093967, 60.410962238488125)
(199.2794475269419, 142.78894001007725, 95.78862386701465, 60.49807823179864)
(199.22927865257776, 142.83857893235384, 95.76402265089916, 60.48254062162044)
(199.1532289234758, 142.81592770927588, 95.90885892550934, 60.57401616347949)
(199.0807076536195, 142.85655781109566, 95.91776254920633, 60.5796395047618)
(198.95910894138234, 142.83193083350673, 95.99729420219629, 60.62987002243967)
(198.71094245694124, 142.71737622576043, 96.39240036443783, 60.87941075648696)
(198.1380595084427, 142.4576929316018, 97.33436987471619, 61.474338868241716)
(197.66238124547175, 142.21202112108645, 98.18065437917366, 62.008834344741175)
(197.3029525903824, 142.0926538660629, 98.72525631825862, 62.352793464163256)
(196.98302618907042, 141.96228087730253, 99.17376390603886, 62.63606141434025)
(196.74923226319868, 141.97192240440924, 99.42568403317294, 62.79516886305651)
(196.58392394686547, 141.94971865795043, 99.59205506037061, 62.90024530128662)
(196.01708556813338, 141.64871909494366, 100.56783386861605, 63.516526653862684)
(195.7789324214055, 141.66286940888318, 100.97321731050934, 63.77255830137424)
(195.33334982311248, 141.4861437892633, 101.6409633176422, 64.19429262166868)
(194.90321122053135, 141.26162977245528, 102.4728439163592, 64.71969089454257)
(194.41828332829863, 141.09098365738765, 103.15967968129337, 65.15348190397468)
(193.93766221217317, 140.92342342083083, 103.70843106881776, 65.5000617276743)
(193.61252232428512, 140.79402775536164, 104.14432485826569, 65.77536306837825)
(193.27819567154927, 140.65410933514073, 104.56377162076866, 66.04027681311698)
(192.9859953414179, 140.51615326597675, 105.05170621657825, 66.34844603152303)
(192.8851152938268, 140.48241865519861, 105.16203564769796, 66.41812777749337)
(192.53681178956433, 140.29710225098515, 105.75988777341041, 66.79571859373281)
(192.1413323591152, 140.17994391980923, 106.21564155618363, 67.0835630881159)
(191.87349530502172, 140.08678529415644, 106.47488744171439, 67.247297331609)
(191.27169874882003, 139.7866006874744, 107.49857943107087, 67.89383964067625)
(190.8729157640206, 139.59390089346658, 108.10159584012288, 68.2746921095512)
(190.81066768643535, 139.54832700225734, 108.24939216619177, 68.3680371575947)
(190.66947026908747, 139.50838257049486, 108.43135365127819, 68.48296020080717)
(190.64299934962463, 139.524908980941, 108.47971785348513, 68.51350601272735)
(190.6062836582903, 139.47097808031313, 108.53962994904441, 68.55134523097531)
(190.60751022876624, 139.45388110048728, 108.50841399070971, 68.53162988886919)
(190.5669855198693, 139.481495551149, 108.51011770537859, 68.53270591918638)
(190.53028199914837, 139.45659134164453, 108.65766720287515, 68.6258950755)
(190.4965069069231, 139.4577768585409, 108.67362742150537, 68.63597521358224)
(190.3631956656651, 139.41713730158787, 108.73242519699012, 68.67311065073051)
(190.27488543742118, 139.3590310382418, 108.81964440836074, 68.72819646843827)
(190.16751943451536, 139.32924543194005, 109.04290607725834, 68.86920383826833)
(190.14208475198572, 139.36123777343244, 109.12748210735667, 68.92262027833044)
(190.01663294975273, 139.31205081653795, 109.24175851455705, 68.9947948512991)
(189.82692310807363, 139.28962530335164, 109.47792868619652, 69.14395495970298)
(189.77386723998313, 139.28209924097519, 109.58286549561967, 69.21023083933866)
(189.64607660851115, 139.252327221828, 109.71893992262615, 69.29617258271118)
(189.6471503628543, 139.2979987328461, 109.61794597839298, 69.23238693372181)
(189.6358188949821, 139.2665166957001, 109.60290444636392, 69.2228870187561)
(189.58110072420303, 139.23218070962724, 109.71765084651584, 69.29535842937835)
(189.54224741067625, 139.26748835165967, 109.62294841595218, 69.23554636796973)
(189.66520688022808, 139.28431137665726, 109.52191167899694, 69.171733691998)
(189.68406034520956, 139.2707266118131, 109.48290775196372, 69.14709963281912)
(189.6706402190886, 139.21244083507202, 109.65629341436188, 69.25660636696533)
(189.70190495969848, 139.23664496272488, 109.5704179858765, 69.20236925423772)
(189.67756728587509, 139.25678100245855, 109.48747101907014, 69.14998169625476)
(189.5220207112244, 139.266536344805, 109.64309236661369, 69.24826886312437)
(189.61812898151993, 139.2922840409086, 109.54657895102261, 69.18731302169843)
(189.6015325398034, 139.29574459545154, 109.59867747410412, 69.2202173520657)
(189.66634668608498, 139.3260914507665, 109.48433848818158, 69.14800325569357)
(189.5150673193284, 139.29294057912253, 109.67503503907757, 69.26844318257524)
(189.56078063864732, 139.31893305665085, 109.53227783403347, 69.17828073728423)
(189.5085164754513, 139.26325396794545, 109.60908094069896, 69.22678796254664)
(189.58482825404883, 139.2449390238617, 109.62917161690231, 69.23947681067507)
(189.64044973236759, 139.28059922382985, 109.52934223448361, 69.17642667441062)
(189.6129297183395, 139.26527087101442, 109.5314952996491, 69.17778650504145)
(189.67198995962846, 139.2673005820269, 109.42318621843837, 69.10938076953995)
(189.66413045859463, 139.23751425075613, 109.55609272050609, 69.1933217182143)
(189.69047968600165, 139.28979718693918, 109.44522776178579, 69.1233017442857)
(189.765655820846, 139.30444716483635, 109.33616577530019, 69.05442048966322)
(189.79389890226847, 139.2726773725882, 109.3876050274943, 69.0869084384174)
(189.7703248206895, 139.23170598833948, 109.40010048069135, 69.09480030359448)
(189.71041639212643, 139.17916121962122, 109.5808914589112, 69.20898407931227)
(189.73238188611444, 139.20240105194154, 109.5514868381227, 69.1904127398669)
(189.8609801731916, 139.22530996187186, 109.44086619170278, 69.1205470684438)
(189.77621596870966, 139.18559231142092, 109.51244843367441, 69.1657569054785)
(189.88471962393336, 139.25671091444252, 109.35232588885201, 69.06462687716962)
(189.80329071699495, 139.2491929105641, 109.35289122226008, 69.0649839298484)
(189.8110008165504, 139.3083074422426, 109.33573152119604, 69.05414622391321)
(189.75456778519214, 139.2815445367466, 109.35979143156882, 69.06934195678022)
(189.80111911715375, 139.32498185773468, 109.30428642389563, 69.03428616246032)
(189.68245791996858, 139.23533288808466, 109.4141521532269, 69.10367504414322)
(189.71716433987876, 139.23741670800428, 109.36897027043781, 69.07513911817117)
(189.70671798209762, 139.2197608033006, 109.46969697037508, 69.13875598128944)
(189.7643950095643, 139.25963367354683, 109.37039516153546, 69.07603904939073)
(189.6966141714101, 139.2653701589889, 109.47244853706266, 69.1404938128816)
(189.6972413815216, 139.25812806312388, 109.437350122699, 69.1183263932835)
(189.711247010286, 139.24912254638133, 109.48886767376395, 69.15086379395609)
(189.66730423893037, 139.23619674460204, 109.50549467155334, 69.16136505571781)
(189.72658669531626, 139.22977570220223, 109.48934675096906, 69.151166369033)
(189.64926682885837, 139.18663523684273, 109.62494351513482, 69.23680643061138)
(189.63067577402114, 139.17789628706683, 109.5912027732468, 69.21549648836633)
