(257, 163, 57, 36)
(259.2, 169.34399999999997, 53.56799999999999, 34.559999999999995)
(259.0313816270905, 169.46677346027008, 52.795739675506375, 34.06176753258476)
(258.5915813887322, 169.3399087041247, 52.69279620691058, 33.995352391555215)
(258.2303903118133, 169.2448381453483, 52.45198255996707, 33.839988748365855)
(259.2, 172.79999999999998, 44.64, 28.799999999999997)
(259.2, 165.88799999999998, 53.56799999999999, 34.559999999999995)
(259.2, 165.88799999999998, 53.56799999999999, 34.559999999999995)
(258.62206764862066, 165.87513610662646, 53.237170366821175, 34.346561526981404)
(248.83199999999997, 172.79999999999998, 53.56799999999999, 34.559999999999995)
(254.88, 175.68, 44.64, 28.799999999999997)
(261.0, 176.0, 31.0, 20.0)
(261.0, 178.0, 31.0, 20.0)
(260.6382518736254, 178.03207471086972, 30.344956213686668, 19.577391105604303)
(258.0, 174.0, 31.0, 20.0)
(258.0, 174.0, 31.0, 20.0)
(257.5605570910918, 173.92568816667907, 30.68253572016015, 19.795184335587194)
(257.0659645431135, 173.8339292690891, 30.47781212471044, 19.66310459658738)
(261.0, 174.0, 31.0, 20.0)
(261.0, 174.0, 31.0, 20.0)
(255.0, 170.0, 31.0, 20.0)
(255.0, 170.0, 31.0, 20.0)
(254.6943484682546, 169.8377500592192, 30.769506188490848, 19.851294315155386)
(254.32292654905416, 169.77080623817508, 30.591329519079153, 19.736341625212354)
(255.0, 170.0, 31.0, 20.0)
(258.0, 172.0, 31.0, 20.0)
(257.7413959625718, 171.88512470666802, 30.71776959829394, 19.817915869867058)
(257.22575466734264, 171.76900022326038, 30.658231876252227, 19.779504436291756)
(256.77612688011357, 171.72719156784672, 30.42961879836657, 19.632012127978427)
(255.0, 172.0, 31.0, 20.0)
(249.0, 168.0, 31.0, 20.0)
(248.63827091688813, 167.8246014287068, 30.83387076387999, 19.89281984766451)
(252.0, 170.0, 31.0, 20.0)
(251.75627304736292, 169.90715037125102, 30.60445829980539, 19.74481180632606)
(252.0, 170.0, 31.0, 20.0)
(251.54710376194677, 169.69385200887317, 31.234558345247066, 20.151327964675527)
(251.23568131593055, 169.63458976224666, 30.941677529271704, 19.962372599530134)
(251.00508280166636, 169.6708003036992, 30.48960551483136, 19.670713235375075)
(250.65422606508784, 169.49067205024568, 30.40935182490245, 19.61893666122739)
(250.3382491656468, 169.33940466426557, 30.215103231206427, 19.493614987875116)
(250.10373125068952, 169.20255334910917, 30.112300682214713, 19.42729076271917)
(249.81569504282365, 169.05777607900794, 29.905169972946457, 19.29365804706223)
(249.44404517903865, 168.9799887858087, 29.767183079422715, 19.20463424478885)
(249.0, 168.0, 31.0, 20.0)
(249.0, 168.0, 31.0, 20.0)
(248.74210901425914, 167.82060690955856, 30.836887928512986, 19.89476640549225)
(248.41875024084783, 167.71607642176673, 30.747368903069987, 19.837012195529024)
(248.12837831803373, 167.6784860076969, 30.51608577115909, 19.687797271715542)
(247.98887731865878, 167.722298051951, 30.092481568737142, 19.41450423789493)
(243.64799999999997, 158.97599999999997, 53.56799999999999, 34.559999999999995)
(243.59471552401402, 158.8653757342114, 53.5450523504094, 34.54519506478026)
(246.0, 166.0, 31.0, 20.0)
(246.0, 166.0, 31.0, 20.0)
(246.0, 166.0, 31.0, 20.0)
(245.8816928285389, 165.88372946670162, 30.74009334682847, 19.832318288276433)
(245.6625629763235, 165.8230810075953, 30.524071435048324, 19.692949312934402)
(245.39649524287296, 165.6717756922265, 30.53930016366813, 19.70277429914073)
(245.2094460810742, 165.6433212119739, 30.253608448203167, 19.518457063356884)
(245.0060943897126, 165.51492877516424, 30.066165102410764, 19.397525872523076)
(244.76216631331397, 165.29204491901368, 30.05547084016894, 19.39062634849609)
(244.51283440952812, 165.1246122875862, 29.94446973074842, 19.31901272951511)
(244.3223946119158, 164.9612838084216, 29.912843222457486, 19.29860853061773)
(241.92, 161.28, 44.64, 28.799999999999997)
(241.81191248380156, 161.20952434454563, 44.646702376146884, 28.804324113643148)
(241.68592054893878, 161.15391090732945, 44.527958706809976, 28.72771529471611)
(241.47418822489755, 161.08155580096718, 44.52161378457993, 28.723621796503174)
(241.35938891449598, 161.01452603149818, 44.38225488585179, 28.6337128295818)
(241.20607069223476, 160.85760402444456, 44.36503879131175, 28.622605671814025)
(240.94566124295312, 160.72835722122858, 44.38842116643752, 28.637691075120973)
(52.254719999999985, 114.46271999999998, 77.13791999999998, 49.76639999999999)
(52.31091633827623, 114.49148314446501, 77.0640328776467, 49.71873088880432)
(111.6, 134.4, 37.199999999999996, 24.0)
(108.0, 132.0, 37.199999999999996, 24.0)
(108.03239177435512, 132.0198268503904, 37.15433571398508, 23.970539170312954)
(108.05369968953293, 132.03705191190886, 37.10027579183256, 23.9356618011823)
(108.07878769517382, 132.03917945508317, 37.095052173128906, 23.9322917245993)
(108.09107608937151, 132.06119229808243, 37.04218558981165, 23.898184251491394)
(108.13091100247925, 132.0779018619511, 36.96839039738522, 23.850574449925954)
(108.12489223013245, 132.06545811013459, 36.99409981707883, 23.867161172308933)
(108.13187385447375, 132.08039619619842, 36.96091812357203, 23.845753628110995)
(108.1287148217456, 132.0710986186161, 37.03782334723144, 23.895369901439643)
(108.12071547129636, 132.06657443263765, 36.99950838846196, 23.87065057320127)
(108.17343410507203, 132.0735338519681, 36.956624526672314, 23.842983565595045)
(108.16458952209081, 132.0890976830242, 36.93995089966604, 23.83222638688132)
(108.15280330316297, 132.08180475322195, 36.965018698849825, 23.84839916054828)
(108.1522923309784, 132.08220850006103, 36.93396666860961, 23.828365592651366)
(108.13265290173753, 132.07663742132638, 36.98356809789211, 23.86036651476911)
(108.08158440779297, 132.05258883321574, 37.06280164339843, 23.911484931224802)
(108.0819039278927, 132.05836615598986, 37.0656339777107, 23.91331224368433)
(108.0429988173842, 132.07708785022456, 37.10215391552456, 23.936873493886825)
(108.0, 132.0, 37.199999999999996, 24.0)
(108.0, 132.0, 37.199999999999996, 24.0)
(108.01871186888333, 131.9924917015729, 37.167932097194274, 23.97931103044792)
(108.05365429322902, 132.01004803822235, 37.13730048336617, 23.959548698945916)
(108.0022993591947, 131.97606945214238, 37.17194089342701, 23.981897350598075)
(108.02154540952083, 131.9830969529513, 37.17243499882943, 23.982216128277052)
(107.99218251249428, 131.98092846422577, 37.23407522159347, 24.02198401393127)
(108.0, 132.0, 37.199999999999996, 24.0)
(108.0, 132.0, 37.199999999999996, 24.0)
(108.0, 132.0, 37.199999999999996, 24.0)
(108.01592548116922, 131.99181924471856, 37.18449120074749, 23.989994323062895)
(107.99886248495714, 131.99478692640884, 37.15135645098413, 23.968617065151054)
(108.01584569537248, 131.99359882469847, 37.14680897546598, 23.965683209978057)
(108.01555632949521, 132.01174384932781, 37.1422607540955, 23.962748873610007)
(108.01741856475788, 131.99915380721527, 37.149644682007676, 23.967512698069473)
(107.99787552893387, 131.9918347824019, 37.15653470873381, 23.97195787660246)
(108.00740160594823, 131.97778292401148, 37.16537562111133, 23.97766169103957)
(108.00418890444128, 132.0052967592445, 37.119272642777595, 23.947917834050063)
(108.08259148839039, 132.0442991272283, 37.02078656667622, 23.884378430113696)
(108.04449833604014, 132.03189990579642, 37.038363862587694, 23.895718621024322)
(108.0810334472617, 132.04703726491368, 37.00023626709767, 23.871120172321078)
(108.05154065458572, 132.03739184313307, 36.999437916902764, 23.870605107679204)
(108.07376411896965, 132.03412534948333, 37.039837484716934, 23.89666934497867)
(108.03275484286448, 132.01951324838913, 37.11448604181009, 23.94482970439361)
(108.03656830312023, 131.99807508223296, 37.11058226582983, 23.94231113924505)
(108.04375171217745, 131.99229566226356, 37.12627526216851, 23.952435653011946)
(108.03680869188507, 132.0017111445409, 37.0944383413275, 23.93189570408226)
(108.03631645449295, 131.99157724847265, 37.13422591669767, 23.957565107546888)
(108.07328561221848, 132.01338880853814, 37.088203555836444, 23.927873261829966)
(108.08312595252225, 132.03128093522102, 37.114192430892984, 23.944640277995475)
(108.07900757801164, 132.04981886963452, 37.10591917014857, 23.939302690418433)
(108.13433350234517, 132.08986226146766, 37.03741209687215, 23.895104578627198)
(108.12646929202157, 132.07504141060048, 37.085603591249836, 23.92619586532248)
(108.13353620816955, 132.0755898648032, 37.08421084782104, 23.925297321174874)
(108.17020266158336, 132.06062220054898, 37.09144434724343, 23.92996409499577)
(108.1980567893763, 132.08727977874327, 37.01774597935288, 23.882416760872836)
(108.16772215870006, 132.03422166780106, 37.123642291486576, 23.95073696224941)
(108.14100537717792, 132.0284207586348, 37.13798283695274, 23.95998892706629)
(108.14401049816404, 132.0098527183058, 37.162810607675816, 23.976006843661825)
(108.1641376197282, 132.007306479635, 37.167203581344396, 23.978841020222198)
(108.19428771011589, 132.0435428188216, 37.085144367365864, 23.92589959184895)
(108.19052866213154, 132.06303958426645, 37.05341685786581, 23.905430230881176)
(108.17170031900575, 132.06291963743504, 37.045510799976775, 23.90032954837212)
(108.15384315636845, 132.03902745494977, 37.10756179517324, 23.94036244849887)
(108.14887827234601, 132.0439109699517, 37.09474070872594, 23.932090779823195)
(108.15713790202103, 132.06383110338618, 37.08142579507902, 23.923500512954213)
(108.12815719575549, 132.05199688308255, 37.13764770565697, 23.95977271332708)
(108.14364994863845, 132.04323620245134, 37.1541628102426, 23.97042761951136)
(108.14088570112679, 132.0523736799577, 37.14603468905501, 23.96518367035807)
(108.0, 132.0, 37.199999999999996, 24.0)
(108.0407489288279, 131.9773758603955, 37.21602106324262, 24.01033616983395)
(108.09239410265259, 131.99430246573604, 37.19741699489011, 23.998333545090393)
(108.08944701810049, 131.996247566255, 37.18001099309589, 23.987103866513475)
(108.12912322727671, 132.01960896963607, 37.14197937552469, 23.962567339048185)
(108.0844391077015, 132.02057304492902, 37.172906452565734, 23.982520291977888)
(108.14620486944419, 132.02699582326477, 37.12466179431473, 23.951394706009502)
(108.12363350258752, 132.01909780416747, 37.1571397331062, 23.97234821490722)
(108.16379994676001, 132.03232715543552, 37.130319418003396, 23.95504478580864)
(108.19951597817366, 132.01606606903658, 37.098895900097965, 23.934771548450296)
(108.16075147167567, 131.9998954866248, 37.15787022559396, 23.9728195003832)
(108.13401173360919, 132.0005086391701, 37.21008322223476, 24.006505304667584)
(108.10492785891003, 131.9793698923569, 37.281526118117434, 24.052597495559635)
(108.0, 132.0, 37.199999999999996, 24.0)
(108.02913905074102, 132.02985561079814, 37.1252805533031, 23.95179390535684)
(108.0471318008859, 132.02068678040396, 37.16879334402897, 23.979866673567077)
(108.07609093679153, 132.04466095594415, 37.11169141743254, 23.94302672092422)
(108.13307682896031, 132.07133014371558, 37.00579153250905, 23.87470421452197)
(108.18218919635291, 132.07813313315296, 36.930470240106665, 23.82610983232688)
(108.17007672848891, 132.07983692270832, 36.94493718022921, 23.83544334208336)
(108.13027340874663, 132.04554845123903, 37.04413610486999, 23.899442648303214)
(108.1439630971777, 132.03307234769403, 37.0369288471485, 23.894792804611928)
(108.16227840404576, 132.03508637939004, 37.035912247084255, 23.894136933602738)
(108.16051232834424, 132.0270305604048, 37.042602967823235, 23.898453527627886)
(108.08403672586184, 131.98888550657293, 37.13824216106929, 23.96015623294792)
(108.06854925925668, 131.95649369029036, 37.18056963334209, 23.987464279575534)
(108.04977079306133, 131.9341546699186, 37.24622562579141, 24.029822984381546)
(108.07322670187766, 131.929207440129, 37.22348373003373, 24.01515079357014)
(108.11177965325774, 131.9394742053213, 37.21488216076966, 24.009601394044935)
(108.13461894235087, 131.93445155980174, 37.21626168805214, 24.010491411646534)
(108.16615262684294, 131.93792580441166, 37.196338545142225, 23.99763777105949)
(108.0, 129.6, 44.64, 28.799999999999997)
(103.67999999999999, 129.6, 44.64, 28.799999999999997)
(103.69916432268424, 129.60932019684265, 44.61375631556901, 28.783068590689684)
(103.68828266918284, 129.60860214733066, 44.595831512220265, 28.771504201432425)
(103.69992479704652, 129.5930898998555, 44.567313491844445, 28.753105478609314)
(103.67622772515858, 129.59226975172467, 44.60883300183126, 28.77989225924597)
(103.64822343587576, 129.5660215423934, 44.67078487873675, 28.81986121208822)
(103.67999999999999, 129.6, 44.64, 28.799999999999997)
(103.70050827523136, 129.58419563860062, 44.6190334983654, 28.786473224751866)
(103.7305777733312, 129.59535753757635, 44.58840500021258, 28.766712903362954)
(103.71474703997595, 129.59920242813467, 44.61626702844656, 28.78468840544939)
(103.71516216365373, 129.5850186999631, 44.668277967614415, 28.818243850073813)
(103.74396434219261, 129.60572270675104, 44.58616799530229, 28.76526967438857)
(103.71638865161391, 129.59657924206317, 44.6295548500925, 28.79326119360806)
(103.7263513254684, 129.62176277865402, 44.54178892621163, 28.736638016910725)
(103.7233600465631, 129.6238260479496, 44.53669360316287, 28.733350711717975)
(103.67999999999999, 129.6, 44.64, 28.799999999999997)
(103.65304715263514, 129.56689352904382, 44.70138250137036, 28.839601613787327)
(103.67999999999999, 129.6, 44.64, 28.799999999999997)
(103.71390220342434, 129.61094463524228, 44.59372574451852, 28.77014564162485)
(103.71069653360843, 129.62744566912804, 44.58280309977532, 28.76309877404859)
(103.67999999999999, 129.6, 44.64, 28.799999999999997)
(103.67999999999999, 129.6, 44.64, 28.799999999999997)
(103.67999999999999, 129.6, 44.64, 28.799999999999997)
(103.67999999999999, 129.6, 44.64, 28.799999999999997)
(103.67915348304544, 129.57962038756207, 44.64196769211226, 28.8012694787821)
(103.67150767896146, 129.59999062075136, 44.59187538914738, 28.76895186396605)
(103.66448506926731, 129.6006242665888, 44.59331684877005, 28.769881837916156)
(103.57762349419892, 129.55345604992107, 44.75318501843809, 28.873022592540696)
(103.67999999999999, 129.6, 44.64, 28.799999999999997)
(103.67999999999999, 129.6, 44.64, 28.799999999999997)
(103.67999999999999, 129.6, 44.64, 28.799999999999997)
(103.67999999999999, 129.6, 44.64, 28.799999999999997)
(103.72477386309268, 129.62814262037355, 44.55342010828729, 28.74414200534664)
(103.67999999999999, 129.6, 44.64, 28.799999999999997)
(103.67999999999999, 129.6, 44.64, 28.799999999999997)
(103.67999999999999, 129.6, 44.64, 28.799999999999997)
(103.71223702335125, 129.61711308202285, 44.599886610035774, 28.774120393571465)
(103.67999999999999, 129.6, 44.64, 28.799999999999997)
(103.67999999999999, 129.6, 44.64, 28.799999999999997)
(103.67999999999999, 129.6, 44.64, 28.799999999999997)
(103.77771216066843, 129.66098656598064, 44.47922838862408, 28.696276379757467)
(103.72651875434762, 129.63693392929497, 44.54478048446881, 28.738568054496003)
(103.75396743141711, 129.63277124796568, 44.49645203902125, 28.707388412271772)
(114.0, 138.0, 31.0, 20.0)
(114.0, 138.0, 31.0, 20.0)
(108.0, 132.0, 37.199999999999996, 24.0)
(103.67999999999999, 129.6, 44.64, 28.799999999999997)
(103.67999999999999, 129.6, 44.64, 28.799999999999997)
(103.7319550590013, 129.59604479140458, 44.61943338785678, 28.78673121797211)
(103.69253883611933, 129.60310585429448, 44.58803634143324, 28.76647505898918)
(103.66358049638396, 129.58787252523135, 44.62050136074772, 28.787420232740455)
(103.67999999999999, 129.6, 44.64, 28.799999999999997)
(103.67999999999999, 129.6, 44.64, 28.799999999999997)
(103.67999999999999, 129.6, 44.64, 28.799999999999997)
(103.73352086367497, 129.62476913276726, 44.56205678339226, 28.749714053801455)
(103.68611521513783, 129.5638292053151, 44.70929727968528, 28.844707922377598)
(108.0, 132.0, 37.199999999999996, 24.0)
(108.02523479044801, 132.00025681257483, 37.14083290933835, 23.9618276834441)
(103.67999999999999, 129.6, 44.64, 28.799999999999997)
(103.66924908783486, 129.57521360552727, 44.63949865050216, 28.79967654871107)
(103.67999999999999, 129.6, 44.64, 28.799999999999997)
(103.67999999999999, 129.6, 44.64, 28.799999999999997)
(103.67999999999999, 129.6, 44.64, 28.799999999999997)
(103.67999999999999, 129.6, 44.64, 28.799999999999997)
(103.68685505506298, 129.57433228413842, 44.66791586643653, 28.818010236410665)
(103.67999999999999, 129.6, 44.64, 28.799999999999997)
(103.67999999999999, 129.6, 44.64, 28.799999999999997)
(103.67999999999999, 129.6, 44.64, 28.799999999999997)
(103.67999999999999, 129.6, 44.64, 28.799999999999997)
(103.67999999999999, 129.6, 44.64, 28.799999999999997)
(103.67880814425065, 129.57720770599965, 44.682605879467445, 28.827487664172544)
(103.67999999999999, 129.6, 44.64, 28.799999999999997)
(103.67999999999999, 129.6, 44.64, 28.799999999999997)
(103.67999999999999, 129.6, 44.64, 28.799999999999997)
(103.68099357003098, 129.5939694765699, 44.6152238584732, 28.78401539256335)
(103.60011426393397, 129.5639903249549, 44.68280522457346, 28.827616273918355)
(103.67999999999999, 129.6, 44.64, 28.799999999999997)
(103.67999999999999, 129.6, 44.64, 28.799999999999997)
(103.67999999999999, 129.6, 44.64, 28.799999999999997)
(103.73918801556333, 129.62867860646853, 44.55133283117804, 28.742795374953566)
(103.67999999999999, 129.6, 44.64, 28.799999999999997)
(103.67999999999999, 129.6, 44.64, 28.799999999999997)
(103.69418941096109, 129.607058097955, 44.618167198585645, 28.785914321668155)
(103.67999999999999, 129.6, 44.64, 28.799999999999997)
(103.67999999999999, 129.6, 44.64, 28.799999999999997)
(103.64314862630819, 129.59556174369303, 44.677173206367996, 28.8239827137858)
(103.67999999999999, 129.6, 44.64, 28.799999999999997)
(103.67999999999999, 129.6, 44.64, 28.799999999999997)
(103.67999999999999, 129.6, 44.64, 28.799999999999997)
(103.67999999999999, 129.6, 44.64, 28.799999999999997)
(103.67999999999999, 129.6, 44.64, 28.799999999999997)
(103.67999999999999, 129.6, 44.64, 28.799999999999997)
(103.67999999999999, 129.6, 44.64, 28.799999999999997)
(103.67999999999999, 129.6, 44.64, 28.799999999999997)
(103.6514201080379, 129.5613621688387, 44.71450902708827, 28.848070340056946)
(103.67999999999999, 129.6, 44.64, 28.799999999999997)
(103.72946044798331, 129.6302630016601, 44.54117065676773, 28.736239133398534)
(103.74351678895638, 129.65540059027933, 44.480556754118496, 28.697133389753866)
(103.75898479935853, 129.63451043711765, 44.53183508878293, 28.730216186311562)
(103.74994860284728, 129.62941994585788, 44.556224620477316, 28.745951368049877)
(103.74222588151657, 129.65900017888293, 44.52119398891997, 28.72335096059352)
(103.67999999999999, 129.6, 44.64, 28.799999999999997)
(103.67999999999999, 129.6, 44.64, 28.799999999999997)
(103.67999999999999, 129.6, 44.64, 28.799999999999997)
(103.67239404172844, 129.62238770435667, 44.60619305667984, 28.778189068825704)
(103.67999999999999, 129.6, 44.64, 28.799999999999997)
(103.7360778353351, 129.61297087654873, 44.579663176986074, 28.761073017410364)
(103.72097760168512, 129.59912565272214, 44.592026119871946, 28.769049109594796)
(103.70754605870543, 129.62038804088291, 44.54796635426883, 28.74062345436698)
(103.62998577806445, 129.5930522593958, 44.62107092433984, 28.78778769312247)
(103.67999999999999, 129.6, 44.64, 28.799999999999997)
(103.67999999999999, 129.6, 44.64, 28.799999999999997)
(103.67999999999999, 129.6, 44.64, 28.799999999999997)
(111.0, 136.0, 31.0, 20.0)
(111.0, 136.0, 31.0, 20.0)
(111.00387331808051, 136.03553370099195, 30.92645746540148, 19.952553203484825)
(93.0, 134.0, 31.0, 20.0)
(93.11862094920279, 134.04260492659, 30.825494612824873, 19.887415879241853)
(93.0792896917811, 134.03830206338762, 30.876225914289368, 19.920145751154433)
(93.02470882498574, 133.99103415757963, 30.960790479911328, 19.974703535426666)
(93.07675418777788, 133.99601634807178, 30.90821342620206, 19.940782855614234)
(93.13649650824975, 134.0201840324614, 30.852403712016123, 19.9047765883975)
(93.13927561554065, 134.0226016308207, 30.859762062375733, 19.90952391121015)
(93.19792269754767, 134.05837950583657, 30.74492456340077, 19.835435202194045)
(93.2413677198539, 134.03979442855683, 30.70547409398361, 19.80998328644104)
(93.0, 134.0, 31.0, 20.0)
(93.05317386858003, 134.0228488321736, 30.93030387416807, 19.955034757527788)
(96.0, 132.0, 31.0, 20.0)
(96.02335481575206, 131.99363813048458, 30.951772118984156, 19.968885238054295)
(96.0, 132.0, 31.0, 20.0)
(93.0, 134.0, 31.0, 20.0)
(96.0, 132.0, 31.0, 20.0)
(93.0, 134.0, 31.0, 20.0)
(167.9616, 132.7104, 64.2816, 41.471999999999994)
(161.74079999999998, 132.7104, 64.2816, 41.471999999999994)
(155.51999999999998, 132.7104, 64.2816, 41.471999999999994)
(87.0, 130.0, 31.0, 20.0)
(87.0, 130.0, 31.0, 20.0)
(87.06626536429675, 130.02353217256166, 30.91773172257838, 19.94692369198605)
(87.10542525348765, 130.04398369979924, 30.833613604352816, 19.89265393829214)
(87.145367696764, 130.0624425814241, 30.736089557643886, 19.829735198479927)
(87.09879451985738, 130.01993681535657, 30.829022288410233, 19.889691798974344)
(87.15881277861178, 130.05772699426566, 30.726205314358477, 19.82335826732805)
(96.0, 132.0, 31.0, 20.0)
(99.0, 132.0, 31.0, 20.0)
(57.0, 130.0, 31.0, 20.0)
(57.00459084916131, 130.0254956240809, 30.93397168302504, 19.957401085822607)
(57.01182631650735, 130.0295193528563, 30.950045029338813, 19.967770986670203)
(56.96759488064332, 129.9813909035747, 31.072470150822735, 20.04675493601467)
(57.0088766259467, 129.97761253660184, 31.03132282842887, 20.020208276405725)
(57.0, 128.0, 31.0, 20.0)
(117.0, 136.0, 31.0, 20.0)
(114.0, 136.0, 31.0, 20.0)
(114.0, 136.0, 31.0, 20.0)
(114.0, 136.0, 31.0, 20.0)
(114.0, 136.0, 31.0, 20.0)
(114.00997688193765, 136.02296615044048, 30.972630464640336, 19.982342235251828)
(108.0, 136.0, 31.0, 20.0)
(108.0, 136.0, 31.0, 20.0)
(103.67999999999999, 129.6, 44.64, 28.799999999999997)
(103.70404842137275, 129.60671201982152, 44.65138191702014, 28.807343172271057)
(103.69010615111503, 129.6114356425572, 44.62070322511369, 28.787550467815283)
(114.0, 136.0, 31.0, 20.0)
(111.0, 136.0, 31.0, 20.0)
(110.96036701259835, 135.99039889957203, 31.016613386912656, 20.010718314137197)
(108.0, 136.0, 31.0, 20.0)
(93.6, 129.6, 37.199999999999996, 24.0)
(93.62099172972647, 129.58985648862142, 37.20462451173844, 24.002983555960284)
(93.65779850109537, 129.5784997023826, 37.197447736578766, 23.99835337843792)
(93.69227938646233, 129.5958409647413, 37.11511926662611, 23.94523823653298)
(93.0, 134.0, 31.0, 20.0)
(93.0, 134.0, 31.0, 20.0)
(87.0, 130.0, 31.0, 20.0)
(86.97543260840655, 130.0051473942372, 31.032456926741602, 20.02093995273652)
(87.02866623959754, 130.02291029090404, 30.943239725394754, 19.96338046799662)
(21.599999999999998, 124.8, 37.199999999999996, 24.0)
(21.555295828872595, 124.74546944344793, 37.27347053707902, 24.0474003465026)
(87.0, 130.0, 31.0, 20.0)
(87.01941319734908, 130.00805504880321, 30.96412618098544, 19.976855600635766)
(87.1001155759486, 130.0426746430956, 30.893488330524672, 19.931282793886886)
(87.1310765083378, 130.0439645587594, 30.856117857347854, 19.907172811192165)
(87.20221692769218, 130.05833645308203, 30.756599774986736, 19.842967596765636)
(87.15851616862028, 130.04341017817046, 30.801215648599285, 19.87175203135438)
(87.22756447687378, 130.09325621137458, 30.636286451525876, 19.76534609775863)
(87.30263713930653, 130.1375744979523, 30.48274604609398, 19.666287771673534)
(77.39670527999998, 77.39670527999998, 133.29432575999996, 85.99633919999997)
(10.367999999999999, 117.50399999999999, 53.56799999999999, 34.559999999999995)
(203.04, 100.8, 44.64, 28.799999999999997)
(203.09680621522762, 100.84881067210691, 44.57584130489629, 28.758607293481475)
(203.08507422764652, 100.8326895888105, 44.617798932402266, 28.785676730582107)
(203.140937225283, 100.86688281147764, 44.574676452754254, 28.757855775970484)
(203.11116959635305, 100.85872353010208, 44.606379679364196, 28.778309470557545)
(203.10983841954342, 100.87683802611514, 44.58624540212408, 28.765319614273597)
(203.1289827489799, 100.90640801152526, 44.54481343270426, 28.738589311422103)
(203.18756112343, 100.93493190430777, 44.48156598556186, 28.697784506814102)
(203.1727118415087, 100.91634337635767, 44.513339744716966, 28.71828370626901)
(203.1459655465901, 100.91203416946243, 44.528105527913524, 28.727810018008725)
(203.17450618255626, 100.92283826943681, 44.47148201965309, 28.691278722356834)
(114.0, 138.0, 31.0, 20.0)
(114.00379453042076, 137.99024622119194, 30.955286305369416, 19.971152455077043)
(114.0, 138.0, 31.0, 20.0)
(104.39999999999999, 134.4, 37.199999999999996, 24.0)
(104.39999999999999, 134.4, 37.199999999999996, 24.0)
