(257, 163, 57, 36)
(257.0, 163.0, 57.0, 36.0)
(256.0, 161.0, 57.0, 36.0)
(256.0, 161.0, 57.0, 36.0)
(256.0, 162.0, 57.0, 36.0)
(255.0, 162.0, 57.0, 36.0)
(254.0, 160.0, 57.0, 36.0)
(254.0, 160.0, 57.0, 36.0)
(253.0, 160.0, 57.0, 36.0)
(252.0, 160.0, 57.0, 36.0)
(251.0, 159.0, 57.0, 36.0)
(250.0, 159.0, 57.0, 36.0)
(250.0, 159.0, 57.0, 36.0)
(249.0, 160.0, 57.0, 36.0)
(249.0, 158.0, 57.0, 36.0)
(248.0, 158.0, 57.0, 36.0)
(248.0, 158.0, 57.0, 36.0)
(247.0, 158.0, 57.0, 36.0)
(247.0, 157.0, 57.0, 36.0)
(246.0, 157.0, 57.0, 36.0)
(246.0, 157.0, 57.0, 36.0)
(246.0, 157.0, 57.0, 36.0)
(245.0, 157.0, 57.0, 36.0)
(245.0, 157.0, 57.0, 36.0)
(245.0, 157.0, 57.0, 36.0)
(244.0, 156.0, 57.0, 36.0)
(242.0, 156.0, 57.0, 36.0)
(242.0, 156.0, 57.0, 36.0)
(242.0, 156.0, 57.0, 36.0)
(243.0, 157.0, 57.0, 36.0)
(241.0, 155.0, 57.0, 36.0)
(241.0, 155.0, 57.0, 36.0)
(242.0, 156.0, 57.0, 36.0)
(241.0, 156.0, 57.0, 36.0)
(241.0, 156.0, 57.0, 36.0)
(240.0, 154.0, 57.0, 36.0)
(240.0, 155.0, 57.0, 36.0)
(240.0, 155.0, 57.0, 36.0)
(239.0, 155.0, 57.0, 36.0)
(239.0, 153.0, 57.0, 36.0)
(239.0, 155.0, 57.0, 36.0)
(238.0, 154.0, 57.0, 36.0)
(238.0, 154.0, 57.0, 36.0)
(237.0, 154.0, 57.0, 36.0)
(237.0, 154.0, 57.0, 36.0)
(237.0, 153.0, 57.0, 36.0)
(238.0, 153.0, 57.0, 36.0)
(236.0, 153.0, 57.0, 36.0)
(237.0, 153.0, 57.0, 36.0)
(236.0, 153.0, 57.0, 36.0)
(236.0, 153.0, 57.0, 36.0)
(236.0, 152.0, 57.0, 36.0)
(236.0, 152.0, 57.0, 36.0)
(236.0, 152.0, 57.0, 36.0)
(236.0, 152.0, 57.0, 36.0)
(235.0, 152.0, 57.0, 36.0)
(233.0, 151.0, 57.0, 36.0)
(232.0, 152.0, 57.0, 36.0)
(234.0, 151.0, 57.0, 36.0)
(234.0, 151.0, 57.0, 36.0)
(234.0, 150.0, 57.0, 36.0)
(234.0, 150.0, 57.0, 36.0)
(233.0, 150.0, 57.0, 36.0)
(232.0, 150.0, 57.0, 36.0)
(232.0, 150.0, 57.0, 36.0)
(232.0, 150.0, 57.0, 36.0)
(232.0, 150.0, 57.0, 36.0)
(232.0, 149.0, 57.0, 36.0)
(232.0, 149.0, 57.0, 36.0)
(232.0, 149.0, 57.0, 36.0)
(232.0, 149.0, 57.0, 36.0)
(232.0, 149.0, 57.0, 36.0)
(232.0, 149.0, 57.0, 36.0)
(232.0, 148.0, 57.0, 36.0)
(232.0, 148.0, 57.0, 36.0)
(233.0, 148.0, 57.0, 36.0)
(232.0, 148.0, 57.0, 36.0)
(232.0, 149.0, 57.0, 36.0)
(232.0, 150.0, 57.0, 36.0)
(232.0, 150.0, 57.0, 36.0)
(232.0, 150.0, 57.0, 36.0)
(232.0, 150.0, 57.0, 36.0)
(231.0, 151.0, 57.0, 36.0)
(232.0, 151.0, 57.0, 36.0)
(231.0, 149.0, 57.0, 36.0)
(231.0, 149.0, 57.0, 36.0)
(232.0, 149.0, 57.0, 36.0)
(231.0, 150.0, 57.0, 36.0)
(231.0, 150.0, 57.0, 36.0)
(231.0, 150.0, 57.0, 36.0)
(231.0, 150.0, 57.0, 36.0)
(231.0, 150.0, 57.0, 36.0)
(231.0, 148.0, 57.0, 36.0)
(230.0, 149.0, 57.0, 36.0)
(229.0, 149.0, 57.0, 36.0)
(230.0, 149.0, 57.0, 36.0)
(230.0, 149.0, 57.0, 36.0)
(230.0, 149.0, 57.0, 36.0)
(229.0, 149.0, 57.0, 36.0)
(229.0, 149.0, 57.0, 36.0)
(229.0, 149.0, 57.0, 36.0)
(229.0, 148.0, 57.0, 36.0)
(229.0, 148.0, 57.0, 36.0)
(229.0, 148.0, 57.0, 36.0)
(229.0, 148.0, 57.0, 36.0)
(229.0, 148.0, 57.0, 36.0)
(229.0, 148.0, 57.0, 36.0)
(229.0, 148.0, 57.0, 36.0)
(229.0, 148.0, 57.0, 36.0)
(229.0, 148.0, 57.0, 36.0)
(229.0, 148.0, 57.0, 36.0)
(229.0, 146.0, 57.0, 36.0)
(229.0, 146.0, 57.0, 36.0)
(229.0, 146.0, 57.0, 36.0)
(229.0, 146.0, 57.0, 36.0)
(230.0, 147.0, 57.0, 36.0)
(227.0, 146.0, 57.0, 36.0)
(230.0, 145.0, 57.0, 36.0)
(229.0, 145.0, 57.0, 36.0)
(230.0, 145.0, 57.0, 36.0)
(229.0, 145.0, 57.0, 36.0)
(229.0, 145.0, 57.0, 36.0)
(230.0, 145.0, 57.0, 36.0)
(229.0, 145.0, 57.0, 36.0)
(229.0, 145.0, 57.0, 36.0)
(230.0, 145.0, 57.0, 36.0)
(230.0, 145.0, 57.0, 36.0)
(230.0, 145.0, 57.0, 36.0)
(230.0, 145.0, 57.0, 36.0)
(230.0, 145.0, 57.0, 36.0)
(230.0, 145.0, 57.0, 36.0)
(230.0, 145.0, 57.0, 36.0)
(230.0, 145.0, 57.0, 36.0)
(230.0, 145.0, 57.0, 36.0)
(230.0, 145.0, 57.0, 36.0)
(230.0, 145.0, 57.0, 36.0)
(230.0, 145.0, 57.0, 36.0)
(230.0, 145.0, 57.0, 36.0)
(230.0, 145.0, 57.0, 36.0)
(230.0, 145.0, 57.0, 36.0)
(230.0, 145.0, 57.0, 36.0)
(230.0, 145.0, 57.0, 36.0)
(230.0, 145.0, 57.0, 36.0)
(230.0, 145.0, 57.0, 36.0)
(230.0, 145.0, 57.0, 36.0)
(230.0, 145.0, 57.0, 36.0)
(230.0, 145.0, 57.0, 36.0)
(230.0, 145.0, 57.0, 36.0)
(230.0, 145.0, 57.0, 36.0)
(230.0, 145.0, 57.0, 36.0)
(230.0, 145.0, 57.0, 36.0)
(230.0, 145.0, 57.0, 36.0)
(230.0, 145.0, 57.0, 36.0)
(230.0, 145.0, 57.0, 36.0)
(230.0, 145.0, 57.0, 36.0)
(230.0, 145.0, 57.0, 36.0)
(230.0, 145.0, 57.0, 36.0)
(229.0, 145.0, 57.0, 36.0)
(230.0, 145.0, 57.0, 36.0)
(230.0, 145.0, 57.0, 36.0)
(231.0, 143.0, 57.0, 36.0)
(231.0, 143.0, 57.0, 36.0)
(231.0, 143.0, 57.0, 36.0)
(231.0, 143.0, 57.0, 36.0)
(230.0, 143.0, 57.0, 36.0)
(230.0, 143.0, 57.0, 36.0)
(231.0, 143.0, 57.0, 36.0)
(230.0, 143.0, 57.0, 36.0)
(230.0, 143.0, 57.0, 36.0)
(230.0, 143.0, 57.0, 36.0)
(230.0, 145.0, 57.0, 36.0)
(230.0, 143.0, 57.0, 36.0)
(230.0, 143.0, 57.0, 36.0)
(230.0, 143.0, 57.0, 36.0)
(230.0, 143.0, 57.0, 36.0)
(230.0, 143.0, 57.0, 36.0)
(230.0, 143.0, 57.0, 36.0)
(230.0, 143.0, 57.0, 36.0)
(230.0, 143.0, 57.0, 36.0)
(230.0, 143.0, 57.0, 36.0)
(230.0, 143.0, 57.0, 36.0)
(230.0, 143.0, 57.0, 36.0)
(230.0, 143.0, 57.0, 36.0)
(229.0, 143.0, 57.0, 36.0)
(230.0, 143.0, 57.0, 36.0)
(229.0, 143.0, 57.0, 36.0)
(229.0, 143.0, 57.0, 36.0)
(227.0, 143.0, 57.0, 36.0)
(228.0, 143.0, 57.0, 36.0)
(228.0, 143.0, 57.0, 36.0)
(228.0, 143.0, 57.0, 36.0)
(228.0, 143.0, 57.0, 36.0)
(228.0, 143.0, 57.0, 36.0)
(227.0, 143.0, 57.0, 36.0)
(227.0, 143.0, 57.0, 36.0)
(226.0, 143.0, 57.0, 36.0)
(226.0, 143.0, 57.0, 36.0)
(226.0, 143.0, 57.0, 36.0)
(227.0, 143.0, 57.0, 36.0)
(226.0, 143.0, 57.0, 36.0)
(226.0, 143.0, 57.0, 36.0)
(225.0, 143.0, 57.0, 36.0)
(225.0, 143.0, 57.0, 36.0)
(224.0, 143.0, 57.0, 36.0)
(223.0, 143.0, 57.0, 36.0)
(223.0, 143.0, 57.0, 36.0)
(222.0, 143.0, 57.0, 36.0)
(222.0, 143.0, 57.0, 36.0)
(222.0, 143.0, 57.0, 36.0)
(220.0, 145.0, 57.0, 36.0)
(220.0, 145.0, 57.0, 36.0)
(219.0, 145.0, 57.0, 36.0)
(219.0, 145.0, 57.0, 36.0)
(216.0, 147.0, 57.0, 36.0)
(216.0, 146.0, 57.0, 36.0)
(215.0, 146.0, 57.0, 36.0)
(215.0, 146.0, 57.0, 36.0)
(214.0, 146.0, 57.0, 36.0)
(213.0, 146.0, 57.0, 36.0)
(213.0, 145.0, 57.0, 36.0)
(212.0, 147.0, 57.0, 36.0)
(209.0, 147.0, 57.0, 36.0)
(209.0, 146.0, 57.0, 36.0)
(207.0, 147.0, 57.0, 36.0)
(206.0, 147.0, 57.0, 36.0)
(205.0, 147.0, 57.0, 36.0)
(204.0, 147.0, 57.0, 36.0)
(202.0, 147.0, 57.0, 36.0)
(201.0, 147.0, 57.0, 36.0)
(200.0, 147.0, 57.0, 36.0)
(198.0, 148.0, 57.0, 36.0)
(197.0, 148.0, 57.0, 36.0)
(195.0, 149.0, 57.0, 36.0)
(195.0, 149.0, 57.0, 36.0)
(195.0, 150.0, 57.0, 36.0)
(192.0, 150.0, 57.0, 36.0)
(191.0, 150.0, 57.0, 36.0)
(192.0, 150.0, 57.0, 36.0)
(190.0, 150.0, 57.0, 36.0)
(188.0, 150.0, 57.0, 36.0)
(187.0, 150.0, 57.0, 36.0)
(185.0, 151.0, 57.0, 36.0)
(185.0, 151.0, 57.0, 36.0)
(184.0, 151.0, 57.0, 36.0)
(182.0, 151.0, 57.0, 36.0)
(180.0, 152.0, 57.0, 36.0)
(178.0, 152.0, 57.0, 36.0)
(177.0, 152.0, 57.0, 36.0)
(175.0, 151.0, 57.0, 36.0)
(175.0, 151.0, 57.0, 36.0)
(172.0, 152.0, 57.0, 36.0)
(170.0, 152.0, 57.0, 36.0)
(169.0, 152.0, 57.0, 36.0)
(167.0, 151.0, 57.0, 36.0)
(167.0, 151.0, 57.0, 36.0)
(165.0, 151.0, 57.0, 36.0)
(163.0, 152.0, 57.0, 36.0)
(161.0, 152.0, 57.0, 36.0)
(163.0, 152.0, 57.0, 36.0)
(158.0, 152.0, 57.0, 36.0)
(153.0, 152.0, 57.0, 36.0)
(154.0, 152.0, 57.0, 36.0)
(151.0, 149.0, 57.0, 36.0)
(151.0, 150.0, 57.0, 36.0)
(148.0, 151.0, 57.0, 36.0)
(152.0, 151.0, 57.0, 36.0)
(153.0, 151.0, 57.0, 36.0)
(154.0, 152.0, 57.0, 36.0)
(156.0, 151.0, 57.0, 36.0)
(153.0, 149.0, 57.0, 36.0)
(151.0, 149.0, 57.0, 36.0)
(147.0, 150.0, 57.0, 36.0)
(147.0, 147.0, 57.0, 36.0)
(147.0, 147.0, 57.0, 36.0)
(148.0, 150.0, 57.0, 36.0)
(140.0, 149.0, 57.0, 36.0)
(146.0, 147.0, 57.0, 36.0)
(141.0, 149.0, 57.0, 36.0)
(139.0, 149.0, 57.0, 36.0)
(139.0, 149.0, 57.0, 36.0)
(137.0, 149.0, 57.0, 36.0)
(137.0, 148.0, 57.0, 36.0)
(133.0, 148.0, 57.0, 36.0)
(132.0, 148.0, 57.0, 36.0)
(128.0, 147.0, 57.0, 36.0)
(129.0, 147.0, 57.0, 36.0)
(127.0, 147.0, 57.0, 36.0)
(125.0, 145.0, 57.0, 36.0)
(125.0, 145.0, 57.0, 36.0)
(124.0, 145.0, 57.0, 36.0)
(124.0, 145.0, 57.0, 36.0)
(120.0, 145.0, 57.0, 36.0)
(119.0, 144.0, 57.0, 36.0)
(117.0, 144.0, 57.0, 36.0)
(115.0, 143.0, 57.0, 36.0)
(115.0, 143.0, 57.0, 36.0)
(112.0, 142.0, 57.0, 36.0)
(111.0, 142.0, 57.0, 36.0)
(111.0, 142.0, 57.0, 36.0)
(111.0, 142.0, 57.0, 36.0)
(106.0, 141.0, 57.0, 36.0)
(106.0, 141.0, 57.0, 36.0)
(105.0, 141.0, 57.0, 36.0)
(105.0, 141.0, 57.0, 36.0)
(103.0, 141.0, 57.0, 36.0)
(101.0, 140.0, 57.0, 36.0)
(100.0, 140.0, 57.0, 36.0)
(98.0, 141.0, 57.0, 36.0)
(97.0, 141.0, 57.0, 36.0)
(96.0, 139.0, 57.0, 36.0)
(95.0, 139.0, 57.0, 36.0)
(91.0, 138.0, 57.0, 36.0)
(91.0, 138.0, 57.0, 36.0)
(89.0, 136.0, 57.0, 36.0)
(87.0, 137.0, 57.0, 36.0)
(85.0, 136.0, 57.0, 36.0)
(84.0, 136.0, 57.0, 36.0)
(83.0, 136.0, 57.0, 36.0)
(81.0, 136.0, 57.0, 36.0)
(79.0, 135.0, 57.0, 36.0)
(75.0, 135.0, 57.0, 36.0)
(76.0, 134.0, 57.0, 36.0)
(75.0, 134.0, 57.0, 36.0)
(73.0, 133.0, 57.0, 36.0)
(73.0, 133.0, 57.0, 36.0)
(73.0, 133.0, 57.0, 36.0)
(69.0, 133.0, 57.0, 36.0)
(68.0, 133.0, 57.0, 36.0)
(67.0, 132.0, 57.0, 36.0)
(62.0, 132.0, 57.0, 36.0)
(63.0, 131.0, 57.0, 36.0)
(62.0, 131.0, 57.0, 36.0)
(60.0, 133.0, 57.0, 36.0)
(61.0, 131.0, 57.0, 36.0)
(57.0, 130.0, 57.0, 36.0)
(55.0, 130.0, 57.0, 36.0)
(55.0, 130.0, 57.0, 36.0)
(53.0, 130.0, 57.0, 36.0)
(53.0, 130.0, 57.0, 36.0)
(52.0, 130.0, 57.0, 36.0)
(49.0, 131.0, 57.0, 36.0)
(48.0, 130.0, 57.0, 36.0)
(47.0, 130.0, 57.0, 36.0)
(45.0, 130.0, 57.0, 36.0)
(44.0, 130.0, 57.0, 36.0)
(43.0, 131.0, 57.0, 36.0)
(42.0, 129.0, 57.0, 36.0)
(40.0, 128.0, 57.0, 36.0)
(40.0, 128.0, 57.0, 36.0)
(39.0, 128.0, 57.0, 36.0)
(37.0, 128.0, 57.0, 36.0)
(37.0, 128.0, 57.0, 36.0)
(37.0, 128.0, 57.0, 36.0)
(37.0, 128.0, 57.0, 36.0)
(36.0, 128.0, 57.0, 36.0)
(35.0, 127.0, 57.0, 36.0)
(34.0, 127.0, 57.0, 36.0)
(33.0, 126.0, 57.0, 36.0)
(31.0, 126.0, 57.0, 36.0)
(30.0, 126.0, 57.0, 36.0)
(27.0, 125.0, 57.0, 36.0)
(26.0, 125.0, 57.0, 36.0)
(25.0, 126.0, 57.0, 36.0)
(25.0, 125.0, 57.0, 36.0)
(25.0, 125.0, 57.0, 36.0)
(22.0, 125.0, 57.0, 36.0)
(22.0, 124.0, 57.0, 36.0)
(22.0, 124.0, 57.0, 36.0)
(22.0, 124.0, 57.0, 36.0)
(21.0, 123.0, 57.0, 36.0)
(21.0, 123.0, 57.0, 36.0)
(17.0, 123.0, 57.0, 36.0)
(16.0, 123.0, 57.0, 36.0)
(15.0, 122.0, 57.0, 36.0)
