(124, 92, 46, 58)
(123.69120788574219, 92.24288940429688, 46.0, 58.0)
(124.3520736694336, 93.23506164550781, 45.09803771972656, 56.86274337768555)
(123.90946197509766, 93.46769714355469, 45.09803771972656, 56.86274337768555)
(123.1138916015625, 93.16981506347656, 46.0, 58.0)
(123.08195495605469, 93.07958221435547, 46.0, 58.0)
(123.42667388916016, 93.6629409790039, 45.09803771972656, 56.86274337768555)
(123.7489242553711, 94.07494354248047, 44.21376419067383, 55.74778747558594)
(122.81837463378906, 94.38970947265625, 45.999996185302734, 57.99999237060547)
(122.91146087646484, 95.10064697265625, 45.0980339050293, 56.86273956298828)
(121.94947052001953, 96.76469421386719, 45.0980339050293, 56.86273956298828)
(121.18754577636719, 96.56179809570312, 45.999996185302734, 57.99999237060547)
(120.8913345336914, 97.97618103027344, 45.0980339050293, 56.86273956298828)
(120.22765350341797, 97.88775634765625, 45.0980339050293, 56.86273956298828)
(119.88896942138672, 97.83349609375, 45.0980339050293, 56.86273956298828)
(118.76258087158203, 97.96356201171875, 45.0980339050293, 56.86273956298828)
(117.93163299560547, 99.10342407226562, 44.2137565612793, 55.747779846191406)
(116.2689437866211, 99.1873550415039, 45.9999885559082, 57.99998474121094)
(116.06906127929688, 99.16545867919922, 45.09803009033203, 56.86273193359375)
(116.26274108886719, 99.02435302734375, 45.09803009033203, 56.86273193359375)
(116.73881530761719, 98.3273696899414, 45.09803009033203, 56.86273193359375)
(116.89668273925781, 97.55254364013672, 45.09803009033203, 56.86273193359375)
(117.9041748046875, 96.78901672363281, 45.09803009033203, 56.86273193359375)
(119.64480590820312, 95.56429290771484, 44.21375274658203, 55.74777603149414)
(121.2577133178711, 94.17261505126953, 45.99998474121094, 57.99998092651367)
(122.69480895996094, 94.21891021728516, 44.213748931884766, 55.747772216796875)
(124.9910888671875, 93.37042236328125, 45.0980224609375, 56.86272430419922)
(125.74522399902344, 93.59512329101562, 44.2137451171875, 55.74776840209961)
(127.47781372070312, 91.70769500732422, 45.999977111816406, 57.99997329711914)
(128.0774688720703, 91.25214385986328, 45.098018646240234, 56.86271667480469)
(128.6710205078125, 90.91439819335938, 44.213741302490234, 55.74776077270508)
(127.62957000732422, 88.54037475585938, 46.91997146606445, 59.15996551513672)
(127.20478820800781, 87.12547302246094, 45.99997329711914, 57.99996566772461)
(126.12130737304688, 86.58214569091797, 44.21373748779297, 55.74775695800781)
(124.35231018066406, 85.79253387451172, 44.21373748779297, 55.74775695800781)
(122.75946807861328, 84.37403869628906, 45.0980110168457, 56.862709045410156)
(121.03746795654297, 83.12399291992188, 45.0980110168457, 56.862709045410156)
(120.2426528930664, 82.58345031738281, 45.0980110168457, 56.862709045410156)
(120.30894470214844, 83.36920928955078, 43.3468017578125, 54.6546630859375)
(118.37478637695312, 84.00553131103516, 45.99996566772461, 57.99995803833008)
(117.94766998291016, 85.72447204589844, 44.2137336730957, 55.74774932861328)
(116.73141479492188, 88.14449310302734, 45.99996566772461, 57.99995422363281)
(118.09149169921875, 91.53587341308594, 43.346797943115234, 54.65465545654297)
(117.3187026977539, 94.03060150146484, 45.09800338745117, 56.862701416015625)
(118.07162475585938, 96.36309814453125, 43.346797943115234, 54.65465545654297)
(117.6718978881836, 97.85773468017578, 44.21372985839844, 55.747745513916016)
(118.8327865600586, 98.38258361816406, 44.21372985839844, 55.747745513916016)
(119.7682113647461, 98.37712860107422, 44.21372985839844, 55.747745513916016)
(119.95452117919922, 98.32574462890625, 44.21372985839844, 55.747745513916016)
(120.70243835449219, 98.25516510009766, 43.34679412841797, 54.6546516418457)
(122.08836364746094, 98.04364013671875, 42.496856689453125, 53.58299255371094)
(121.40271759033203, 96.29957580566406, 44.21372604370117, 55.74774169921875)
(122.41918182373047, 96.0743179321289, 43.34678649902344, 54.65464401245117)
(123.4985580444336, 95.94803619384766, 43.34678649902344, 54.65464401245117)
(123.76439666748047, 95.84073638916016, 43.34678649902344, 54.65464401245117)
(124.31663513183594, 96.70170593261719, 41.66358184814453, 52.53234100341797)
(123.41139221191406, 96.46238708496094, 42.496849060058594, 53.582984924316406)
(124.19601440429688, 96.53943634033203, 41.663578033447266, 52.5323371887207)
(123.5732421875, 96.64026641845703, 41.663578033447266, 52.5323371887207)
(122.63041687011719, 96.06968688964844, 42.496849060058594, 53.58298110961914)
(122.16254425048828, 96.37071228027344, 43.34678268432617, 54.654640197753906)
(121.30006408691406, 97.99508666992188, 44.21371841430664, 55.74773025512695)
(119.76918029785156, 100.22705841064453, 45.09798812866211, 56.8626823425293)
(119.53060150146484, 102.83807373046875, 42.49684524536133, 53.582977294921875)
(120.62483215332031, 104.6419448852539, 41.66357421875, 52.53233337402344)
(119.8033218383789, 105.72688293457031, 42.49684524536133, 53.582977294921875)
(120.2206039428711, 106.72586059570312, 42.49684524536133, 53.582977294921875)
(121.81665802001953, 107.36955261230469, 42.49684524536133, 53.582977294921875)
(122.6910400390625, 107.87850189208984, 41.66357421875, 52.53233337402344)
(123.46859741210938, 107.88885498046875, 40.846641540527344, 51.502288818359375)
(124.43570709228516, 106.09920501708984, 40.04573059082031, 50.4924430847168)
(122.82675170898438, 101.71769714355469, 41.663570404052734, 52.53232955932617)
(123.11572265625, 101.18722534179688, 40.846641540527344, 51.50228500366211)
(123.0145492553711, 98.24729919433594, 40.04572677612305, 50.49243927001953)
(122.40876007080078, 94.21699523925781, 40.04572677612305, 50.49243927001953)
(123.12393951416016, 90.58757019042969, 40.04572677612305, 50.49243927001953)
(123.52957916259766, 88.41358947753906, 39.26051330566406, 49.50238800048828)
(123.76118469238281, 85.56189727783203, 38.490699768066406, 48.53175354003906)
(123.42430877685547, 84.50935363769531, 39.26051330566406, 49.50238800048828)
(123.11317443847656, 83.02020263671875, 38.490699768066406, 48.53175354003906)
(123.64330291748047, 83.97770690917969, 37.73598098754883, 47.58015060424805)
(122.84700012207031, 85.07152557373047, 38.490699768066406, 48.53175354003906)
(121.9964599609375, 85.37950897216797, 38.490699768066406, 48.53175354003906)
(121.77278900146484, 86.72132873535156, 39.26051330566406, 49.50238800048828)
(121.45596313476562, 88.24009704589844, 38.490699768066406, 48.53175354003906)
(120.92747497558594, 90.51168823242188, 38.490699768066406, 48.53175354003906)
(119.16246032714844, 92.4488754272461, 38.490699768066406, 48.53175354003906)
(118.02851104736328, 93.42135620117188, 39.26051330566406, 49.50238800048828)
(115.99386596679688, 94.74147033691406, 38.490699768066406, 48.53175354003906)
(114.2872543334961, 96.60855865478516, 37.73598098754883, 47.58015060424805)
(112.5782241821289, 97.90813446044922, 37.73598098754883, 47.58015060424805)
(111.86327362060547, 98.969482421875, 37.73598098754883, 47.58015060424805)
(110.27645874023438, 99.80685424804688, 38.490699768066406, 48.53175354003906)
(108.47034454345703, 101.42857360839844, 36.996063232421875, 46.64720916748047)
(106.26241302490234, 103.28959655761719, 36.996063232421875, 46.64720916748047)
(103.93533325195312, 104.93437194824219, 36.996063232421875, 46.64720916748047)
(101.96214294433594, 106.80597686767578, 36.27064895629883, 45.73255920410156)
(100.47808074951172, 108.3481216430664, 37.73598098754883, 47.58015060424805)
(100.96527099609375, 109.47037506103516, 36.99605941772461, 46.6472053527832)
(100.66801452636719, 110.94501495361328, 36.99605941772461, 46.6472053527832)
(100.56778717041016, 110.52257537841797, 36.99605941772461, 46.6472053527832)
(101.12063598632812, 109.73680114746094, 37.73597717285156, 47.58014678955078)
(104.37588500976562, 108.76451110839844, 37.73597717285156, 47.58014678955078)
(105.78160095214844, 108.19752502441406, 37.73597717285156, 47.58014678955078)
(108.04861450195312, 107.83930206298828, 38.490699768066406, 48.5317497253418)
(110.54121398925781, 106.7694320678711, 38.490699768066406, 48.5317497253418)
(114.53977966308594, 106.40154266357422, 38.490699768066406, 48.5317497253418)
(118.26690673828125, 106.32109832763672, 38.490699768066406, 48.5317497253418)
(121.21127319335938, 106.07195281982422, 38.490699768066406, 48.5317497253418)
(123.99899291992188, 105.8563003540039, 38.490699768066406, 48.5317497253418)
(126.82089233398438, 105.48493194580078, 38.490699768066406, 48.5317497253418)
(128.99241638183594, 105.52669525146484, 38.490699768066406, 48.5317497253418)
(130.44256591796875, 104.37078857421875, 39.26051330566406, 49.502384185791016)
(131.60073852539062, 102.79400634765625, 38.490699768066406, 48.5317497253418)
(134.68373107910156, 103.26123046875, 38.490699768066406, 48.5317497253418)
(135.552490234375, 104.40766143798828, 38.490699768066406, 48.5317497253418)
(135.35476684570312, 105.41184997558594, 39.26051330566406, 49.502384185791016)
(134.88047790527344, 106.4693832397461, 38.490699768066406, 48.5317497253418)
(131.9185791015625, 108.48504638671875, 39.26051330566406, 49.502384185791016)
(131.24752807617188, 108.18366241455078, 38.490699768066406, 48.5317497253418)
(129.64373779296875, 108.7772445678711, 38.490699768066406, 48.5317497253418)
(127.22929382324219, 108.53047943115234, 38.490699768066406, 48.5317497253418)
(124.73674011230469, 108.39875030517578, 38.490699768066406, 48.5317497253418)
(124.04682922363281, 106.22307586669922, 38.490699768066406, 48.5317497253418)
(121.01268005371094, 103.32196044921875, 38.490699768066406, 48.5317497253418)
(118.25335693359375, 100.71483612060547, 38.490699768066406, 48.5317497253418)
(117.64231872558594, 99.64714050292969, 38.490699768066406, 48.5317497253418)
(114.95214080810547, 97.42340087890625, 39.26051330566406, 49.502384185791016)
(113.62518310546875, 96.07164001464844, 38.490699768066406, 48.5317497253418)
(113.8998031616211, 97.06182861328125, 37.73597717285156, 47.58014678955078)
(110.62200927734375, 97.8283920288086, 38.490699768066406, 48.5317497253418)
(109.27912139892578, 98.82002258300781, 37.73597717285156, 47.58014678955078)
(106.48835754394531, 100.60391235351562, 38.490699768066406, 48.5317497253418)
(106.12548828125, 103.25713348388672, 38.490699768066406, 48.5317497253418)
(105.11762237548828, 104.56840515136719, 39.26051330566406, 49.502384185791016)
(105.58094787597656, 106.56586456298828, 38.490699768066406, 48.5317497253418)
(105.85995483398438, 109.44345092773438, 39.26051330566406, 49.502384185791016)
(106.58433532714844, 110.45563507080078, 38.490699768066406, 48.5317497253418)
(108.79246520996094, 112.18323516845703, 38.490699768066406, 48.5317497253418)
(109.4267807006836, 111.53279113769531, 39.26051330566406, 49.502384185791016)
(110.55632019042969, 111.55872344970703, 38.490699768066406, 48.5317497253418)
(112.63566589355469, 112.5102310180664, 38.490699768066406, 48.5317497253418)
(112.91954040527344, 112.53430938720703, 38.490699768066406, 48.5317497253418)
(112.2206039428711, 111.12757873535156, 39.26051330566406, 49.502384185791016)
(112.3634033203125, 109.31804656982422, 38.490699768066406, 48.5317497253418)
(111.73091125488281, 108.18758392333984, 38.490699768066406, 48.5317497253418)
(110.18876647949219, 106.45575714111328, 38.490699768066406, 48.5317497253418)
(106.60429382324219, 105.83240509033203, 38.490699768066406, 48.5317497253418)
(103.39131164550781, 104.01920318603516, 38.490699768066406, 48.5317497253418)
(100.6502685546875, 103.64045715332031, 38.490699768066406, 48.5317497253418)
(97.82252502441406, 103.5143814086914, 38.490699768066406, 48.5317497253418)
(94.14665222167969, 103.63131713867188, 38.490699768066406, 48.5317497253418)
(91.08949279785156, 103.7645263671875, 39.26051330566406, 49.502384185791016)
(88.91677856445312, 104.2876968383789, 38.490699768066406, 48.5317497253418)
(88.41231536865234, 105.20533752441406, 37.73597717285156, 47.58014678955078)
(87.66848754882812, 105.19141387939453, 38.490699768066406, 48.5317497253418)
(87.67205810546875, 104.50475311279297, 38.490699768066406, 48.5317497253418)
(87.18399047851562, 104.38629913330078, 38.490699768066406, 48.5317497253418)
(86.75067138671875, 104.41944122314453, 38.490699768066406, 48.5317497253418)
(87.5570068359375, 105.37738800048828, 38.490699768066406, 48.5317497253418)
(87.71725463867188, 107.55249786376953, 38.490699768066406, 48.5317497253418)
(88.38494110107422, 109.16181945800781, 37.73597717285156, 47.58014678955078)
(87.84063720703125, 109.26691436767578, 38.490699768066406, 48.5317497253418)
(88.08116149902344, 109.42639923095703, 38.490699768066406, 48.5317497253418)
(88.53115844726562, 111.19860076904297, 38.490699768066406, 48.5317497253418)
(88.47001647949219, 113.26583099365234, 38.490699768066406, 48.5317497253418)
(87.82962036132812, 113.8581314086914, 38.490699768066406, 48.5317497253418)
(87.2706069946289, 113.99589538574219, 37.73597717285156, 47.58014678955078)
(86.44004821777344, 113.94881439208984, 38.490699768066406, 48.5317497253418)
(86.58403015136719, 114.14468383789062, 37.73597717285156, 47.58014678955078)
(85.54497528076172, 114.58123779296875, 37.73597717285156, 47.58014678955078)
(84.57300567626953, 113.46849060058594, 37.73597717285156, 47.58014678955078)
(83.84196472167969, 111.54124450683594, 37.73597717285156, 47.58014678955078)
(83.30233764648438, 110.63729095458984, 36.996055603027344, 46.64720153808594)
(81.66443634033203, 109.28492736816406, 37.73597717285156, 47.580142974853516)
(81.26065063476562, 108.4004135131836, 36.996055603027344, 46.64719772338867)
(79.32453155517578, 107.31263732910156, 37.7359733581543, 47.58013916015625)
(78.19345092773438, 106.32571411132812, 37.7359733581543, 47.58013916015625)
(76.22106170654297, 105.49716186523438, 37.7359733581543, 47.58013916015625)
(74.5057373046875, 105.58309936523438, 37.7359733581543, 47.58013916015625)
(73.23287200927734, 106.63044738769531, 36.99605178833008, 46.647193908691406)
(70.77960968017578, 107.15266418457031, 36.99605178833008, 46.647193908691406)
(68.70429992675781, 106.89616394042969, 36.99605178833008, 46.647193908691406)
(67.59953308105469, 106.05137634277344, 36.99605178833008, 46.647193908691406)
(65.56511688232422, 105.74699401855469, 36.99605178833008, 46.647193908691406)
(64.58009338378906, 105.56260681152344, 36.27063751220703, 45.7325439453125)
(64.02275085449219, 105.51722717285156, 36.99605178833008, 46.647193908691406)
(62.40851593017578, 105.52580261230469, 36.99605178833008, 46.647193908691406)
(62.64818572998047, 105.67344665527344, 36.99605178833008, 46.647193908691406)
(62.729225158691406, 106.2301025390625, 36.99605178833008, 46.647193908691406)
(63.69835662841797, 106.65899658203125, 36.99605178833008, 46.647193908691406)
(64.63031005859375, 108.64863586425781, 36.99605178833008, 46.647193908691406)
(65.9146728515625, 110.04389953613281, 36.27063751220703, 45.7325439453125)
(66.99249267578125, 111.51158142089844, 36.27063751220703, 45.7325439453125)
(67.66964721679688, 111.59686279296875, 36.27063751220703, 45.7325439453125)
(68.70854187011719, 111.56796264648438, 36.27063751220703, 45.7325439453125)
(68.39635467529297, 110.72250366210938, 36.99605178833008, 46.647193908691406)
(68.25181579589844, 109.84370422363281, 36.27063751220703, 45.7325439453125)
(67.62451171875, 110.09664916992188, 36.27063751220703, 45.7325439453125)
(66.44577026367188, 109.17195129394531, 36.99605178833008, 46.647193908691406)
(65.38216400146484, 106.94004821777344, 36.99605178833008, 46.647193908691406)
(64.53717803955078, 105.95909118652344, 36.99605178833008, 46.647193908691406)
(62.595970153808594, 104.31661987304688, 36.99605178833008, 46.647193908691406)
(61.981201171875, 103.97715759277344, 36.99605178833008, 46.647193908691406)
(62.060367584228516, 103.11299896240234, 36.27063751220703, 45.7325439453125)
(61.4921875, 102.81076049804688, 36.99605178833008, 46.647193908691406)
(61.74968719482422, 100.59776306152344, 36.99605178833008, 46.647193908691406)
(61.20221710205078, 101.12309265136719, 36.99605178833008, 46.647193908691406)
(62.956092834472656, 100.8043212890625, 36.99605178833008, 46.647193908691406)
(65.61695861816406, 100.11669158935547, 36.27063751220703, 45.7325439453125)
(68.01397705078125, 99.9422607421875, 36.99605178833008, 46.647193908691406)
(69.107666015625, 98.66558837890625, 36.27063751220703, 45.7325439453125)
(70.50518798828125, 98.15823364257812, 36.99605178833008, 46.647193908691406)
(71.1294174194336, 96.67996215820312, 36.99605178833008, 46.647193908691406)
(72.7223129272461, 95.58709716796875, 36.99605178833008, 46.647193908691406)
(72.68843078613281, 95.25688171386719, 37.73596954345703, 47.580135345458984)
(74.10289764404297, 95.47172546386719, 36.99604797363281, 46.64719009399414)
(73.84545135498047, 95.63884735107422, 36.99604797363281, 46.64719009399414)
(74.07464599609375, 95.28678131103516, 37.73596954345703, 47.580135345458984)
(77.29145050048828, 94.64556121826172, 36.99604797363281, 46.64719009399414)
(77.89612579345703, 93.94318389892578, 36.99604797363281, 46.64719009399414)
(80.03694152832031, 92.44258117675781, 36.99604797363281, 46.64719009399414)
(81.859619140625, 92.28515625, 37.73596954345703, 47.580135345458984)
(84.81448364257812, 92.7047348022461, 37.73596954345703, 47.580135345458984)
(86.53834533691406, 92.9147720336914, 38.49068832397461, 48.53173828125)
(88.1501235961914, 93.32237243652344, 38.49068832397461, 48.53173828125)
(90.67682647705078, 95.8856430053711, 38.49068832397461, 48.53173828125)
(93.68136596679688, 97.61029052734375, 38.49068832397461, 48.53173828125)
(95.76097869873047, 100.82931518554688, 38.49068832397461, 48.53173828125)
(98.0589828491211, 102.67570495605469, 39.260501861572266, 49.50237274169922)
(100.10785675048828, 104.56840515136719, 39.260501861572266, 49.50237274169922)
(101.81439971923828, 105.56021118164062, 39.260501861572266, 49.50237274169922)
(104.09254455566406, 106.58546447753906, 39.260501861572266, 49.50237274169922)
(108.06232452392578, 109.14437866210938, 39.260501861572266, 49.50237274169922)
(111.43441772460938, 113.97309875488281, 39.260501861572266, 49.50237274169922)
(113.86943054199219, 118.31512451171875, 39.260501861572266, 49.50237274169922)
(115.96511840820312, 118.79908752441406, 39.260501861572266, 49.50237274169922)
(115.53057861328125, 118.41222381591797, 40.045711517333984, 50.49241638183594)
(115.34542846679688, 117.63056182861328, 40.045711517333984, 50.49241638183594)
(113.88919067382812, 115.65383911132812, 40.846622467041016, 51.50226593017578)
(112.43636322021484, 113.29388427734375, 41.66355514526367, 52.532310485839844)
(109.79171752929688, 110.38697814941406, 42.496826171875, 53.58295440673828)
(107.63853454589844, 107.43820190429688, 42.496826171875, 53.58295440673828)
(105.2740707397461, 106.09953308105469, 42.496826171875, 53.58295440673828)
(100.8834457397461, 105.50355529785156, 42.496826171875, 53.58295440673828)
(95.31097412109375, 103.32398986816406, 43.34675979614258, 54.65460968017578)
(90.99591064453125, 101.60174560546875, 44.21369552612305, 55.747703552246094)
(85.50313568115234, 98.79435729980469, 44.21369552612305, 55.747703552246094)
(81.97827911376953, 97.72453308105469, 44.21369552612305, 55.747703552246094)
(77.00572204589844, 96.56791687011719, 45.09796905517578, 56.86265563964844)
(72.83274841308594, 95.67286682128906, 45.09796905517578, 56.86265563964844)
(69.85818481445312, 94.09956359863281, 45.09796905517578, 56.86265563964844)
(69.71485900878906, 93.9057388305664, 45.09796905517578, 56.86265563964844)
(71.8553466796875, 94.06190490722656, 45.09796905517578, 56.86265563964844)
(75.80447387695312, 96.34770965576172, 45.09796905517578, 56.86265563964844)
(79.87495422363281, 98.77155303955078, 45.09796905517578, 56.86265563964844)
(84.23136138916016, 99.86724853515625, 44.21369552612305, 55.747703552246094)
(87.65975952148438, 101.61689758300781, 44.21369552612305, 55.747703552246094)
(90.8530044555664, 103.32675170898438, 44.21369552612305, 55.747703552246094)
(93.14562225341797, 106.18553161621094, 44.21369552612305, 55.747703552246094)
(93.4580307006836, 109.45091247558594, 44.21369552612305, 55.747703552246094)
(96.36952209472656, 112.50352478027344, 43.34675979614258, 54.65460968017578)
(97.33160400390625, 114.56922912597656, 44.21369552612305, 55.747703552246094)
(100.22980499267578, 116.84342956542969, 43.34675979614258, 54.65460968017578)
(102.85911560058594, 117.30203247070312, 43.34675979614258, 54.65460968017578)
(104.01702117919922, 117.47138977050781, 43.34675979614258, 54.65460968017578)
(106.29624938964844, 116.82382202148438, 43.34675979614258, 54.65460968017578)
(109.64593505859375, 115.29682922363281, 42.496822357177734, 53.582950592041016)
(110.9617919921875, 112.9241943359375, 42.496822357177734, 53.582950592041016)
(112.72535705566406, 110.19680786132812, 42.496822357177734, 53.582950592041016)
(115.70199584960938, 106.31236267089844, 42.496822357177734, 53.582950592041016)
(117.3955078125, 102.20374298095703, 41.663551330566406, 52.53230667114258)
(117.89015197753906, 98.1970443725586, 41.663551330566406, 52.53230667114258)
(118.43215942382812, 94.41682434082031, 41.663551330566406, 52.53230667114258)
(117.76072692871094, 91.1315689086914, 41.663551330566406, 52.53230667114258)
(116.87692260742188, 87.96800994873047, 41.663551330566406, 52.53230667114258)
(115.38636779785156, 84.72579193115234, 41.663551330566406, 52.53230667114258)
(111.86054992675781, 81.95211029052734, 41.663551330566406, 52.53230667114258)
(109.14451599121094, 77.93267822265625, 41.663551330566406, 52.53230667114258)
(106.41349792480469, 74.34174346923828, 41.663551330566406, 52.53230667114258)
(102.81759643554688, 71.24288940429688, 42.496822357177734, 53.582950592041016)
(99.93180084228516, 67.94139862060547, 42.496822357177734, 53.582950592041016)
(96.87053680419922, 66.67213439941406, 42.496822357177734, 53.582950592041016)
(94.0715103149414, 64.27178955078125, 42.496822357177734, 53.582950592041016)
(92.31956481933594, 62.80230712890625, 42.496822357177734, 53.582950592041016)
(90.37966918945312, 62.275691986083984, 43.34675598144531, 54.65460968017578)
(88.97283935546875, 62.825740814208984, 43.34675598144531, 54.65460968017578)
(88.75082397460938, 63.449222564697266, 43.34675598144531, 54.65460968017578)
(87.17422485351562, 66.11930847167969, 43.34675598144531, 54.65460968017578)
(86.46127319335938, 67.61068725585938, 43.34675598144531, 54.65460968017578)
(84.84463500976562, 69.97848510742188, 43.34675598144531, 54.65460968017578)
(83.85952758789062, 70.26195526123047, 44.21369171142578, 55.74769973754883)
(82.88859558105469, 72.00939178466797, 44.21369171142578, 55.74769973754883)
(81.33743286132812, 74.58423614501953, 44.21369171142578, 55.74769973754883)
(79.14706420898438, 76.64720916748047, 44.21369171142578, 55.74769973754883)
(77.89375305175781, 79.23947143554688, 44.21369171142578, 55.74769973754883)
(76.96206665039062, 81.02336120605469, 44.21369171142578, 55.74769973754883)
(76.90986633300781, 84.32389068603516, 44.21369171142578, 55.74769973754883)
(77.57083129882812, 86.10037994384766, 44.21369171142578, 55.74769973754883)
(80.04849243164062, 88.84355926513672, 44.21369171142578, 55.74769973754883)
(81.21426391601562, 89.98870849609375, 44.21369171142578, 55.74769973754883)
(83.774169921875, 90.46604919433594, 45.097965240478516, 56.86265182495117)
(86.02455139160156, 90.90553283691406, 45.097965240478516, 56.86265182495117)
