(124, 92, 46, 58)
(124.0, 92.0, 46.0, 58.0)
(123.0, 93.0, 46.0, 58.0)
(123.0, 93.0, 46.0, 58.0)
(123.0, 93.0, 46.0, 58.0)
(123.0, 93.0, 46.0, 58.0)
(123.0, 93.0, 46.0, 58.0)
(123.0, 93.0, 46.0, 58.0)
(123.0, 94.0, 46.0, 58.0)
(123.0, 95.0, 46.0, 58.0)
(122.0, 96.0, 46.0, 58.0)
(121.0, 97.0, 46.0, 58.0)
(121.0, 98.0, 46.0, 58.0)
(120.0, 98.0, 46.0, 58.0)
(120.0, 98.0, 46.0, 58.0)
(119.0, 98.0, 46.0, 58.0)
(118.0, 99.0, 46.0, 58.0)
(117.0, 99.0, 46.0, 58.0)
(116.0, 99.0, 46.0, 58.0)
(116.0, 99.0, 46.0, 58.0)
(117.0, 98.0, 46.0, 58.0)
(117.0, 97.0, 46.0, 58.0)
(118.0, 96.0, 46.0, 58.0)
(120.0, 95.0, 46.0, 58.0)
(121.0, 94.0, 46.0, 58.0)
(123.0, 93.0, 46.0, 58.0)
(124.0, 93.0, 46.0, 58.0)
(126.0, 92.0, 46.0, 58.0)
(127.0, 91.0, 46.0, 58.0)
(128.0, 90.0, 46.0, 58.0)
(128.0, 89.0, 46.0, 58.0)
(128.0, 88.0, 46.0, 58.0)
(128.0, 87.0, 46.0, 58.0)
(126.0, 85.0, 46.0, 58.0)
(125.0, 84.0, 46.0, 58.0)
(123.0, 83.0, 46.0, 58.0)
(122.0, 82.0, 46.0, 58.0)
(121.0, 82.0, 46.0, 58.0)
(120.0, 82.0, 46.0, 58.0)
(119.0, 83.0, 46.0, 58.0)
(118.0, 85.0, 46.0, 58.0)
(118.0, 88.0, 46.0, 58.0)
(118.0, 90.0, 46.0, 58.0)
(118.0, 93.0, 46.0, 58.0)
(118.0, 95.0, 46.0, 58.0)
(118.0, 97.0, 46.0, 58.0)
(119.0, 98.0, 46.0, 58.0)
(120.0, 98.0, 46.0, 58.0)
(120.0, 99.0, 46.0, 58.0)
(121.0, 98.0, 46.0, 58.0)
(122.0, 97.0, 46.0, 58.0)
(122.0, 96.0, 46.0, 58.0)
(122.0, 96.0, 46.0, 58.0)
(124.0, 96.0, 46.0, 58.0)
(125.0, 95.0, 46.0, 58.0)
(123.0, 95.0, 46.0, 58.0)
(123.0, 95.0, 46.0, 58.0)
(123.0, 95.0, 46.0, 58.0)
(122.0, 95.0, 46.0, 58.0)
(123.0, 95.0, 46.0, 58.0)
(123.0, 96.0, 46.0, 58.0)
(122.0, 98.0, 46.0, 58.0)
(123.0, 100.0, 46.0, 58.0)
(122.0, 102.0, 46.0, 58.0)
(121.0, 104.0, 46.0, 58.0)
(121.0, 104.0, 46.0, 58.0)
(122.0, 106.0, 46.0, 58.0)
(123.0, 107.0, 46.0, 58.0)
(123.0, 107.0, 46.0, 58.0)
(123.0, 107.0, 46.0, 58.0)
(123.0, 105.0, 46.0, 58.0)
(124.0, 102.0, 46.0, 58.0)
(123.0, 100.0, 46.0, 58.0)
(123.0, 96.0, 46.0, 58.0)
(125.0, 94.0, 46.0, 58.0)
(125.0, 91.0, 46.0, 58.0)
(126.0, 88.0, 46.0, 58.0)
(125.0, 86.0, 46.0, 58.0)
(124.0, 84.0, 46.0, 58.0)
(124.0, 83.0, 46.0, 58.0)
(123.0, 83.0, 46.0, 58.0)
(123.0, 84.0, 46.0, 58.0)
(122.0, 85.0, 46.0, 58.0)
(122.0, 86.0, 46.0, 58.0)
(113.0, 87.0, 46.0, 58.0)
(121.0, 89.0, 46.0, 58.0)
(119.0, 91.0, 46.0, 58.0)
(118.0, 92.0, 46.0, 58.0)
(117.0, 94.0, 46.0, 58.0)
(114.0, 96.0, 46.0, 58.0)
(113.0, 97.0, 46.0, 58.0)
(112.0, 98.0, 46.0, 58.0)
(110.0, 99.0, 46.0, 58.0)
(108.0, 100.0, 46.0, 58.0)
(106.0, 102.0, 46.0, 58.0)
(104.0, 103.0, 46.0, 58.0)
(103.0, 105.0, 46.0, 58.0)
(101.0, 107.0, 46.0, 58.0)
(100.0, 108.0, 46.0, 58.0)
(100.0, 109.0, 46.0, 58.0)
(101.0, 110.0, 46.0, 58.0)
(102.0, 109.0, 46.0, 58.0)
(102.0, 108.0, 46.0, 58.0)
(105.0, 107.0, 46.0, 58.0)
(107.0, 107.0, 46.0, 58.0)
(109.0, 106.0, 46.0, 58.0)
(113.0, 106.0, 46.0, 58.0)
(116.0, 105.0, 46.0, 58.0)
(119.0, 104.0, 46.0, 58.0)
(122.0, 104.0, 46.0, 58.0)
(126.0, 105.0, 46.0, 58.0)
(128.0, 104.0, 46.0, 58.0)
(128.0, 103.0, 46.0, 58.0)
(129.0, 102.0, 46.0, 58.0)
(131.0, 102.0, 46.0, 58.0)
(135.0, 103.0, 46.0, 58.0)
(135.0, 104.0, 46.0, 58.0)
(134.0, 106.0, 46.0, 58.0)
(132.0, 107.0, 46.0, 58.0)
(131.0, 107.0, 46.0, 58.0)
(128.0, 107.0, 46.0, 58.0)
(126.0, 107.0, 46.0, 58.0)
(125.0, 107.0, 46.0, 58.0)
(122.0, 105.0, 46.0, 58.0)
(122.0, 103.0, 46.0, 58.0)
(118.0, 100.0, 46.0, 58.0)
(117.0, 98.0, 46.0, 58.0)
(114.0, 96.0, 46.0, 58.0)
(113.0, 95.0, 46.0, 58.0)
(112.0, 95.0, 46.0, 58.0)
(109.0, 96.0, 46.0, 58.0)
(107.0, 97.0, 46.0, 58.0)
(105.0, 99.0, 46.0, 58.0)
(102.0, 101.0, 46.0, 58.0)
(109.0, 103.0, 46.0, 58.0)
(109.0, 106.0, 46.0, 58.0)
(109.0, 108.0, 46.0, 58.0)
(110.0, 110.0, 46.0, 58.0)
(111.0, 111.0, 46.0, 58.0)
(113.0, 111.0, 46.0, 58.0)
(113.0, 111.0, 46.0, 58.0)
(114.0, 111.0, 46.0, 58.0)
(114.0, 111.0, 46.0, 58.0)
(113.0, 110.0, 46.0, 58.0)
(112.0, 108.0, 46.0, 58.0)
(111.0, 107.0, 46.0, 58.0)
(110.0, 105.0, 46.0, 58.0)
(107.0, 104.0, 46.0, 58.0)
(103.0, 103.0, 46.0, 58.0)
(100.0, 102.0, 46.0, 58.0)
(97.0, 101.0, 46.0, 58.0)
(95.0, 102.0, 46.0, 58.0)
(93.0, 103.0, 46.0, 58.0)
(91.0, 103.0, 46.0, 58.0)
(90.0, 104.0, 46.0, 58.0)
(89.0, 104.0, 46.0, 58.0)
(89.0, 103.0, 46.0, 58.0)
(88.0, 103.0, 46.0, 58.0)
(89.0, 103.0, 46.0, 58.0)
(88.0, 104.0, 46.0, 58.0)
(89.0, 106.0, 46.0, 58.0)
(88.0, 107.0, 46.0, 58.0)
(88.0, 108.0, 46.0, 58.0)
(89.0, 108.0, 46.0, 58.0)
(89.0, 110.0, 46.0, 58.0)
(88.0, 112.0, 46.0, 58.0)
(87.0, 113.0, 46.0, 58.0)
(87.0, 113.0, 46.0, 58.0)
(87.0, 113.0, 46.0, 58.0)
(86.0, 113.0, 46.0, 58.0)
(85.0, 113.0, 46.0, 58.0)
(85.0, 112.0, 46.0, 58.0)
(84.0, 111.0, 46.0, 58.0)
(84.0, 109.0, 46.0, 58.0)
(83.0, 108.0, 46.0, 58.0)
(81.0, 107.0, 46.0, 58.0)
(79.0, 106.0, 46.0, 58.0)
(78.0, 105.0, 46.0, 58.0)
(74.0, 104.0, 46.0, 58.0)
(75.0, 104.0, 46.0, 58.0)
(73.0, 104.0, 46.0, 58.0)
(71.0, 105.0, 46.0, 58.0)
(69.0, 105.0, 46.0, 58.0)
(68.0, 104.0, 46.0, 58.0)
(67.0, 104.0, 46.0, 58.0)
(65.0, 103.0, 46.0, 58.0)
(64.0, 103.0, 46.0, 58.0)
(64.0, 103.0, 46.0, 58.0)
(64.0, 103.0, 46.0, 58.0)
(64.0, 104.0, 46.0, 58.0)
(65.0, 104.0, 46.0, 58.0)
(66.0, 106.0, 46.0, 58.0)
(57.0, 107.0, 46.0, 58.0)
(57.0, 108.0, 46.0, 58.0)
(67.0, 109.0, 46.0, 58.0)
(69.0, 109.0, 46.0, 58.0)
(69.0, 108.0, 46.0, 58.0)
(66.0, 107.0, 46.0, 58.0)
(66.0, 107.0, 46.0, 58.0)
(64.0, 106.0, 46.0, 58.0)
(63.0, 105.0, 46.0, 58.0)
(63.0, 104.0, 46.0, 58.0)
(62.0, 103.0, 46.0, 58.0)
(64.0, 102.0, 46.0, 58.0)
(64.0, 101.0, 46.0, 58.0)
(63.0, 100.0, 46.0, 58.0)
(63.0, 99.0, 46.0, 58.0)
(63.0, 99.0, 46.0, 58.0)
(64.0, 99.0, 46.0, 58.0)
(64.0, 98.0, 46.0, 58.0)
(65.0, 97.0, 46.0, 58.0)
(70.0, 96.0, 46.0, 58.0)
(74.0, 96.0, 46.0, 58.0)
(76.0, 95.0, 46.0, 58.0)
(77.0, 94.0, 46.0, 58.0)
(72.0, 93.0, 46.0, 58.0)
(72.0, 93.0, 46.0, 58.0)
(79.0, 93.0, 46.0, 58.0)
(79.0, 93.0, 46.0, 58.0)
(80.0, 92.0, 46.0, 58.0)
(81.0, 91.0, 46.0, 58.0)
(84.0, 90.0, 46.0, 58.0)
(85.0, 90.0, 46.0, 58.0)
(88.0, 90.0, 46.0, 58.0)
(89.0, 91.0, 46.0, 58.0)
(90.0, 92.0, 46.0, 58.0)
(92.0, 94.0, 46.0, 58.0)
(95.0, 95.0, 46.0, 58.0)
(98.0, 97.0, 46.0, 58.0)
(100.0, 100.0, 46.0, 58.0)
(103.0, 103.0, 46.0, 58.0)
(101.0, 104.0, 46.0, 58.0)
(106.0, 104.0, 46.0, 58.0)
(111.0, 106.0, 46.0, 58.0)
(114.0, 110.0, 46.0, 58.0)
(115.0, 116.0, 46.0, 58.0)
(117.0, 117.0, 46.0, 58.0)
(116.0, 116.0, 46.0, 58.0)
(116.0, 115.0, 46.0, 58.0)
(115.0, 113.0, 46.0, 58.0)
(115.0, 111.0, 46.0, 58.0)
(113.0, 108.0, 46.0, 58.0)
(111.0, 105.0, 46.0, 58.0)
(108.0, 104.0, 46.0, 58.0)
(105.0, 102.0, 46.0, 58.0)
(100.0, 101.0, 46.0, 58.0)
(95.0, 100.0, 46.0, 58.0)
(90.0, 97.0, 46.0, 58.0)
(86.0, 95.0, 46.0, 58.0)
(82.0, 95.0, 46.0, 58.0)
(77.0, 94.0, 46.0, 58.0)
(74.0, 93.0, 46.0, 58.0)
(73.0, 93.0, 46.0, 58.0)
(76.0, 93.0, 46.0, 58.0)
(78.0, 95.0, 46.0, 58.0)
(83.0, 97.0, 46.0, 58.0)
(86.0, 99.0, 46.0, 58.0)
(89.0, 100.0, 46.0, 58.0)
(93.0, 101.0, 46.0, 58.0)
(94.0, 105.0, 46.0, 58.0)
(97.0, 108.0, 46.0, 58.0)
(99.0, 110.0, 46.0, 58.0)
(100.0, 113.0, 46.0, 58.0)
(102.0, 115.0, 46.0, 58.0)
(104.0, 116.0, 46.0, 58.0)
(107.0, 116.0, 46.0, 58.0)
(108.0, 115.0, 46.0, 58.0)
(111.0, 114.0, 46.0, 58.0)
(112.0, 112.0, 46.0, 58.0)
(114.0, 109.0, 46.0, 58.0)
(116.0, 105.0, 46.0, 58.0)
(118.0, 101.0, 46.0, 58.0)
(119.0, 97.0, 46.0, 58.0)
(122.0, 93.0, 46.0, 58.0)
(122.0, 89.0, 46.0, 58.0)
(121.0, 86.0, 46.0, 58.0)
(118.0, 83.0, 46.0, 58.0)
(115.0, 80.0, 46.0, 58.0)
(112.0, 77.0, 46.0, 58.0)
(110.0, 73.0, 46.0, 58.0)
(108.0, 70.0, 46.0, 58.0)
(104.0, 67.0, 46.0, 58.0)
(102.0, 65.0, 46.0, 58.0)
(98.0, 63.0, 46.0, 58.0)
(96.0, 61.0, 46.0, 58.0)
(95.0, 61.0, 46.0, 58.0)
(93.0, 61.0, 46.0, 58.0)
(92.0, 62.0, 46.0, 58.0)
(91.0, 64.0, 46.0, 58.0)
(90.0, 66.0, 46.0, 58.0)
(89.0, 67.0, 46.0, 58.0)
(88.0, 69.0, 46.0, 58.0)
(87.0, 71.0, 46.0, 58.0)
(85.0, 72.0, 46.0, 58.0)
(84.0, 75.0, 46.0, 58.0)
(82.0, 77.0, 46.0, 58.0)
(81.0, 79.0, 46.0, 58.0)
(82.0, 82.0, 46.0, 58.0)
(82.0, 84.0, 46.0, 58.0)
(84.0, 86.0, 46.0, 58.0)
(85.0, 87.0, 46.0, 58.0)
(87.0, 88.0, 46.0, 58.0)
(90.0, 89.0, 46.0, 58.0)
