(150, 56, 82, 96)
(151.92742919921875, 59.53163146972656, 77.27043151855469, 90.46295166015625)
(151.35800170898438, 64.6738052368164, 75.75532531738281, 88.68916320800781)
(146.39312744140625, 66.69959259033203, 75.75532531738281, 88.68916320800781)
(143.34872436523438, 66.79331970214844, 77.27043151855469, 90.46295166015625)
(142.22543334960938, 67.74726104736328, 75.75532531738281, 88.68916320800781)
(140.0641632080078, 63.918296813964844, 74.26992797851562, 86.95016479492188)
(137.86712646484375, 58.82978820800781, 75.75532531738281, 88.68916320800781)
(137.48208618164062, 56.023284912109375, 75.75532531738281, 88.68916320800781)
(137.56349182128906, 56.71629333496094, 74.26992797851562, 86.95016479492188)
(135.8892059326172, 57.16303253173828, 72.81365203857422, 85.24525451660156)
(128.18942260742188, 56.743282318115234, 74.26992797851562, 86.95015716552734)
(122.56028747558594, 58.519100189208984, 74.26992797851562, 86.95015716552734)
(117.5596923828125, 62.067386627197266, 74.26992797851562, 86.95015716552734)
(112.3555679321289, 60.026885986328125, 75.75532531738281, 88.68916320800781)
(111.67159271240234, 58.3643798828125, 75.75532531738281, 88.68916320800781)
(112.5559310913086, 55.500877380371094, 75.75532531738281, 88.68916320800781)
(114.79744720458984, 54.414222717285156, 75.75532531738281, 88.68916320800781)
(118.21875, 55.36722946166992, 74.26992797851562, 86.95015716552734)
(120.38368225097656, 56.252498626708984, 74.26992797851562, 86.95015716552734)
(122.84457397460938, 60.5352897644043, 72.81365203857422, 85.24524688720703)
(121.46260070800781, 61.865142822265625, 74.2699203491211, 86.95014953613281)
(122.19570922851562, 62.606422424316406, 74.2699203491211, 86.95014953613281)
(123.50444793701172, 64.29376983642578, 72.81364440917969, 85.2452392578125)
(122.79580688476562, 64.87594604492188, 75.75531005859375, 88.68914031982422)
(124.99899291992188, 66.92914581298828, 72.81363677978516, 85.2452392578125)
(123.40605926513672, 65.6079330444336, 74.26991271972656, 86.95013427734375)
(125.96893310546875, 61.25436782836914, 72.81363677978516, 85.24523162841797)
(128.3946990966797, 56.80601119995117, 72.81363677978516, 85.24523162841797)
(132.6951141357422, 49.81431579589844, 75.75530242919922, 88.68913269042969)
(137.57115173339844, 46.039791107177734, 77.2704086303711, 90.4629135131836)
(140.87509155273438, 44.83017349243164, 77.2704086303711, 90.4629135131836)
(145.06271362304688, 43.614044189453125, 78.81581115722656, 92.27217102050781)
(148.87423706054688, 43.681907653808594, 78.81581115722656, 92.27217102050781)
(151.85159301757812, 46.56962585449219, 77.27040100097656, 90.46290588378906)
(153.20535278320312, 49.53192901611328, 77.27040100097656, 90.46290588378906)
(154.29637145996094, 52.71342849731445, 74.2698974609375, 86.95012664794922)
(151.46795654296875, 49.0034294128418, 75.75529479980469, 88.68912506103516)
(149.09738159179688, 46.01780700683594, 77.27040100097656, 90.46290588378906)
(145.02114868164062, 41.790618896484375, 80.39212036132812, 94.11759948730469)
(141.4222869873047, 41.557472229003906, 78.8157958984375, 92.27215576171875)
(138.44993591308594, 42.719181060791016, 77.27039337158203, 90.46289825439453)
(132.09068298339844, 48.27663040161133, 77.27039337158203, 90.46289825439453)
(126.31854248046875, 51.64467239379883, 77.27039337158203, 90.46289825439453)
(121.06684875488281, 52.96713638305664, 78.8157958984375, 92.27214813232422)
(115.86676788330078, 51.105098724365234, 80.39210510253906, 94.11759185791016)
(112.60123443603516, 50.461952209472656, 81.99995422363281, 95.99993896484375)
(111.22276306152344, 50.75060272216797, 83.63994598388672, 97.91993713378906)
(108.61972045898438, 50.42534255981445, 85.312744140625, 99.87833404541016)
(109.11845397949219, 48.71904754638672, 83.63994598388672, 97.91993713378906)
(109.66719055175781, 42.1814079284668, 85.312744140625, 99.87833404541016)
(111.21035766601562, 38.310401916503906, 83.63994598388672, 97.91993713378906)
(114.96440124511719, 38.26537322998047, 83.63994598388672, 97.91993713378906)
(118.86933898925781, 39.598243713378906, 83.63994598388672, 97.91993713378906)
(119.82220458984375, 44.320152282714844, 83.63994598388672, 97.91993713378906)
(122.87116241455078, 50.451263427734375, 81.99995422363281, 95.99993896484375)
(126.11439514160156, 54.62596130371094, 83.63994598388672, 97.91993713378906)
(129.63888549804688, 57.553802490234375, 83.63994598388672, 97.91993713378906)
(132.69491577148438, 59.83319091796875, 81.99995422363281, 95.99993896484375)
(134.90087890625, 57.39306640625, 83.63994598388672, 97.91993713378906)
(140.52276611328125, 52.906982421875, 81.99995422363281, 95.99993896484375)
(142.72750854492188, 45.482200622558594, 83.63994598388672, 97.91993713378906)
(146.88438415527344, 39.78740310668945, 85.312744140625, 99.87833404541016)
(145.90225219726562, 36.65565490722656, 87.01899719238281, 101.87590026855469)
(147.625, 36.88496398925781, 87.01899719238281, 101.87590026855469)
(147.32937622070312, 43.594276428222656, 87.01899719238281, 101.87590026855469)
(144.18577575683594, 47.40724182128906, 88.7593765258789, 103.91342163085938)
(141.8380889892578, 48.05884552001953, 88.7593765258789, 103.91342163085938)
(141.26356506347656, 51.5482292175293, 85.312744140625, 99.87833404541016)
(141.50314331054688, 53.34190368652344, 83.63994598388672, 97.91993713378906)
(138.00181579589844, 52.32735824584961, 85.312744140625, 99.87833404541016)
(138.89317321777344, 49.722816467285156, 83.63994598388672, 97.91993713378906)
(139.86380004882812, 47.349464416503906, 83.63994598388672, 97.91993713378906)
(141.15408325195312, 47.87220764160156, 81.99995422363281, 95.99993896484375)
(140.62521362304688, 53.3094482421875, 81.99995422363281, 95.99993896484375)
(139.02679443359375, 57.325469970703125, 81.99995422363281, 95.99993896484375)
(136.43060302734375, 57.55193328857422, 81.99995422363281, 95.99993896484375)
(135.91183471679688, 57.95011901855469, 81.99995422363281, 95.99993896484375)
(135.57565307617188, 59.16515350341797, 81.99995422363281, 95.99993896484375)
(134.32418823242188, 60.089080810546875, 81.99995422363281, 95.99993896484375)
(132.61965942382812, 60.09088134765625, 81.99995422363281, 95.99993896484375)
(129.13818359375, 58.15751266479492, 80.39210510253906, 94.11759185791016)
(124.68999481201172, 54.779415130615234, 80.39210510253906, 94.11759185791016)
(123.60338592529297, 52.01350402832031, 81.99995422363281, 95.99993896484375)
(124.06299591064453, 50.334564208984375, 81.99995422363281, 95.99993896484375)
(123.2701644897461, 56.1680793762207, 80.39210510253906, 94.11759185791016)
(122.51216888427734, 60.921443939208984, 80.39210510253906, 94.11759185791016)
(124.13430786132812, 66.34548950195312, 78.81578826904297, 92.27214050292969)
(125.61051940917969, 69.10220336914062, 77.27037811279297, 90.46288299560547)
(129.02777099609375, 75.33128356933594, 74.26988220214844, 86.95010375976562)
(130.71533203125, 74.51107025146484, 74.26988220214844, 86.95010375976562)
(133.16732788085938, 68.09488677978516, 74.26988220214844, 86.95010375976562)
(136.4601287841797, 58.87737274169922, 75.7552719116211, 88.68910217285156)
(138.6553955078125, 50.840023040771484, 77.27037811279297, 90.46288299560547)
(143.67913818359375, 47.006752014160156, 78.81578826904297, 92.27214050292969)
(146.9898223876953, 44.425052642822266, 80.39209747314453, 94.1175765991211)
(148.2781219482422, 46.9102668762207, 80.39209747314453, 94.1175765991211)
(150.1757049560547, 50.84833908081055, 80.39209747314453, 94.1175765991211)
(151.80047607421875, 51.65434646606445, 80.39209747314453, 94.1175765991211)
(153.6603240966797, 51.11479949951172, 81.99993896484375, 95.99992370605469)
(155.19921875, 52.15032958984375, 80.39208984375, 94.11756896972656)
(155.60580444335938, 52.77719497680664, 78.81578063964844, 92.27213287353516)
(154.24603271484375, 52.51436996459961, 78.81578063964844, 92.27213287353516)
(155.34625244140625, 52.741859436035156, 77.27037048339844, 90.46287536621094)
(153.684814453125, 51.902366638183594, 78.8157730102539, 92.27212524414062)
(151.94815063476562, 50.45417404174805, 77.2703628540039, 90.4628677368164)
(151.98959350585938, 53.106048583984375, 75.75525665283203, 88.6890869140625)
(147.33963012695312, 57.767601013183594, 75.75525665283203, 88.6890869140625)
(144.08497619628906, 59.96847915649414, 74.26985931396484, 86.95008087158203)
(141.54212951660156, 60.947654724121094, 72.81359100341797, 85.24517822265625)
(138.78604125976562, 64.0971908569336, 72.81359100341797, 85.24517822265625)
(132.93392944335938, 66.35648345947266, 72.81359100341797, 85.24517822265625)
(128.82180786132812, 64.41523742675781, 74.26985931396484, 86.95008087158203)
(129.49305725097656, 59.93625259399414, 74.26985931396484, 86.95008087158203)
(130.27613830566406, 57.39323806762695, 74.26985931396484, 86.95008087158203)
(131.1751708984375, 56.94282913208008, 74.26985931396484, 86.95008087158203)
(131.08270263671875, 56.46732711791992, 74.26985931396484, 86.95008087158203)
(131.20388793945312, 56.79701614379883, 74.26985931396484, 86.95008087158203)
(131.02853393554688, 57.59771728515625, 72.81359100341797, 85.24517822265625)
(131.45619201660156, 59.49192810058594, 72.81359100341797, 85.24517822265625)
(133.9862823486328, 63.05067825317383, 71.38587188720703, 83.5737075805664)
(133.61709594726562, 63.957061767578125, 72.81359100341797, 85.24517822265625)
(136.0245361328125, 62.941070556640625, 72.81359100341797, 85.24517822265625)
(140.63858032226562, 60.589683532714844, 72.81359100341797, 85.24517822265625)
(140.93179321289062, 55.6887092590332, 74.26985931396484, 86.95008087158203)
(144.0979766845703, 53.0832633972168, 75.75525665283203, 88.68907928466797)
(148.88247680664062, 50.755409240722656, 77.2703628540039, 90.46286010742188)
(152.3270263671875, 47.71893310546875, 80.39208221435547, 94.1175537109375)
(156.85902404785156, 46.81904602050781, 80.39208221435547, 94.1175537109375)
(159.15472412109375, 46.55867004394531, 80.39208221435547, 94.1175537109375)
(160.04034423828125, 48.42304229736328, 80.39208221435547, 94.1175537109375)
(161.73287963867188, 49.02748107910156, 80.39208221435547, 94.1175537109375)
(163.4023895263672, 49.63248062133789, 78.81576538085938, 92.2721176147461)
(162.9488525390625, 49.26872634887695, 78.81576538085938, 92.2721176147461)
(162.06626892089844, 49.61932373046875, 77.27035522460938, 90.46286010742188)
(160.1357879638672, 47.8773193359375, 78.81575775146484, 92.27210998535156)
(159.11016845703125, 45.40016174316406, 78.81575775146484, 92.27210998535156)
(158.94996643066406, 41.94828796386719, 78.81575775146484, 92.27210998535156)
(162.49879455566406, 40.39020538330078, 78.81575775146484, 92.27210998535156)
(161.1979522705078, 39.083168029785156, 78.81575775146484, 92.27210998535156)
(159.0470428466797, 37.923744201660156, 78.81575775146484, 92.27210998535156)
(154.5492706298828, 37.8409309387207, 77.27035522460938, 90.46285247802734)
(153.4017333984375, 40.449119567871094, 75.7552490234375, 88.68907165527344)
(149.56539916992188, 42.12699890136719, 75.7552490234375, 88.68907165527344)
(146.18894958496094, 43.940269470214844, 75.7552490234375, 88.68907165527344)
(141.4283447265625, 44.1361083984375, 75.7552490234375, 88.68907165527344)
(140.15106201171875, 43.50859832763672, 75.7552490234375, 88.68907165527344)
(137.6588897705078, 39.52479553222656, 77.27034759521484, 90.46284484863281)
(136.0130615234375, 35.037261962890625, 77.27034759521484, 90.46284484863281)
(134.3373565673828, 32.6640625, 77.27034759521484, 90.46284484863281)
(134.63394165039062, 31.50450897216797, 77.27034759521484, 90.46284484863281)
(131.51760864257812, 31.03986358642578, 77.27034759521484, 90.46284484863281)
(132.0347137451172, 31.660568237304688, 77.27034759521484, 90.46284484863281)
(131.88641357421875, 34.681549072265625, 78.81575012207031, 92.2720947265625)
(131.27774047851562, 39.24449920654297, 78.81575012207031, 92.2720947265625)
(131.87142944335938, 43.59236145019531, 78.81575012207031, 92.2720947265625)
(132.313720703125, 45.631629943847656, 78.81575012207031, 92.2720947265625)
(134.4747314453125, 45.302608489990234, 77.27033996582031, 90.46283721923828)
(134.98171997070312, 42.59031677246094, 78.81574249267578, 92.2720947265625)
(134.93116760253906, 38.29154586791992, 80.39205932617188, 94.1175308227539)
(134.19622802734375, 33.983795166015625, 81.9999008178711, 95.9998779296875)
(135.04054260253906, 30.063873291015625, 83.639892578125, 97.91987609863281)
(135.8145294189453, 25.530364990234375, 83.639892578125, 97.91987609863281)
(136.16500854492188, 24.284767150878906, 83.639892578125, 97.91987609863281)
(133.71324157714844, 24.060890197753906, 85.31268310546875, 99.87826538085938)
(131.29653930664062, 26.05217742919922, 83.639892578125, 97.91987609863281)
(129.9599151611328, 29.720535278320312, 83.639892578125, 97.91987609863281)
(129.4873504638672, 34.602272033691406, 83.639892578125, 97.91987609863281)
(128.34776306152344, 38.02240753173828, 83.639892578125, 97.91987609863281)
(127.67167663574219, 41.1357421875, 83.639892578125, 97.91987609863281)
(129.7833251953125, 42.32526397705078, 81.99989318847656, 95.9998779296875)
(129.18576049804688, 41.06354522705078, 81.99989318847656, 95.9998779296875)
(129.82801818847656, 37.7183837890625, 80.39205169677734, 94.11752319335938)
(130.1352996826172, 34.633949279785156, 80.39205169677734, 94.11752319335938)
(129.5450439453125, 30.8765869140625, 80.39205169677734, 94.11752319335938)
(128.30421447753906, 28.088237762451172, 81.99988555908203, 95.99987030029297)
(127.43882751464844, 26.28543472290039, 81.99988555908203, 95.99987030029297)
(127.32697296142578, 27.026447296142578, 80.39204406738281, 94.11751556396484)
(128.83306884765625, 30.053871154785156, 78.81573486328125, 92.27207946777344)
(130.21469116210938, 33.530399322509766, 77.27032470703125, 90.46282196044922)
(132.3637237548828, 35.062217712402344, 78.81573486328125, 92.27207946777344)
(133.5153350830078, 38.088470458984375, 75.7552261352539, 88.68904113769531)
(131.93820190429688, 41.87981414794922, 75.7552261352539, 88.68904113769531)
(129.83956909179688, 43.75773620605469, 74.26982879638672, 86.95004272460938)
(127.31095886230469, 46.22064208984375, 72.81356048583984, 85.24514770507812)
(124.05304718017578, 47.78631591796875, 71.38584899902344, 83.57366943359375)
(119.53596496582031, 45.379913330078125, 72.81356048583984, 85.24514770507812)
(118.62124633789062, 43.16228485107422, 72.81356048583984, 85.24514770507812)
(115.04632568359375, 42.07256317138672, 72.81356048583984, 85.24514770507812)
(112.9969482421875, 41.25941467285156, 72.81356048583984, 85.24514770507812)
(109.47695922851562, 40.912933349609375, 72.81356048583984, 85.24514770507812)
(109.78103637695312, 40.538665771484375, 72.81356048583984, 85.24514770507812)
(110.6549301147461, 41.583282470703125, 71.38584899902344, 83.57366943359375)
(113.20745849609375, 42.54410171508789, 69.98612213134766, 81.93497467041016)
(117.82569885253906, 41.99153518676758, 69.98612213134766, 81.93497467041016)
(122.03813934326172, 36.86485290527344, 71.38584899902344, 83.57366943359375)
(125.7065658569336, 32.31879425048828, 71.38584899902344, 83.57366943359375)
(125.94332122802734, 29.481307983398438, 71.38584899902344, 83.57366943359375)
(126.8727798461914, 23.689453125, 71.38584899902344, 83.57366943359375)
(132.55715942382812, 25.441200256347656, 71.38584899902344, 83.57366943359375)
(138.25790405273438, 29.922698974609375, 71.38584899902344, 83.57366943359375)
(140.32420349121094, 33.56187438964844, 72.81356048583984, 85.24514770507812)
(146.21444702148438, 34.558860778808594, 71.38584899902344, 83.57366943359375)
(150.439697265625, 37.23211669921875, 71.38584899902344, 83.57366943359375)
(151.51699829101562, 36.61846160888672, 71.38584899902344, 83.57366943359375)
(154.50604248046875, 36.795204162597656, 71.38584899902344, 83.57366943359375)
(155.39138793945312, 37.967498779296875, 71.38584899902344, 83.57366943359375)
(156.61505126953125, 41.70048522949219, 71.38584899902344, 83.57366943359375)
(159.48464965820312, 44.816001892089844, 71.38584899902344, 83.57366943359375)
(160.50381469726562, 46.271751403808594, 71.38584899902344, 83.57366943359375)
(162.61624145507812, 47.334747314453125, 71.38584899902344, 83.57366943359375)
(164.8459014892578, 48.927486419677734, 69.98612213134766, 81.93497467041016)
(165.09475708007812, 50.57762145996094, 71.38584899902344, 83.57366943359375)
(162.13427734375, 48.486061096191406, 72.81356048583984, 85.24514770507812)
(155.62094116210938, 45.74848175048828, 74.26982879638672, 86.95004272460938)
(152.40919494628906, 46.68339538574219, 74.26982879638672, 86.95004272460938)
(147.46615600585938, 46.146080017089844, 74.26982879638672, 86.95004272460938)
(143.04376220703125, 46.12071228027344, 74.26982879638672, 86.95004272460938)
(136.9434356689453, 45.44843292236328, 74.26982879638672, 86.95004272460938)
(134.5450897216797, 43.601043701171875, 75.7552261352539, 88.68904113769531)
(131.93991088867188, 42.33955001831055, 77.27032470703125, 90.46282196044922)
(129.7359161376953, 41.026527404785156, 78.81573486328125, 92.27207946777344)
(129.20733642578125, 41.84684753417969, 78.81573486328125, 92.27207946777344)
(131.9710235595703, 46.82929229736328, 78.81573486328125, 92.27207946777344)
(133.06826782226562, 49.54227828979492, 80.39204406738281, 94.11751556396484)
(137.6300506591797, 50.20514678955078, 81.99988555908203, 95.99986267089844)
(142.03482055664062, 50.193992614746094, 83.63987731933594, 97.91986083984375)
(147.68087768554688, 50.509429931640625, 83.63987731933594, 97.91986083984375)
(152.7247314453125, 50.730018615722656, 83.63987731933594, 97.91986083984375)
(158.015380859375, 50.261146545410156, 83.63987731933594, 97.91986083984375)
(162.29702758789062, 49.90782928466797, 83.63987731933594, 97.91986083984375)
(164.281982421875, 49.712120056152344, 83.63987731933594, 97.91986083984375)
(166.53134155273438, 48.711021423339844, 83.63987731933594, 97.91986083984375)
(169.2652587890625, 48.58464813232422, 83.63987731933594, 97.91986083984375)
(168.00735473632812, 50.77783203125, 85.31267547607422, 99.87825012207031)
(166.093017578125, 52.532447814941406, 85.31267547607422, 99.87825012207031)
(165.92630004882812, 55.997840881347656, 83.63987731933594, 97.91986083984375)
(163.4510040283203, 58.20018005371094, 85.31267547607422, 99.87825012207031)
(162.34628295898438, 58.532447814941406, 83.63987731933594, 97.91986083984375)
(161.84271240234375, 59.155296325683594, 83.63987731933594, 97.91986083984375)
(163.56666564941406, 59.697715759277344, 81.99988555908203, 95.99986267089844)
(163.6227569580078, 59.42522430419922, 81.99988555908203, 95.99986267089844)
(164.5795440673828, 58.22404479980469, 81.99988555908203, 95.99986267089844)
(167.62741088867188, 57.15873718261719, 81.99988555908203, 95.99986267089844)
(170.9138946533203, 57.51824951171875, 80.39203643798828, 94.11750793457031)
(171.99325561523438, 58.85377883911133, 78.81572723388672, 92.2720718383789)
(174.1913604736328, 60.7495002746582, 78.81572723388672, 92.2720718383789)
(174.48574829101562, 62.47184371948242, 78.81572723388672, 92.2720718383789)
(175.3995361328125, 63.50515365600586, 78.81572723388672, 92.2720718383789)
(175.45706176757812, 63.71516799926758, 78.81572723388672, 92.2720718383789)
(174.53738403320312, 63.536922454833984, 78.81572723388672, 92.2720718383789)
(169.66490173339844, 60.70994567871094, 80.39203643798828, 94.11750793457031)
(166.52728271484375, 55.66024398803711, 81.9998779296875, 95.9998550415039)
(163.43069458007812, 51.58210372924805, 85.31266784667969, 99.87824249267578)
(160.405517578125, 47.60763931274414, 85.31266784667969, 99.87824249267578)
(159.76104736328125, 44.82485580444336, 85.31266784667969, 99.87824249267578)
(157.03082275390625, 40.88069152832031, 87.0189208984375, 101.87580871582031)
(156.9677734375, 38.65324401855469, 88.7593002319336, 103.913330078125)
(157.07705688476562, 38.38756561279297, 88.7593002319336, 103.913330078125)
(157.1619873046875, 42.43133544921875, 88.7593002319336, 103.913330078125)
(156.35986328125, 49.260475158691406, 88.7593002319336, 103.913330078125)
(156.67953491210938, 55.472389221191406, 88.7593002319336, 103.913330078125)
(156.39572143554688, 58.21382141113281, 90.53448486328125, 105.99159240722656)
(159.28396606445312, 57.078086853027344, 90.53448486328125, 105.99159240722656)
(160.9176483154297, 53.130943298339844, 90.53448486328125, 105.99159240722656)
(164.31163024902344, 47.78312683105469, 88.7593002319336, 103.913330078125)
(165.4551239013672, 43.75934600830078, 90.53448486328125, 105.99159240722656)
(166.54815673828125, 39.017173767089844, 92.34518432617188, 108.11143493652344)
(166.8643798828125, 36.85810852050781, 92.34518432617188, 108.11143493652344)
(165.05393981933594, 34.44053649902344, 94.19207763671875, 110.27365112304688)
(163.9087371826172, 33.44905090332031, 94.19207763671875, 110.27365112304688)
(163.20220947265625, 36.666297912597656, 92.34518432617188, 108.11143493652344)
(161.78138732910156, 40.06004333496094, 92.34518432617188, 108.11143493652344)
(162.7218475341797, 43.354766845703125, 90.53448486328125, 105.99159240722656)
(163.02122497558594, 45.33274841308594, 88.7593002319336, 103.913330078125)
(159.6443328857422, 46.63951873779297, 87.0189208984375, 101.87580871582031)
(153.2208251953125, 45.54222106933594, 87.0189208984375, 101.87580871582031)
(147.23240661621094, 43.21021270751953, 88.7593002319336, 103.913330078125)
(141.86952209472656, 40.98565673828125, 88.7593002319336, 103.913330078125)
(136.0411376953125, 35.923828125, 88.7593002319336, 103.913330078125)
(127.98570251464844, 31.785476684570312, 88.7593002319336, 103.913330078125)
(122.9853515625, 30.321609497070312, 88.7593002319336, 103.913330078125)
(119.2921142578125, 29.609413146972656, 88.7593002319336, 103.913330078125)
(117.97308349609375, 30.72333526611328, 88.7593002319336, 103.913330078125)
(115.97732543945312, 36.2015380859375, 88.7593002319336, 103.913330078125)
(115.37086486816406, 41.75999450683594, 88.7593002319336, 103.913330078125)
(115.04524230957031, 47.42863464355469, 88.7593002319336, 103.913330078125)
(114.94143676757812, 47.79664611816406, 88.7593002319336, 103.913330078125)
(117.49516296386719, 47.457740783691406, 88.7593002319336, 103.913330078125)
(124.81105041503906, 49.009315490722656, 87.0189208984375, 101.87580871582031)
(129.59706115722656, 48.759552001953125, 87.0189208984375, 101.87580871582031)
(133.8966522216797, 46.25617980957031, 88.7593002319336, 103.913330078125)
(141.06332397460938, 43.531280517578125, 90.53448486328125, 105.99159240722656)
(141.85877990722656, 42.522911071777344, 90.53448486328125, 105.99159240722656)
(142.30189514160156, 42.668067932128906, 88.7593002319336, 103.913330078125)
(139.69400024414062, 41.983131408691406, 88.7593002319336, 103.913330078125)
(134.12301635742188, 42.07112121582031, 88.7593002319336, 103.913330078125)
(128.88124084472656, 41.686279296875, 88.7593002319336, 103.913330078125)
(122.23703002929688, 43.73102569580078, 88.7593002319336, 103.913330078125)
(114.25201416015625, 42.896995544433594, 90.53448486328125, 105.99159240722656)
(105.92242431640625, 41.98567199707031, 90.53448486328125, 105.99159240722656)
(98.15951538085938, 38.50060272216797, 92.34518432617188, 108.11143493652344)
(91.70512390136719, 31.56218719482422, 92.34518432617188, 108.11143493652344)
(85.12803649902344, 25.801902770996094, 94.19207763671875, 110.27365112304688)
(78.85610961914062, 22.446128845214844, 96.07592010498047, 112.4791259765625)
(78.07898712158203, 20.203880310058594, 97.9974365234375, 114.72869873046875)
(77.18635559082031, 21.5770263671875, 97.9974365234375, 114.72869873046875)
(76.69812774658203, 28.866867065429688, 97.9974365234375, 114.72869873046875)
(75.62793731689453, 35.33983612060547, 97.9974365234375, 114.72869873046875)
(73.53966522216797, 40.92967987060547, 97.9974365234375, 114.72869873046875)
(70.50225830078125, 44.092376708984375, 96.07592010498047, 112.4791259765625)
(64.27216339111328, 46.08000183105469, 94.19207763671875, 110.27365112304688)
(57.543800354003906, 45.42643737792969, 94.19207763671875, 110.27365112304688)
(51.640106201171875, 44.298789978027344, 94.19207763671875, 110.27365112304688)
(46.231895446777344, 39.99689483642578, 94.19207763671875, 110.27365112304688)
(46.74413299560547, 36.23777770996094, 94.19207763671875, 110.27365112304688)
(47.48950958251953, 32.20288848876953, 94.19207763671875, 110.27365112304688)
(50.11310577392578, 32.91441345214844, 92.34518432617188, 108.11143493652344)
(55.18156433105469, 33.269065856933594, 92.34518432617188, 108.11143493652344)
(60.85308837890625, 37.83863067626953, 90.53448486328125, 105.99159240722656)
(63.01704788208008, 43.51947784423828, 88.7593002319336, 103.913330078125)
(64.39533996582031, 45.20988464355469, 88.7593002319336, 103.913330078125)
(69.94105529785156, 46.52581787109375, 88.7593002319336, 103.913330078125)
(74.23665618896484, 50.620872497558594, 87.0189208984375, 101.87580871582031)
(79.56147003173828, 50.666839599609375, 87.0189208984375, 101.87580871582031)
(83.17462158203125, 48.75236511230469, 87.0189208984375, 101.87580871582031)
(88.620849609375, 42.74159240722656, 87.0189208984375, 101.87580871582031)
(92.75634765625, 34.906585693359375, 87.0189208984375, 101.87580871582031)
(100.74488830566406, 27.759811401367188, 87.0189208984375, 101.87580871582031)
(109.7857666015625, 23.71540069580078, 87.0189208984375, 101.87580871582031)
(117.31350708007812, 23.90222930908203, 87.0189208984375, 101.87580871582031)
(122.41845703125, 28.998870849609375, 88.7593002319336, 103.913330078125)
(123.69981384277344, 31.21833038330078, 88.7593002319336, 103.913330078125)
(126.19358825683594, 33.63085174560547, 87.0189208984375, 101.87580871582031)
(127.991455078125, 34.91870880126953, 87.0189208984375, 101.87580871582031)
(128.52224731445312, 36.596839904785156, 88.7593002319336, 103.913330078125)
(129.07228088378906, 36.72381591796875, 88.7593002319336, 103.913330078125)
(127.39907836914062, 36.086090087890625, 88.7593002319336, 103.913330078125)
(127.75177001953125, 32.632728576660156, 90.53448486328125, 105.99159240722656)
(127.46214294433594, 31.09234619140625, 90.53448486328125, 105.99159240722656)
(126.87130737304688, 28.13750457763672, 90.53448486328125, 105.99159240722656)
(127.56230163574219, 27.199195861816406, 90.53448486328125, 105.99159240722656)
(126.81674194335938, 29.378089904785156, 90.53448486328125, 105.99159240722656)
(126.20951843261719, 30.35552978515625, 90.53448486328125, 105.99159240722656)
(126.23738098144531, 31.956260681152344, 90.53448486328125, 105.99159240722656)
(125.97036743164062, 32.910186767578125, 90.53448486328125, 105.99159240722656)
(125.86859130859375, 33.214019775390625, 90.53448486328125, 105.99159240722656)
(125.73576354980469, 32.965911865234375, 90.53448486328125, 105.99159240722656)
(127.72996520996094, 32.668067932128906, 90.53448486328125, 105.99159240722656)
(129.70623779296875, 27.944305419921875, 92.34518432617188, 108.11143493652344)
(134.51873779296875, 22.96441650390625, 90.53448486328125, 105.99159240722656)
(138.6146240234375, 21.033920288085938, 92.34518432617188, 108.11143493652344)
(141.65887451171875, 20.00579071044922, 92.34518432617188, 108.11143493652344)
(143.6195068359375, 25.89012908935547, 92.34518432617188, 108.11143493652344)
(143.6300506591797, 33.76188659667969, 92.34518432617188, 108.11143493652344)
(142.5875244140625, 40.32902526855469, 92.34518432617188, 108.11143493652344)
(142.24533081054688, 44.18125915527344, 92.34518432617188, 108.11143493652344)
(141.2274169921875, 45.137001037597656, 92.34518432617188, 108.11143493652344)
(136.8943634033203, 42.347572326660156, 92.34518432617188, 108.11143493652344)
(136.97772216796875, 36.761802673339844, 90.53448486328125, 105.99159240722656)
(141.22381591796875, 31.565093994140625, 90.53448486328125, 105.99159240722656)
(146.96713256835938, 28.859397888183594, 90.53448486328125, 105.99159240722656)
(152.34719848632812, 31.60698699951172, 88.7593002319336, 103.913330078125)
(152.76893615722656, 34.24302673339844, 88.7593002319336, 103.913330078125)
(152.64320373535156, 39.96223449707031, 87.0189208984375, 101.87580871582031)
(148.74783325195312, 43.67234420776367, 85.31266784667969, 99.87824249267578)
(142.51675415039062, 45.52063751220703, 83.6398696899414, 97.91984558105469)
(137.62965393066406, 46.65587615966797, 81.99987030029297, 95.99984741210938)
(131.58468627929688, 46.38960266113281, 81.99987030029297, 95.99984741210938)
(124.7066650390625, 41.74217224121094, 80.39203643798828, 94.11750793457031)
(119.79214477539062, 38.39447784423828, 80.39203643798828, 94.11750793457031)
(118.89903259277344, 32.018829345703125, 80.39203643798828, 94.11750793457031)
(120.57000732421875, 30.61749267578125, 80.39203643798828, 94.11750793457031)
(122.389892578125, 32.518218994140625, 80.39203643798828, 94.11750793457031)
(121.95938110351562, 34.66484069824219, 80.39203643798828, 94.11750793457031)
(121.61691284179688, 37.77494812011719, 80.39203643798828, 94.11750793457031)
(122.21635437011719, 40.11176300048828, 80.39203643798828, 94.11750793457031)
(120.92575073242188, 40.270843505859375, 80.39203643798828, 94.11750793457031)
(117.92982482910156, 41.45051574707031, 80.39203643798828, 94.11750793457031)
(115.52926635742188, 42.29865264892578, 80.39203643798828, 94.11750793457031)
(113.22279357910156, 39.98585510253906, 80.39203643798828, 94.11750793457031)
(115.70809936523438, 35.8424072265625, 80.39203643798828, 94.11750793457031)
(119.97799682617188, 34.81299591064453, 80.39203643798828, 94.11750793457031)
(122.1119384765625, 33.85418701171875, 80.39203643798828, 94.11750793457031)
(131.69276428222656, 38.178977966308594, 80.39203643798828, 94.11750793457031)
(138.36074829101562, 41.13563537597656, 78.81571960449219, 92.27206420898438)
(143.84170532226562, 41.02711486816406, 78.81571960449219, 92.27206420898438)
(150.68353271484375, 38.690765380859375, 78.81571960449219, 92.27206420898438)
(154.9302215576172, 36.65971374511719, 80.39203643798828, 94.11750793457031)
(158.75428771972656, 35.36687469482422, 80.39203643798828, 94.11750793457031)
(160.9240264892578, 34.33594512939453, 80.39203643798828, 94.11750793457031)
(162.84548950195312, 34.346153259277344, 78.81571960449219, 92.27206420898438)
(163.54286193847656, 30.105384826660156, 77.27031707763672, 90.46281433105469)
(163.65081787109375, 26.997779846191406, 78.81571960449219, 92.27206420898438)
(164.81307983398438, 25.57563018798828, 77.27031707763672, 90.46281433105469)
(164.45358276367188, 25.92021942138672, 77.27031707763672, 90.46281433105469)
(164.7567138671875, 27.835525512695312, 75.75521087646484, 88.68902587890625)
(167.34396362304688, 35.337379455566406, 74.26981353759766, 86.95002746582031)
(164.509765625, 42.47410583496094, 74.26981353759766, 86.95002746582031)
(160.3278350830078, 47.545326232910156, 74.26981353759766, 86.95002746582031)
(155.6259307861328, 48.28662109375, 74.26981353759766, 86.95002746582031)
(149.72772216796875, 48.59709167480469, 74.26981353759766, 86.95002746582031)
(144.45846557617188, 44.235511779785156, 74.26981353759766, 86.95002746582031)
(143.7639923095703, 41.18040466308594, 74.26981353759766, 86.95002746582031)
(148.47581481933594, 35.33830261230469, 74.26981353759766, 86.95002746582031)
(149.84434509277344, 35.022499084472656, 74.26981353759766, 86.95002746582031)
(150.87335205078125, 36.4754638671875, 74.26981353759766, 86.95002746582031)
(149.17201232910156, 40.39625549316406, 74.26981353759766, 86.95002746582031)
(150.5099334716797, 44.743919372558594, 74.26981353759766, 86.95002746582031)
(151.6048126220703, 46.24712371826172, 74.26981353759766, 86.95002746582031)
(151.7327880859375, 48.33494567871094, 74.26981353759766, 86.95002746582031)
(151.84124755859375, 51.898529052734375, 74.26981353759766, 86.95002746582031)
(153.1823272705078, 53.865882873535156, 72.81354522705078, 85.24513244628906)
(154.76271057128906, 54.248680114746094, 72.81354522705078, 85.24513244628906)
(156.71939086914062, 49.857566833496094, 72.81354522705078, 85.24513244628906)
(156.1537628173828, 45.568260192871094, 72.81354522705078, 85.24513244628906)
(159.52796936035156, 45.43687438964844, 72.81354522705078, 85.24513244628906)
(162.8618927001953, 49.792572021484375, 71.38583374023438, 83.57365417480469)
(161.7186279296875, 54.562164306640625, 71.38583374023438, 83.57365417480469)
(159.98532104492188, 58.02482223510742, 69.98611450195312, 81.9349594116211)
(156.6622772216797, 61.435428619384766, 69.98611450195312, 81.9349594116211)
(152.12098693847656, 61.5454216003418, 69.98611450195312, 81.9349594116211)
(150.1510009765625, 60.95333480834961, 69.98611450195312, 81.9349594116211)
(149.12120056152344, 60.1563835144043, 69.98611450195312, 81.9349594116211)
(146.61431884765625, 56.9690055847168, 68.61383819580078, 80.3283920288086)
(142.81956481933594, 54.54710006713867, 68.61383819580078, 80.3283920288086)
(136.958740234375, 52.8913459777832, 68.61383819580078, 80.3283920288086)
(135.0842742919922, 51.26639938354492, 68.61383819580078, 80.3283920288086)
(131.69500732421875, 46.5216178894043, 68.61383819580078, 80.3283920288086)
(130.49380493164062, 39.91482925415039, 68.61383819580078, 80.3283920288086)
(129.7095184326172, 39.27833938598633, 68.61383819580078, 80.3283920288086)
(125.80088806152344, 43.90121841430664, 68.61383819580078, 80.3283920288086)
(126.15409851074219, 45.59634780883789, 68.61383819580078, 80.3283920288086)
(126.39840698242188, 47.2855339050293, 68.61383819580078, 80.3283920288086)
(125.26353454589844, 50.98649978637695, 68.61383819580078, 80.3283920288086)
(122.85017395019531, 52.294193267822266, 68.61383819580078, 80.3283920288086)
(122.00151062011719, 54.16969299316406, 67.26846313476562, 78.75332641601562)
(120.01173400878906, 53.199954986572266, 68.61383819580078, 80.3283920288086)
(123.46823120117188, 52.74873733520508, 68.61383819580078, 80.3283920288086)
(129.08433532714844, 52.21701431274414, 69.98611450195312, 81.9349594116211)
(135.52642822265625, 52.77781295776367, 69.98611450195312, 81.9349594116211)
(142.9086151123047, 53.65536880493164, 69.98611450195312, 81.9349594116211)
(147.90003967285156, 52.62507629394531, 71.38583374023438, 83.57365417480469)
(151.1248321533203, 52.3455810546875, 71.38583374023438, 83.57365417480469)
(153.2135467529297, 53.799015045166016, 69.98611450195312, 81.9349594116211)
(151.89620971679688, 56.457977294921875, 71.38583374023438, 83.57365417480469)
(153.2910919189453, 55.778018951416016, 69.98611450195312, 81.9349594116211)
(157.54168701171875, 54.292842864990234, 69.98611450195312, 81.9349594116211)
(156.91534423828125, 53.68257522583008, 68.61383819580078, 80.3283920288086)
(155.85227966308594, 54.23626708984375, 67.26846313476562, 78.75332641601562)
(149.7364044189453, 51.67704772949219, 67.26846313476562, 78.75332641601562)
(143.6327667236328, 46.810115814208984, 68.61383819580078, 80.3283920288086)
(146.0301055908203, 47.09574508666992, 69.98611450195312, 81.9349594116211)
(146.4768829345703, 52.205318450927734, 69.98611450195312, 81.9349594116211)
(145.62583923339844, 52.664608001708984, 69.98611450195312, 81.9349594116211)
(146.0598907470703, 55.49797439575195, 69.98611450195312, 81.9349594116211)
(145.29034423828125, 56.25442886352539, 69.98611450195312, 81.9349594116211)
(151.9048309326172, 59.56905746459961, 69.98611450195312, 81.9349594116211)
(152.54306030273438, 56.88972473144531, 71.38583374023438, 83.57365417480469)
(153.1507110595703, 56.70722198486328, 71.38583374023438, 83.57365417480469)
(153.64190673828125, 57.505653381347656, 71.38583374023438, 83.57365417480469)
(155.1388397216797, 57.021942138671875, 71.38583374023438, 83.57365417480469)
(154.02430725097656, 58.376625061035156, 71.38583374023438, 83.57365417480469)
(154.48260498046875, 57.4412841796875, 71.38583374023438, 83.57365417480469)
(152.652099609375, 57.794029235839844, 71.38583374023438, 83.57365417480469)
(150.6890411376953, 58.92657470703125, 71.38583374023438, 83.57365417480469)
(146.7947235107422, 58.45191192626953, 71.38583374023438, 83.57365417480469)
(144.43148803710938, 57.62446594238281, 71.38583374023438, 83.57365417480469)
(141.43739318847656, 56.07880401611328, 72.81354522705078, 85.24513244628906)
(137.0877685546875, 55.52494812011719, 72.81354522705078, 85.24513244628906)
(131.81016540527344, 54.75702667236328, 72.81354522705078, 85.24513244628906)
(129.11859130859375, 54.02091979980469, 74.26981353759766, 86.95002746582031)
(125.53082275390625, 54.36932373046875, 74.26981353759766, 86.95002746582031)
(124.11285400390625, 53.51807403564453, 75.75521087646484, 88.68902587890625)
(122.916748046875, 53.64799499511719, 75.75521087646484, 88.68902587890625)
(122.40106201171875, 53.859832763671875, 75.75521087646484, 88.68902587890625)
(123.12541198730469, 51.36536407470703, 74.26981353759766, 86.95002746582031)
(125.58082580566406, 51.527618408203125, 74.26981353759766, 86.95002746582031)
(128.1112518310547, 48.349754333496094, 74.26981353759766, 86.95002746582031)
(129.0791015625, 49.65644836425781, 74.26981353759766, 86.95002746582031)
(131.5207977294922, 49.316314697265625, 74.26981353759766, 86.95002746582031)
(132.44961547851562, 49.592796325683594, 74.26981353759766, 86.95002746582031)
(132.0523681640625, 49.97236633300781, 74.26981353759766, 86.95002746582031)
(127.3175048828125, 50.00726318359375, 74.26981353759766, 86.95002746582031)
(126.51739501953125, 48.128440856933594, 75.75521087646484, 88.68902587890625)
(126.56703186035156, 46.83885192871094, 75.75521087646484, 88.68902587890625)
(127.00468444824219, 45.404823303222656, 75.75521087646484, 88.68902587890625)
(128.166748046875, 45.177696228027344, 75.75521087646484, 88.68902587890625)
(128.4804229736328, 44.02339172363281, 75.75521087646484, 88.68902587890625)
(128.2932891845703, 42.729331970214844, 75.75521087646484, 88.68902587890625)
(131.1562042236328, 40.866172790527344, 75.75521087646484, 88.68902587890625)
(132.24880981445312, 40.056236267089844, 75.75521087646484, 88.68902587890625)
(133.3562469482422, 38.92731475830078, 75.75521087646484, 88.68902587890625)
(127.32400512695312, 35.14392852783203, 75.75521087646484, 88.68902587890625)
(126.58670043945312, 35.052772521972656, 75.75521087646484, 88.68902587890625)
(125.58766174316406, 36.09700012207031, 75.75521087646484, 88.68902587890625)
(120.26188659667969, 37.1776123046875, 75.75521087646484, 88.68902587890625)
(119.27879333496094, 39.37147521972656, 75.75521087646484, 88.68902587890625)
(115.64559936523438, 39.13209533691406, 74.26981353759766, 86.95002746582031)
(119.171142578125, 39.5950927734375, 74.26981353759766, 86.95002746582031)
(119.43421936035156, 36.94708251953125, 74.26981353759766, 86.95002746582031)
(125.30189514160156, 35.40941619873047, 74.26981353759766, 86.95002746582031)
(128.59930419921875, 31.417617797851562, 74.26981353759766, 86.95002746582031)
(132.18919372558594, 28.22728729248047, 74.26981353759766, 86.95002746582031)
(137.1553192138672, 28.87841033935547, 74.26981353759766, 86.95002746582031)
(141.9069061279297, 30.168235778808594, 74.26981353759766, 86.95002746582031)
(142.67967224121094, 31.174209594726562, 75.75521087646484, 88.68902587890625)
(148.08387756347656, 31.766929626464844, 75.75521087646484, 88.68902587890625)
(150.17904663085938, 30.409996032714844, 75.75521087646484, 88.68902587890625)
(149.377197265625, 26.123977661132812, 75.75521087646484, 88.68902587890625)
(150.31011962890625, 23.05957794189453, 75.75521087646484, 88.68902587890625)
(153.18890380859375, 21.52227783203125, 75.75521087646484, 88.68902587890625)
(157.7181854248047, 21.743186950683594, 75.75521087646484, 88.68902587890625)
(156.59019470214844, 25.31103515625, 74.26981353759766, 86.95002746582031)
(155.98851013183594, 31.9654541015625, 74.26981353759766, 86.95002746582031)
(151.82948303222656, 37.014976501464844, 74.26981353759766, 86.95002746582031)
(145.83189392089844, 39.49384307861328, 74.26981353759766, 86.95002746582031)
(138.87771606445312, 41.95708465576172, 74.26981353759766, 86.95002746582031)
(131.63626098632812, 42.241188049316406, 74.26981353759766, 86.95002746582031)
(124.51344299316406, 40.055992126464844, 74.26981353759766, 86.95002746582031)
(124.51220703125, 40.456878662109375, 74.26981353759766, 86.95002746582031)
(121.44456481933594, 38.26561737060547, 74.26981353759766, 86.95002746582031)
(120.76510620117188, 33.42808532714844, 74.26981353759766, 86.95002746582031)
(123.39878845214844, 34.590576171875, 74.26981353759766, 86.95002746582031)
(124.91854858398438, 34.46863555908203, 75.75521087646484, 88.68902587890625)
(128.27207946777344, 35.413902282714844, 75.75521087646484, 88.68902587890625)
(132.2821807861328, 37.823402404785156, 75.75521087646484, 88.68902587890625)
(133.90359497070312, 40.564308166503906, 75.75521087646484, 88.68902587890625)
(137.20474243164062, 44.532249450683594, 75.75521087646484, 88.68902587890625)
(141.96421813964844, 47.53472137451172, 75.75521087646484, 88.68902587890625)
(144.92489624023438, 48.618614196777344, 75.75521087646484, 88.68902587890625)
(146.74880981445312, 46.38359451293945, 77.27030944824219, 90.46280670166016)
(148.06668090820312, 39.33711624145508, 78.81571960449219, 92.27205657958984)
(148.532470703125, 34.448062896728516, 78.81571960449219, 92.27205657958984)
(148.84336853027344, 33.090450286865234, 80.39202880859375, 94.11750030517578)
(149.1821746826172, 32.88037109375, 81.99987030029297, 95.99984741210938)
(149.82980346679688, 35.89045333862305, 83.63986206054688, 97.91983795166016)
(150.21389770507812, 35.999080657958984, 83.63986206054688, 97.91983795166016)
(149.45030212402344, 34.875675201416016, 83.63986206054688, 97.91983795166016)
(147.87693786621094, 31.199291229248047, 83.63986206054688, 97.91983795166016)
(146.34292602539062, 25.718402862548828, 83.63986206054688, 97.91983795166016)
(144.6527862548828, 21.42623519897461, 83.63986206054688, 97.91983795166016)
(143.1031951904297, 15.516487121582031, 85.31265258789062, 99.87823486328125)
(137.9790802001953, 10.140846252441406, 85.31265258789062, 99.87823486328125)
(136.4910888671875, 12.033950805664062, 85.31265258789062, 99.87823486328125)
(129.52871704101562, 17.082984924316406, 87.01891326904297, 101.87579345703125)
(124.96893310546875, 18.401840209960938, 87.01891326904297, 101.87579345703125)
(123.22117614746094, 18.838027954101562, 87.01891326904297, 101.87579345703125)
(123.5528564453125, 20.090866088867188, 87.01891326904297, 101.87579345703125)
(123.26669311523438, 19.968429565429688, 87.01891326904297, 101.87579345703125)
(122.47271728515625, 21.51728057861328, 87.01891326904297, 101.87579345703125)
(121.01687622070312, 22.015609741210938, 87.01891326904297, 101.87579345703125)
(119.08555603027344, 22.252227783203125, 87.01891326904297, 101.87579345703125)
(120.59431457519531, 19.645774841308594, 87.01891326904297, 101.87579345703125)
(123.67184448242188, 21.547348022460938, 85.31265258789062, 99.87823486328125)
(125.64279174804688, 25.01613998413086, 83.63986206054688, 97.91983795166016)
(127.59947204589844, 31.08279800415039, 83.63986206054688, 97.91983795166016)
(128.27337646484375, 34.16826248168945, 83.63986206054688, 97.91983795166016)
(127.37295532226562, 37.949100494384766, 83.63986206054688, 97.91983795166016)
(128.61080932617188, 41.16630172729492, 83.63986206054688, 97.91983795166016)
(126.47294616699219, 40.00083541870117, 83.63986206054688, 97.91983795166016)
(127.89788818359375, 33.99538803100586, 83.63986206054688, 97.91983795166016)
(131.62008666992188, 25.877544403076172, 83.63986206054688, 97.91983795166016)
(135.38461303710938, 19.575008392333984, 83.63986206054688, 97.91983795166016)
(137.44467163085938, 22.946231842041016, 83.63986206054688, 97.91983795166016)
(139.3436737060547, 28.29477310180664, 83.63986206054688, 97.91983795166016)
(139.5181121826172, 32.06914138793945, 83.63986206054688, 97.91983795166016)
(138.74510192871094, 33.5959587097168, 83.63986206054688, 97.91983795166016)
(137.80320739746094, 35.99911880493164, 83.63986206054688, 97.91983795166016)
(137.16319274902344, 37.7974967956543, 83.63986206054688, 97.91983795166016)
(136.56362915039062, 38.83456039428711, 83.63986206054688, 97.91983795166016)
(136.02096557617188, 37.2161750793457, 83.63986206054688, 97.91983795166016)
(138.3682098388672, 36.53901290893555, 83.63986206054688, 97.91983795166016)
(138.25196838378906, 37.15629196166992, 83.63986206054688, 97.91983795166016)
(132.44937133789062, 35.75999069213867, 83.63986206054688, 97.91983795166016)
(128.2863006591797, 36.70659255981445, 83.63986206054688, 97.91983795166016)
(126.07142639160156, 37.54878616333008, 83.63986206054688, 97.91983795166016)
(121.76666259765625, 37.90678024291992, 83.63986206054688, 97.91983795166016)
(114.87814331054688, 37.5980339050293, 83.63986206054688, 97.91983795166016)
(110.24330139160156, 36.10993576049805, 83.63986206054688, 97.91983795166016)
(105.2876205444336, 35.88687515258789, 81.99986267089844, 95.99983978271484)
(101.5118179321289, 35.63014602661133, 81.99986267089844, 95.99983978271484)
(105.06262969970703, 34.579349517822266, 81.99986267089844, 95.99983978271484)
(106.41798400878906, 32.881248474121094, 80.39202880859375, 94.11749267578125)
(108.4417724609375, 27.473312377929688, 80.39202880859375, 94.11749267578125)
(113.10171508789062, 27.562644958496094, 80.39202880859375, 94.11749267578125)
(114.18704986572266, 31.086994171142578, 81.99986267089844, 95.99983978271484)
(118.46755981445312, 37.95111846923828, 80.39202880859375, 94.11749267578125)
(122.15229034423828, 41.008968353271484, 81.99986267089844, 95.99983978271484)
(128.56494140625, 42.10634231567383, 81.99986267089844, 95.99983978271484)
(136.39163208007812, 41.128074645996094, 80.39202880859375, 94.11749267578125)
(141.5740966796875, 36.22520446777344, 80.39202880859375, 94.11749267578125)
(144.58201599121094, 32.247581481933594, 80.39202880859375, 94.11749267578125)
(147.0137481689453, 29.197463989257812, 80.39202880859375, 94.11749267578125)
(148.9947052001953, 26.576568603515625, 80.39202880859375, 94.11749267578125)
(150.73062133789062, 25.71990203857422, 80.39202880859375, 94.11749267578125)
(152.1833953857422, 26.279830932617188, 80.39202880859375, 94.11749267578125)
(151.10733032226562, 26.586090087890625, 80.39202880859375, 94.11749267578125)
(150.87667846679688, 28.425086975097656, 80.39202880859375, 94.11749267578125)
(150.11741638183594, 30.57958984375, 80.39202880859375, 94.11749267578125)
(146.14053344726562, 33.36848449707031, 80.39202880859375, 94.11749267578125)
(143.40444946289062, 33.6636962890625, 80.39202880859375, 94.11749267578125)
(143.44178771972656, 34.432861328125, 80.39202880859375, 94.11749267578125)
(139.8953094482422, 34.65449523925781, 80.39202880859375, 94.11749267578125)
(140.33030700683594, 33.50664520263672, 78.81571197509766, 92.27204895019531)
(140.2052001953125, 30.83336639404297, 78.81571197509766, 92.27204895019531)
(140.07044982910156, 30.964866638183594, 78.81571197509766, 92.27204895019531)
(139.70591735839844, 31.277664184570312, 78.81571197509766, 92.27204895019531)
(138.50135803222656, 31.08338165283203, 80.39202880859375, 94.11749267578125)
(139.4463348388672, 32.50862121582031, 80.39202880859375, 94.11749267578125)
(141.66673278808594, 33.915611267089844, 80.39202880859375, 94.11749267578125)
(144.41880798339844, 35.43036651611328, 80.39202880859375, 94.11749267578125)
(144.504150390625, 35.024208068847656, 80.39202880859375, 94.11749267578125)
(144.0207061767578, 35.70555877685547, 80.39202880859375, 94.11749267578125)
(145.03285217285156, 38.033355712890625, 80.39202880859375, 94.11749267578125)
(144.4391326904297, 40.570106506347656, 78.81571197509766, 92.27204895019531)
(138.9610137939453, 46.01819610595703, 78.81571197509766, 92.27204895019531)
(138.98158264160156, 50.114402770996094, 78.81571197509766, 92.27204895019531)
(140.14459228515625, 53.1544189453125, 78.81571197509766, 92.27204895019531)
(140.41476440429688, 57.07655334472656, 78.81571197509766, 92.27204895019531)
(138.82666015625, 59.29377746582031, 77.27030944824219, 90.46279907226562)
(134.70550537109375, 58.578948974609375, 77.27030944824219, 90.46279907226562)
(134.88363647460938, 56.24366760253906, 77.27030944824219, 90.46279907226562)
(136.65701293945312, 54.42633819580078, 77.27030944824219, 90.46279907226562)
(134.22640991210938, 52.15449523925781, 77.27030944824219, 90.46279907226562)
(135.910400390625, 47.72180938720703, 77.27030944824219, 90.46279907226562)
(138.58172607421875, 47.707252502441406, 77.27030944824219, 90.46279907226562)
(141.24374389648438, 47.82481384277344, 77.27030944824219, 90.46279907226562)
(146.3311767578125, 47.35846710205078, 77.27030944824219, 90.46279907226562)
(149.19558715820312, 48.74870300292969, 77.27030944824219, 90.46279907226562)
(150.51593017578125, 49.35967254638672, 77.27030944824219, 90.46279907226562)
(152.79006958007812, 49.612083435058594, 77.27030944824219, 90.46279907226562)
(155.0726318359375, 48.73664093017578, 77.27030944824219, 90.46279907226562)
(156.03912353515625, 43.95703125, 77.27030944824219, 90.46279907226562)
(155.3409423828125, 41.61792755126953, 77.27030944824219, 90.46279907226562)
(152.07229614257812, 40.19507598876953, 77.27030944824219, 90.46279907226562)
(147.96121215820312, 38.35160446166992, 75.75520324707031, 88.68901824951172)
(143.40310668945312, 38.49863815307617, 75.75520324707031, 88.68901824951172)
(137.5657958984375, 41.88412857055664, 75.75520324707031, 88.68901824951172)
(132.89364624023438, 43.89303970336914, 75.75520324707031, 88.68901824951172)
(128.57028198242188, 45.18024826049805, 75.75520324707031, 88.68901824951172)
(125.16411590576172, 47.445796966552734, 75.75520324707031, 88.68901824951172)
(119.69188690185547, 48.703739166259766, 75.75520324707031, 88.68901824951172)
(115.4465560913086, 48.510135650634766, 75.75520324707031, 88.68901824951172)
(115.16287994384766, 48.8112678527832, 75.75520324707031, 88.68901824951172)
(111.07874298095703, 45.78847885131836, 75.75520324707031, 88.68901824951172)
(113.21295166015625, 41.9891242980957, 74.26980590820312, 86.95001983642578)
(115.10694885253906, 41.11268997192383, 74.26980590820312, 86.95001983642578)
(117.29214477539062, 42.450809478759766, 74.26980590820312, 86.95001983642578)
(120.29328918457031, 48.34184265136719, 72.81353759765625, 85.2451171875)
(124.61880493164062, 52.515411376953125, 72.81353759765625, 85.2451171875)
(130.48300170898438, 57.93037796020508, 71.38581848144531, 83.57364654541016)
(136.08740234375, 62.60699462890625, 69.98609924316406, 81.93495178222656)
(142.0811767578125, 62.647926330566406, 69.98609924316406, 81.93495178222656)
(145.28317260742188, 61.15155029296875, 69.98609924316406, 81.93495178222656)
(152.15255737304688, 58.08183288574219, 69.98609924316406, 81.93495178222656)
(158.73291015625, 56.21968078613281, 69.98609924316406, 81.93495178222656)
(163.2427978515625, 56.81675720214844, 69.98609924316406, 81.93495178222656)
(165.018798828125, 60.74413299560547, 69.98609924316406, 81.93495178222656)
(166.75564575195312, 64.46105194091797, 69.98609924316406, 81.93495178222656)
(167.83148193359375, 66.39920806884766, 69.98609924316406, 81.93495178222656)
(166.6042938232422, 68.16477966308594, 68.61382293701172, 80.32838439941406)
(161.99215698242188, 67.08393096923828, 68.61382293701172, 80.32838439941406)
(156.98008728027344, 64.97252655029297, 68.61382293701172, 80.32838439941406)
(155.7028045654297, 62.049285888671875, 68.61382293701172, 80.32838439941406)
(154.31983947753906, 62.55144500732422, 67.2684555053711, 78.75331115722656)
(150.73287963867188, 62.52308654785156, 68.61382293701172, 80.32838439941406)
(148.87570190429688, 61.80103302001953, 68.61382293701172, 80.32838439941406)
(149.4830780029297, 61.09910583496094, 68.61382293701172, 80.32838439941406)
(148.7449493408203, 60.62110137939453, 68.61382293701172, 80.32838439941406)
(145.77285766601562, 62.05586242675781, 68.61382293701172, 80.32838439941406)
(143.40322875976562, 62.547607421875, 68.61382293701172, 80.32838439941406)
(141.58148193359375, 62.73710632324219, 68.61382293701172, 80.32838439941406)
(140.57598876953125, 62.40294647216797, 68.61382293701172, 80.32838439941406)
(139.9202423095703, 62.05567932128906, 68.61382293701172, 80.32838439941406)
(138.94126892089844, 61.511512756347656, 68.61382293701172, 80.32838439941406)
(138.77894592285156, 59.982521057128906, 68.61382293701172, 80.32838439941406)
(140.10679626464844, 57.447914123535156, 68.61382293701172, 80.32838439941406)
(142.74627685546875, 56.704612731933594, 68.61382293701172, 80.32838439941406)
(145.31924438476562, 56.50135040283203, 68.61382293701172, 80.32838439941406)
(151.11082458496094, 57.67967987060547, 68.61382293701172, 80.32838439941406)
(156.1532745361328, 60.94731140136719, 68.61382293701172, 80.32838439941406)
(160.4152069091797, 62.972625732421875, 68.61382293701172, 80.32838439941406)
(162.33067321777344, 65.72630310058594, 68.61382293701172, 80.32838439941406)
(164.27133178710938, 67.65914916992188, 68.61382293701172, 80.32838439941406)
(165.36309814453125, 66.89104461669922, 69.98609924316406, 81.93495178222656)
(167.869384765625, 66.47571563720703, 69.98609924316406, 81.93495178222656)
(169.22796630859375, 63.19108581542969, 69.98609924316406, 81.93495178222656)
(167.7132568359375, 60.624210357666016, 71.38581848144531, 83.57364654541016)
(167.79217529296875, 59.78902816772461, 71.38581848144531, 83.57364654541016)
(167.16818237304688, 59.26432418823242, 71.38581848144531, 83.57364654541016)
(168.59988403320312, 57.90433883666992, 71.38581848144531, 83.57364654541016)
(168.76690673828125, 54.1447639465332, 71.38581848144531, 83.57364654541016)
(172.76644897460938, 51.77005386352539, 71.38581848144531, 83.57364654541016)
(175.66989135742188, 52.355892181396484, 71.38581848144531, 83.57364654541016)
(175.58355712890625, 54.131893157958984, 71.38581848144531, 83.57364654541016)
(175.93560791015625, 59.00265121459961, 71.38581848144531, 83.57364654541016)
(178.90045166015625, 61.49142837524414, 71.38581848144531, 83.57364654541016)
(178.0794677734375, 62.6877555847168, 71.38581848144531, 83.57364654541016)
(176.57040405273438, 62.59760665893555, 71.38581848144531, 83.57364654541016)
(173.74343872070312, 62.97352981567383, 71.38581848144531, 83.57364654541016)
(171.74850463867188, 62.76975631713867, 71.38581848144531, 83.57364654541016)
(168.48883056640625, 61.47671890258789, 71.38581848144531, 83.57364654541016)
(163.08108520507812, 59.6458854675293, 71.38581848144531, 83.57364654541016)
(162.2685546875, 59.65097427368164, 71.38581848144531, 83.57364654541016)
(162.78781127929688, 61.10617446899414, 71.38581848144531, 83.57364654541016)
(162.423583984375, 61.73599624633789, 71.38581848144531, 83.57364654541016)
(161.39456176757812, 61.45199203491211, 71.38581848144531, 83.57364654541016)
(159.334228515625, 59.39512634277344, 72.81353759765625, 85.2451171875)
(156.52227783203125, 56.759159088134766, 71.38581848144531, 83.57364654541016)
(153.06036376953125, 53.93026351928711, 71.38581848144531, 83.57364654541016)
(152.92770385742188, 50.18214797973633, 71.38581848144531, 83.57364654541016)
(153.04568481445312, 48.30824661254883, 71.38581848144531, 83.57364654541016)
(148.68655395507812, 44.79108810424805, 71.38581848144531, 83.57364654541016)
(155.24169921875, 45.046871185302734, 71.38581848144531, 83.57364654541016)
(159.30685424804688, 46.36233139038086, 71.38581848144531, 83.57364654541016)
(164.07131958007812, 48.80991744995117, 71.38581848144531, 83.57364654541016)
(167.63693237304688, 52.35386276245117, 71.38581848144531, 83.57364654541016)
(167.79122924804688, 52.77677536010742, 71.38581848144531, 83.57364654541016)
(171.0777587890625, 52.814571380615234, 71.38581848144531, 83.57364654541016)
(173.17953491210938, 52.564510345458984, 71.38581848144531, 83.57364654541016)
(172.69180297851562, 52.208187103271484, 71.38581848144531, 83.57364654541016)
(168.793212890625, 51.88491439819336, 71.38581848144531, 83.57364654541016)
(167.28131103515625, 49.51539993286133, 71.38581848144531, 83.57364654541016)
(167.96426391601562, 46.751277923583984, 71.38581848144531, 83.57364654541016)
(165.52923583984375, 47.37203598022461, 71.38581848144531, 83.57364654541016)
(161.71572875976562, 49.48444747924805, 71.38581848144531, 83.57364654541016)
(161.37200927734375, 53.51352310180664, 71.38581848144531, 83.57364654541016)
(159.34622192382812, 56.925411224365234, 71.38581848144531, 83.57364654541016)
(156.79489135742188, 58.51546096801758, 71.38581848144531, 83.57364654541016)
(151.71209716796875, 57.09101486206055, 71.38581848144531, 83.57364654541016)
(145.32266235351562, 54.70274353027344, 72.81353759765625, 85.2451171875)
(144.37881469726562, 52.14192199707031, 72.81353759765625, 85.2451171875)
(140.28720092773438, 50.028682708740234, 74.26980590820312, 86.95001983642578)
(136.99876403808594, 48.865299224853516, 74.26980590820312, 86.95001983642578)
(135.70436096191406, 48.19498062133789, 74.26980590820312, 86.95001983642578)
(133.4395751953125, 48.78572463989258, 74.26980590820312, 86.95001983642578)
(132.20509338378906, 48.91621017456055, 74.26980590820312, 86.95001983642578)
(132.5083465576172, 51.827781677246094, 72.81353759765625, 85.2451171875)
(133.92431640625, 52.63075256347656, 72.81353759765625, 85.2451171875)
(137.13125610351562, 52.78144836425781, 72.81353759765625, 85.2451171875)
(141.93597412109375, 52.69597625732422, 72.81353759765625, 85.2451171875)
(146.5752410888672, 52.85063934326172, 72.81353759765625, 85.2451171875)
(152.2113494873047, 52.79017639160156, 72.81353759765625, 85.2451171875)
(156.55117797851562, 51.46148681640625, 72.81353759765625, 85.2451171875)
(159.16607666015625, 51.138736724853516, 71.38581848144531, 83.57364654541016)
(162.58206176757812, 50.206417083740234, 71.38581848144531, 83.57364654541016)
(163.29556274414062, 50.71810531616211, 71.38581848144531, 83.57364654541016)
(165.60494995117188, 52.7551155090332, 71.38581848144531, 83.57364654541016)
(164.997802734375, 56.81663131713867, 71.38581848144531, 83.57364654541016)
(164.733154296875, 59.791316986083984, 71.38581848144531, 83.57364654541016)
(162.72933959960938, 62.728214263916016, 71.38581848144531, 83.57364654541016)
(160.69424438476562, 64.71311950683594, 71.38581848144531, 83.57364654541016)
(159.16799926757812, 65.77066040039062, 71.38581848144531, 83.57364654541016)
(156.84344482421875, 65.88809204101562, 71.38581848144531, 83.57364654541016)
(151.30718994140625, 62.09238052368164, 71.38581848144531, 83.57364654541016)
(150.7747802734375, 58.27919387817383, 71.38581848144531, 83.57364654541016)
(146.41680908203125, 56.16987228393555, 71.38581848144531, 83.57364654541016)
(143.64801025390625, 57.014461517333984, 71.38581848144531, 83.57364654541016)
(138.51181030273438, 60.328365325927734, 71.38581848144531, 83.57364654541016)
(136.46795654296875, 61.388065338134766, 71.38581848144531, 83.57364654541016)
(135.6036376953125, 61.41836929321289, 71.38581848144531, 83.57364654541016)
(134.52566528320312, 59.78145217895508, 71.38581848144531, 83.57364654541016)
(132.19842529296875, 59.49843978881836, 71.38581848144531, 83.57364654541016)
(132.01806640625, 59.15073013305664, 71.38581848144531, 83.57364654541016)
(130.5390625, 59.20487594604492, 71.38581848144531, 83.57364654541016)
(126.99158477783203, 58.76779556274414, 71.38581848144531, 83.57364654541016)
(126.0538558959961, 58.131778717041016, 71.38581848144531, 83.57364654541016)
(123.08206176757812, 56.794700622558594, 72.81353759765625, 85.2451171875)
(119.6693115234375, 54.80181121826172, 72.81353759765625, 85.2451171875)
