(141, 34, 19, 104)
(141.02554321289062, 34.07843017578125, 19.0, 104.0)
(140.98544311523438, 34.259803771972656, 19.0, 104.0)
(140.94798278808594, 34.31941223144531, 19.0, 104.0)
(140.92498779296875, 34.4534912109375, 19.0, 104.0)
(140.805908203125, 34.719024658203125, 19.0, 104.0)
(140.65272521972656, 34.840057373046875, 19.0, 104.0)
(140.33677673339844, 35.00940704345703, 19.0, 104.0)
(140.7699432373047, 35.542327880859375, 18.627450942993164, 101.96078491210938)
(140.43394470214844, 35.767189025878906, 18.627450942993164, 101.96078491210938)
(140.2998046875, 35.067535400390625, 19.0, 104.0)
(140.66265869140625, 36.82894515991211, 18.26220703125, 99.96155548095703)
(140.1186065673828, 35.32243728637695, 18.999998092651367, 103.99999237060547)
(140.04774475097656, 36.52287673950195, 18.62744903564453, 101.96077728271484)
(139.63995361328125, 36.8247184753418, 18.62744903564453, 101.96077728271484)
(139.45089721679688, 36.33018112182617, 18.999998092651367, 103.99999237060547)
(139.35980224609375, 36.4761848449707, 18.999998092651367, 103.99999237060547)
(139.26089477539062, 37.8935661315918, 18.62744903564453, 101.96077728271484)
(138.59332275390625, 37.28237533569336, 18.999998092651367, 103.99999237060547)
(137.96250915527344, 37.524776458740234, 18.999998092651367, 103.99999237060547)
(137.77577209472656, 37.85566329956055, 18.999998092651367, 103.99999237060547)
(137.63397216796875, 38.541866302490234, 18.999998092651367, 103.99999237060547)
(137.2427520751953, 38.714359283447266, 18.999998092651367, 103.99999237060547)
(137.12783813476562, 38.0570068359375, 19.37999725341797, 106.07998657226562)
(137.23985290527344, 39.069190979003906, 18.999998092651367, 103.99998474121094)
(136.9488067626953, 39.098670959472656, 18.999998092651367, 103.99998474121094)
(136.4872283935547, 40.4798583984375, 18.62744903564453, 101.96076965332031)
(136.5204315185547, 41.95005416870117, 18.262205123901367, 99.96154022216797)
(135.67214965820312, 41.82166290283203, 18.6274471282959, 101.96076965332031)
(135.4634246826172, 41.06962585449219, 18.999996185302734, 103.99998474121094)
(135.29440307617188, 42.0850830078125, 18.6274471282959, 101.96076965332031)
(134.32566833496094, 43.38984680175781, 18.262203216552734, 99.96153259277344)
(133.72552490234375, 44.53719711303711, 17.90412139892578, 98.00150299072266)
(132.75897216796875, 42.6522216796875, 18.627445220947266, 101.96075439453125)
(132.1437225341797, 42.865264892578125, 18.9999942779541, 103.99996948242188)
(131.95669555664062, 43.644126892089844, 18.9999942779541, 103.99996948242188)
(130.69183349609375, 43.00723648071289, 19.379993438720703, 106.07996368408203)
(130.6526641845703, 44.05051803588867, 18.99999237060547, 103.99996185302734)
(129.77450561523438, 45.7276496887207, 18.627443313598633, 101.96074676513672)
(128.95587158203125, 46.849971771240234, 18.627443313598633, 101.96074676513672)
(128.2106170654297, 47.53220748901367, 18.627443313598633, 101.96074676513672)
(128.0308074951172, 47.291446685791016, 18.627443313598633, 101.96074676513672)
(124.89259338378906, 41.7834358215332, 18.99999237060547, 103.99996185302734)
(125.1573486328125, 44.74821853637695, 18.99999237060547, 103.99996185302734)
(125.62593078613281, 47.864017486572266, 18.99999237060547, 103.99996185302734)
(125.28327941894531, 51.41728591918945, 18.627443313598633, 101.96074676513672)
(125.04814147949219, 51.8430290222168, 18.627443313598633, 101.96074676513672)
(125.27569580078125, 54.05219650268555, 18.627443313598633, 101.96074676513672)
(124.58154296875, 53.4836311340332, 18.627443313598633, 101.96074676513672)
(125.27001953125, 56.65381622314453, 18.26219940185547, 99.96151733398438)
(124.49932098388672, 60.11260223388672, 17.553056716918945, 96.07989501953125)
(123.72889709472656, 58.66633224487305, 17.904117584228516, 98.0014877319336)
(123.65867614746094, 59.91597366333008, 17.904117584228516, 98.0014877319336)
(123.33016967773438, 60.74449157714844, 18.26219940185547, 99.96151733398438)
(127.87071990966797, 65.78292083740234, 17.553056716918945, 96.07989501953125)
(126.01012420654297, 64.74823760986328, 17.553056716918945, 96.07989501953125)
(128.46701049804688, 67.38388061523438, 17.904117584228516, 98.0014877319336)
(128.02549743652344, 67.39582824707031, 17.904117584228516, 98.0014877319336)
(128.0514678955078, 67.99212646484375, 17.904117584228516, 98.0014877319336)
(127.7791748046875, 69.20176696777344, 17.904117584228516, 98.0014877319336)
(129.12916564941406, 69.9726333618164, 17.553056716918945, 96.07989501953125)
(129.9577178955078, 71.0464096069336, 17.208879470825195, 94.19596862792969)
(131.11741638183594, 72.39617919921875, 16.871450424194336, 92.34899139404297)
(131.71563720703125, 72.68167114257812, 16.871450424194336, 92.34899139404297)
(131.82424926757812, 71.76138305664062, 17.208877563476562, 94.19596099853516)
(133.08816528320312, 72.18499755859375, 16.871448516845703, 92.34898376464844)
(133.67633056640625, 70.44319152832031, 17.208877563476562, 94.19596099853516)
(133.83489990234375, 68.98396301269531, 17.55305290222168, 96.07987213134766)
(134.76699829101562, 68.08335876464844, 17.20887565612793, 94.19595336914062)
(135.43728637695312, 67.4024658203125, 17.20887565612793, 94.19595336914062)
(134.67733764648438, 65.48670196533203, 17.55305290222168, 96.07986450195312)
(135.14585876464844, 62.96986389160156, 17.55305290222168, 96.07986450195312)
(135.87643432617188, 60.75484085083008, 17.208873748779297, 94.1959457397461)
(135.9107208251953, 58.943538665771484, 17.208873748779297, 94.1959457397461)
(135.70849609375, 55.90938186645508, 17.208873748779297, 94.1959457397461)
(134.6487274169922, 53.30055618286133, 17.208873748779297, 94.1959457397461)
(133.4749755859375, 50.0802001953125, 17.553050994873047, 96.07986450195312)
(132.61892700195312, 46.434471130371094, 17.553050994873047, 96.07986450195312)
(130.15899658203125, 42.14329528808594, 17.553050994873047, 96.07986450195312)
(130.486572265625, 40.25402069091797, 17.208873748779297, 94.19593811035156)
(130.09107971191406, 37.62879180908203, 17.208873748779297, 94.19593811035156)
(130.73178100585938, 35.569583892822266, 16.871444702148438, 92.34896087646484)
(130.48068237304688, 31.305805206298828, 16.871444702148438, 92.34896087646484)
(130.00823974609375, 27.729572296142578, 16.871444702148438, 92.34896087646484)
(130.68495178222656, 24.69451904296875, 16.540632247924805, 90.53819274902344)
(129.94677734375, 19.78256607055664, 16.871444702148438, 92.34896087646484)
(132.99661254882812, 15.324527740478516, 17.208871841430664, 94.19593048095703)
(151.2925262451172, 15.082038879394531, 17.208871841430664, 94.19593048095703)
(152.98455810546875, 14.300506591796875, 17.208871841430664, 94.19593048095703)
(153.63931274414062, 15.958431243896484, 17.208871841430664, 94.19593048095703)
(154.90260314941406, 16.880836486816406, 17.208871841430664, 94.19593048095703)
(156.67295837402344, 19.296680450439453, 17.208871841430664, 94.19593048095703)
(157.50408935546875, 21.130157470703125, 16.871442794799805, 92.34895324707031)
(159.66867065429688, 24.293258666992188, 16.871442794799805, 92.34895324707031)
(159.2497100830078, 26.813186645507812, 16.871442794799805, 92.34895324707031)
(160.12136840820312, 29.294097900390625, 16.871442794799805, 92.34895324707031)
(161.7816619873047, 31.627784729003906, 16.871442794799805, 92.34895324707031)
(177.964111328125, 47.97128677368164, 17.208871841430664, 94.19593048095703)
(177.91481018066406, 50.4322509765625, 16.871442794799805, 92.34895324707031)
(178.07411193847656, 52.936607360839844, 16.871442794799805, 92.34895324707031)
(176.0922393798828, 54.44837951660156, 16.871442794799805, 92.34895324707031)
(176.33871459960938, 57.00696563720703, 16.871442794799805, 92.34895324707031)
(175.09425354003906, 58.202239990234375, 16.871442794799805, 92.34895324707031)
(174.39353942871094, 60.59166717529297, 16.871442794799805, 92.34895324707031)
(174.05526733398438, 62.33210754394531, 16.871442794799805, 92.34895324707031)
(172.7523651123047, 63.35508728027344, 16.871442794799805, 92.34895324707031)
(171.62005615234375, 64.91101837158203, 16.871442794799805, 92.34895324707031)
(170.88946533203125, 65.87110900878906, 16.871442794799805, 92.34895324707031)
(170.08065795898438, 67.18263244628906, 16.871442794799805, 92.34895324707031)
(169.3505096435547, 69.12264251708984, 16.871442794799805, 92.34895324707031)
(169.0732421875, 70.07536315917969, 16.871442794799805, 92.34895324707031)
(167.73513793945312, 70.98929595947266, 16.871442794799805, 92.34895324707031)
(166.5198211669922, 71.87393188476562, 16.871442794799805, 92.34895324707031)
(166.27908325195312, 73.01388549804688, 16.871442794799805, 92.34895324707031)
(165.89242553710938, 74.57502746582031, 16.540630340576172, 90.53819274902344)
(163.5020751953125, 74.93315887451172, 16.871442794799805, 92.34895324707031)
(163.86634826660156, 75.2579345703125, 16.871442794799805, 92.34895324707031)
(162.60997009277344, 75.95479583740234, 16.871442794799805, 92.34895324707031)
(161.80490112304688, 76.28885650634766, 16.871442794799805, 92.34895324707031)
(161.00157165527344, 77.11495971679688, 16.871442794799805, 92.34895324707031)
(160.4962615966797, 77.55193328857422, 16.871442794799805, 92.34895324707031)
(160.35743713378906, 78.2939682006836, 16.871442794799805, 92.34895324707031)
(159.5469207763672, 78.13377380371094, 16.871442794799805, 92.34895324707031)
(158.7032012939453, 78.09966278076172, 16.871442794799805, 92.34895324707031)
(157.15859985351562, 78.33120727539062, 16.871442794799805, 92.34895324707031)
(156.91197204589844, 78.42472839355469, 16.871442794799805, 92.34895324707031)
(156.0798797607422, 78.56124877929688, 16.871442794799805, 92.34895324707031)
(155.4475555419922, 78.53191375732422, 16.871442794799805, 92.34895324707031)
(155.05709838867188, 78.43694305419922, 16.871442794799805, 92.34895324707031)
(153.9215545654297, 78.29036712646484, 16.871442794799805, 92.34895324707031)
(153.15521240234375, 78.07760620117188, 16.871442794799805, 92.34895324707031)
(152.8977813720703, 78.5090103149414, 16.540630340576172, 90.53819274902344)
(150.79013061523438, 77.52619171142578, 16.871442794799805, 92.34895324707031)
(150.84759521484375, 77.41161346435547, 16.871442794799805, 92.34895324707031)
(149.92816162109375, 76.18765258789062, 17.208871841430664, 94.19593048095703)
(149.72840881347656, 76.62210845947266, 16.871442794799805, 92.34895324707031)
(148.5720672607422, 75.52772521972656, 17.208871841430664, 94.19593048095703)
(147.77383422851562, 74.25717163085938, 17.55304718017578, 96.07984161376953)
(147.37484741210938, 74.7900161743164, 16.871442794799805, 92.34895324707031)
(147.1865692138672, 74.23623657226562, 17.208871841430664, 94.19593048095703)
(146.55670166015625, 73.33039855957031, 17.208871841430664, 94.19593048095703)
(145.14263916015625, 72.03202819824219, 17.55304718017578, 96.07984161376953)
(144.9272918701172, 72.52518463134766, 16.871442794799805, 92.34895324707031)
(144.3849639892578, 72.73973846435547, 16.871442794799805, 92.34895324707031)
(143.94419860839844, 71.49542236328125, 17.208871841430664, 94.19593048095703)
(142.85934448242188, 70.34336853027344, 17.208871841430664, 94.19593048095703)
(142.368408203125, 70.58637237548828, 16.871442794799805, 92.34895324707031)
(141.61561584472656, 68.20420837402344, 17.55304718017578, 96.07984161376953)
(140.86949157714844, 68.12705993652344, 16.871442794799805, 92.34895324707031)
(140.17376708984375, 66.97531127929688, 17.208871841430664, 94.19593048095703)
(139.82391357421875, 66.06721496582031, 17.208871841430664, 94.19593048095703)
(138.7294921875, 65.16949462890625, 17.208871841430664, 94.19593048095703)
(137.9996337890625, 64.40766906738281, 17.208871841430664, 94.19593048095703)
(137.58892822265625, 63.8150749206543, 17.208871841430664, 94.19593048095703)
(136.1829376220703, 61.07911682128906, 17.90410804748535, 98.00143432617188)
(135.77853393554688, 60.94821548461914, 16.871442794799805, 92.34894561767578)
(135.25201416015625, 61.65242385864258, 16.540630340576172, 90.5381851196289)
(133.5835418701172, 60.03989028930664, 16.871442794799805, 92.34894561767578)
(131.85621643066406, 58.60897445678711, 16.871442794799805, 92.34894561767578)
(131.8340606689453, 56.62391662597656, 17.20886993408203, 94.1959228515625)
(130.84036254882812, 56.45522689819336, 16.871442794799805, 92.34894561767578)
(128.43606567382812, 55.80744552612305, 16.871442794799805, 92.34894561767578)
(127.86187744140625, 53.615318298339844, 17.20886993408203, 94.1959228515625)
(128.07484436035156, 50.0496826171875, 17.55304718017578, 96.079833984375)
(131.14747619628906, 44.35975646972656, 18.262187957763672, 99.96145629882812)
(130.35818481445312, 42.98413848876953, 18.627431869506836, 101.96067810058594)
(128.0949249267578, 41.35941696166992, 18.99997901916504, 103.99988555908203)
(127.37543487548828, 37.69718551635742, 18.99997901916504, 103.99988555908203)
(124.72034454345703, 37.62404251098633, 18.99997901916504, 103.99988555908203)
(122.75841522216797, 34.02705001831055, 18.99997901916504, 103.99988555908203)
(122.4264144897461, 31.416027069091797, 18.99997901916504, 103.99988555908203)
(121.07920837402344, 29.35190200805664, 19.379980087280273, 106.07988739013672)
(121.22643280029297, 29.227523803710938, 18.627431869506836, 101.96067810058594)
(120.87509155273438, 30.11273956298828, 17.2088680267334, 94.19590759277344)
(120.22769927978516, 28.364910125732422, 16.87143898010254, 92.34893035888672)
(119.21625518798828, 25.113670349121094, 17.2088680267334, 94.19590759277344)
(118.31461334228516, 22.06964111328125, 17.2088680267334, 94.19590759277344)
(117.51168060302734, 18.9814453125, 17.2088680267334, 94.19590759277344)
(115.4127197265625, 16.682666778564453, 16.87143898010254, 92.34893035888672)
(114.90023803710938, 13.292816162109375, 17.2088680267334, 94.19590759277344)
(113.82542419433594, 9.593276977539062, 17.2088680267334, 94.19590759277344)
(112.5013656616211, 6.3166656494140625, 17.2088680267334, 94.19590759277344)
(111.13284301757812, 2.4124755859375, 17.2088680267334, 94.19590759277344)
(110.45515441894531, -1.3621788024902344, 17.2088680267334, 94.19590759277344)
(108.87486267089844, -6.035808563232422, 17.55304527282715, 96.07982635498047)
(108.35475158691406, -8.288139343261719, 16.540626525878906, 90.53816223144531)
(107.11949157714844, -12.388496398925781, 16.87143898010254, 92.34892272949219)
(106.30975341796875, -16.305479049682617, 16.87143898010254, 92.34892272949219)
(105.34673309326172, -22.286096572875977, 17.553043365478516, 96.07981872558594)
(103.38542175292969, -26.413890838623047, 17.208866119384766, 94.1958999633789)
(103.50357818603516, -30.489591598510742, 17.208866119384766, 94.1958999633789)
(101.8910140991211, -35.483253479003906, 17.208866119384766, 94.1958999633789)
(101.47709655761719, -39.958431243896484, 17.208866119384766, 94.1958999633789)
(100.0647964477539, -44.96776580810547, 17.208866119384766, 94.1958999633789)
(99.53551483154297, -47.09794998168945, 17.208866119384766, 94.1958999633789)
(98.15401458740234, -47.09794998168945, 17.208866119384766, 94.1958999633789)
(98.8124008178711, -47.09794998168945, 17.208866119384766, 94.1958999633789)
(97.6231918334961, -46.174461364746094, 16.87143898010254, 92.34892272949219)
(0.0, 0.0, 0.0, 0.0)
(0.0, 0.0, 0.0, 0.0)
(0.0, 0.0, 0.0, 0.0)
(0.0, 0.0, 0.0, 0.0)
(11.122151374816895, -20.199356079101562, 16.87143898010254, 92.34892272949219)
(11.972822189331055, -23.73728370666504, 16.540626525878906, 90.53816223144531)
(10.61955738067627, -31.701519012451172, 16.87143898010254, 92.34892272949219)
(10.105334281921387, -37.1629524230957, 16.87143898010254, 92.34892272949219)
(0.0, 0.0, 0.0, 0.0)
(0.0, 0.0, 0.0, 0.0)
(0.0, 0.0, 0.0, 0.0)
(0.0, 0.0, 0.0, 0.0)
(0.0, 0.0, 0.0, 0.0)
(0.0, 0.0, 0.0, 0.0)
(0.0, 0.0, 0.0, 0.0)
(0.0, 0.0, 0.0, 0.0)
(0.0, 0.0, 0.0, 0.0)
(0.0, 0.0, 0.0, 0.0)
(0.0, 0.0, 0.0, 0.0)
(0.0, 0.0, 0.0, 0.0)
(0.0, 0.0, 0.0, 0.0)
(0.0, 0.0, 0.0, 0.0)
(0.0, 0.0, 0.0, 0.0)
(0.0, 0.0, 0.0, 0.0)
(0.0, 0.0, 0.0, 0.0)
(0.0, 0.0, 0.0, 0.0)
(0.0, 0.0, 0.0, 0.0)
(0.0, 0.0, 0.0, 0.0)
(0.0, 0.0, 0.0, 0.0)
(0.0, 0.0, 0.0, 0.0)
(0.0, 0.0, 0.0, 0.0)
(0.0, 0.0, 0.0, 0.0)
(0.0, 0.0, 0.0, 0.0)
