(130, 115, 85, 99)
(129.9189453125, 114.02928161621094, 85.0, 99.0)
(129.85983276367188, 113.16790771484375, 85.0, 99.0)
(128.77227783203125, 111.65062713623047, 86.69999694824219, 100.97999572753906)
(128.95236206054688, 111.66374969482422, 86.69999694824219, 100.97999572753906)
(130.0545196533203, 112.24478149414062, 85.0, 99.0)
(129.69639587402344, 111.60711669921875, 85.0, 99.0)
(129.0146026611328, 111.03706359863281, 85.0, 99.0)
(128.7277069091797, 111.69401550292969, 85.0, 99.0)
(128.08297729492188, 111.92726135253906, 85.0, 99.0)
(127.75965881347656, 112.75767517089844, 85.0, 99.0)
(126.77223205566406, 113.20448303222656, 85.0, 99.0)
(125.78785705566406, 114.11257934570312, 85.0, 99.0)
(124.43145751953125, 114.67387390136719, 85.0, 99.0)
(123.89315795898438, 116.14237213134766, 83.33333587646484, 97.05882263183594)
(120.57675170898438, 117.1509017944336, 83.33333587646484, 97.05882263183594)
(118.7115478515625, 119.18374633789062, 81.69934844970703, 95.15570831298828)
(116.79913330078125, 120.3692626953125, 81.69934844970703, 95.15570831298828)
(112.4770278930664, 120.76170349121094, 83.33332824707031, 97.0588150024414)
(109.3665771484375, 121.15127563476562, 81.6993408203125, 95.15570068359375)
(106.60247802734375, 120.68962097167969, 83.33332061767578, 97.0588150024414)
(104.39778137207031, 119.60093688964844, 83.33332061767578, 97.0588150024414)
(102.29881286621094, 118.64898681640625, 83.33332061767578, 97.0588150024414)
(102.7176513671875, 119.11550903320312, 81.69933319091797, 95.15569305419922)
(102.40733337402344, 119.24861145019531, 81.69933319091797, 95.15569305419922)
(101.54634094238281, 119.16056823730469, 81.69933319091797, 95.15569305419922)
(101.58871459960938, 118.20845031738281, 81.69933319091797, 95.15569305419922)
(101.89013671875, 117.25030517578125, 81.69933319091797, 95.15569305419922)
(102.091552734375, 115.85830688476562, 81.69933319091797, 95.15569305419922)
(102.01890563964844, 114.46763610839844, 81.69933319091797, 95.15569305419922)
(103.59602355957031, 114.03097534179688, 78.52685546875, 91.460693359375)
(103.45626831054688, 113.23462677001953, 76.98711395263672, 89.66734313964844)
(103.61070251464844, 112.1919174194336, 76.98711395263672, 89.66734313964844)
(104.37562561035156, 113.45851135253906, 73.99761199951172, 86.1854476928711)
(104.32968139648438, 113.14761352539062, 73.99761199951172, 86.1854476928711)
(104.78056335449219, 112.89060974121094, 73.99761199951172, 86.1854476928711)
(105.36811828613281, 113.12953186035156, 73.99761199951172, 86.1854476928711)
(103.75357055664062, 110.04402923583984, 78.52684783935547, 91.46067810058594)
(104.8963623046875, 111.64733123779297, 78.52684783935547, 91.46067810058594)
(107.15428161621094, 111.98841857910156, 76.98709869384766, 89.66732788085938)
(109.82716369628906, 112.31655883789062, 76.98709869384766, 89.66732788085938)
(111.68345642089844, 112.67658996582031, 75.47754669189453, 87.90914154052734)
(113.03913879394531, 112.17149353027344, 75.47754669189453, 87.90914154052734)
(116.43771362304688, 112.48186492919922, 73.99759674072266, 86.18544006347656)
(117.78839111328125, 112.0362777709961, 73.99759674072266, 86.18544006347656)
(120.64886474609375, 111.6530990600586, 73.99759674072266, 86.18544006347656)
(122.30412292480469, 112.0165786743164, 73.99759674072266, 86.18544006347656)
(124.44877624511719, 111.72928619384766, 73.99759674072266, 86.18544006347656)
(126.39439392089844, 112.0601577758789, 73.99759674072266, 86.18544006347656)
(129.1585693359375, 112.50035858154297, 72.54666137695312, 84.49552917480469)
(130.712646484375, 112.94438934326172, 72.54666137695312, 84.49552917480469)
(132.46261596679688, 111.95931243896484, 73.99759674072266, 86.18544006347656)
(134.75428771972656, 113.55655670166016, 72.54666137695312, 84.49552917480469)
(136.20614624023438, 114.57628631591797, 72.54666137695312, 84.49552917480469)
(138.28648376464844, 115.74405670166016, 72.54666137695312, 84.49552917480469)
(139.19081115722656, 116.24382781982422, 73.99759674072266, 86.18544006347656)
(140.47140502929688, 116.71749114990234, 73.99759674072266, 86.18544006347656)
(141.89013671875, 118.10198211669922, 73.99759674072266, 86.18544006347656)
(142.77230834960938, 119.24384307861328, 73.99759674072266, 86.18544006347656)
(143.22996520996094, 121.03954315185547, 73.99759674072266, 86.18544006347656)
(143.5690155029297, 122.16173553466797, 73.99759674072266, 86.18544006347656)
(144.7444305419922, 123.33846282958984, 73.99759674072266, 86.18544006347656)
(145.6644287109375, 124.37061309814453, 73.99759674072266, 86.18544006347656)
(146.151611328125, 124.60359954833984, 73.99759674072266, 86.18544006347656)
(146.2021026611328, 125.14130401611328, 73.99759674072266, 86.18544006347656)
(145.75119018554688, 124.22306823730469, 75.47754669189453, 87.90914154052734)
(146.88247680664062, 124.98712158203125, 75.47754669189453, 87.90914154052734)
(147.93350219726562, 125.98841857910156, 75.47754669189453, 87.90914154052734)
(148.7470245361328, 126.70669555664062, 75.47754669189453, 87.90914154052734)
(148.95361328125, 126.63232421875, 75.47754669189453, 87.90914154052734)
(148.75674438476562, 125.63468933105469, 76.98709869384766, 89.66732025146484)
(149.6634063720703, 125.83601379394531, 76.98709869384766, 89.66732025146484)
(150.81253051757812, 126.24470520019531, 75.47754669189453, 87.90914154052734)
(150.42892456054688, 124.69551086425781, 75.47754669189453, 87.90914154052734)
(150.22474670410156, 124.62611389160156, 75.47754669189453, 87.90914154052734)
(150.81410217285156, 124.44813537597656, 75.47754669189453, 87.90914154052734)
(150.40139770507812, 124.24708557128906, 75.47754669189453, 87.90914154052734)
(149.3931427001953, 123.76480102539062, 75.47754669189453, 87.90914154052734)
(147.60081481933594, 123.35581970214844, 76.98709106445312, 89.66732025146484)
(147.10128784179688, 123.72123718261719, 76.98709106445312, 89.66732025146484)
(145.90956115722656, 122.76419067382812, 78.5268325805664, 91.46066284179688)
(144.06668090820312, 122.41023254394531, 78.5268325805664, 91.46066284179688)
(143.30320739746094, 121.8450927734375, 78.5268325805664, 91.46066284179688)
(142.68353271484375, 120.39942932128906, 78.5268325805664, 91.46066284179688)
(143.052734375, 122.57685089111328, 76.9870834350586, 89.66731262207031)
(141.9842071533203, 121.2843246459961, 76.9870834350586, 89.66731262207031)
(141.42022705078125, 121.95157623291016, 76.9870834350586, 89.66731262207031)
(141.6167449951172, 122.87091827392578, 76.9870834350586, 89.66731262207031)
(140.73641967773438, 123.0575180053711, 76.9870834350586, 89.66731262207031)
(139.57077026367188, 123.58858489990234, 76.9870834350586, 89.66731262207031)
(138.66879272460938, 123.42108917236328, 76.9870834350586, 89.66731262207031)
(137.68370056152344, 123.5691909790039, 76.9870834350586, 89.66731262207031)
(136.41427612304688, 123.85128021240234, 76.9870834350586, 89.66731262207031)
(135.72813415527344, 124.29084014892578, 76.9870834350586, 89.66731262207031)
(134.54263305664062, 124.26602935791016, 76.9870834350586, 89.66731262207031)
(133.9530487060547, 125.65444946289062, 75.47753143310547, 87.90912628173828)
(133.69581604003906, 126.62655639648438, 73.9975814819336, 86.1854248046875)
(133.4267578125, 126.33082580566406, 73.9975814819336, 86.1854248046875)
(132.51022338867188, 126.19920349121094, 73.9975814819336, 86.1854248046875)
(131.22900390625, 125.94190979003906, 73.9975814819336, 86.1854248046875)
(130.11276245117188, 126.19439697265625, 73.9975814819336, 86.1854248046875)
(129.8280029296875, 126.49482727050781, 73.9975814819336, 86.1854248046875)
(129.95254516601562, 126.98490905761719, 73.9975814819336, 86.1854248046875)
(129.5872344970703, 126.44802856445312, 73.9975814819336, 86.1854248046875)
(129.39878845214844, 126.43795776367188, 73.9975814819336, 86.1854248046875)
(129.00694274902344, 126.40876770019531, 73.9975814819336, 86.1854248046875)
(128.88433837890625, 127.08509826660156, 72.54664611816406, 84.4955062866211)
(128.89984130859375, 127.1422119140625, 72.54664611816406, 84.4955062866211)
(129.02285766601562, 127.30865478515625, 72.54664611816406, 84.4955062866211)
(129.135498046875, 127.74366760253906, 72.54664611816406, 84.4955062866211)
(129.21188354492188, 128.25843811035156, 72.54664611816406, 84.4955062866211)
(129.28750610351562, 128.1304473876953, 72.54664611816406, 84.4955062866211)
(129.436279296875, 128.45570373535156, 72.54664611816406, 84.4955062866211)
(128.70635986328125, 127.94508361816406, 73.9975814819336, 86.18541717529297)
(128.43975830078125, 127.95603942871094, 73.9975814819336, 86.18541717529297)
(128.34185791015625, 128.19651794433594, 73.9975814819336, 86.18541717529297)
(128.2408905029297, 128.55397033691406, 73.9975814819336, 86.18541717529297)
(127.48286437988281, 128.28619384765625, 75.47753143310547, 87.90911865234375)
(127.41915893554688, 128.3672637939453, 75.47753143310547, 87.90911865234375)
(127.96917724609375, 129.46734619140625, 73.9975814819336, 86.18541717529297)
(127.81204223632812, 128.5387420654297, 75.47753143310547, 87.90911865234375)
(127.55012512207031, 128.84353637695312, 75.47753143310547, 87.90911865234375)
(127.28596496582031, 128.97171020507812, 75.47753143310547, 87.90911865234375)
(126.18476104736328, 127.8802490234375, 76.98707580566406, 89.66729736328125)
(126.66767120361328, 128.01504516601562, 76.98707580566406, 89.66729736328125)
(125.78669738769531, 127.20486450195312, 78.52681732177734, 91.46063995361328)
(125.27212524414062, 127.23960876464844, 78.52681732177734, 91.46063995361328)
(124.49391174316406, 126.60507202148438, 80.09735107421875, 93.28985595703125)
(124.28848266601562, 126.63789367675781, 80.09735107421875, 93.28985595703125)
(124.20684814453125, 126.66665649414062, 80.09735107421875, 93.28985595703125)
(124.02935791015625, 126.755859375, 80.09735107421875, 93.28985595703125)
(124.71669006347656, 127.76155090332031, 78.52681732177734, 91.46063995361328)
(123.74380493164062, 125.20083618164062, 81.69928741455078, 95.1556396484375)
(123.04782104492188, 125.02178955078125, 83.3332748413086, 97.05875396728516)
(121.67324829101562, 124.13220977783203, 84.99993133544922, 98.99992370605469)
(121.72457885742188, 124.27484893798828, 84.99993133544922, 98.99992370605469)
(121.68798828125, 123.39815521240234, 84.99993133544922, 98.99992370605469)
(119.52354431152344, 121.06394958496094, 88.43392181396484, 102.99951171875)
(119.45460510253906, 120.80734252929688, 88.43392181396484, 102.99951171875)
(118.44075012207031, 119.77157592773438, 90.20259857177734, 105.05950164794922)
(118.10984802246094, 119.56314086914062, 90.20259857177734, 105.05950164794922)
(118.78474426269531, 120.47064208984375, 88.43392181396484, 102.99951171875)
(118.38276672363281, 120.41943359375, 88.43392181396484, 102.99951171875)
(118.1923828125, 119.57444763183594, 88.43392181396484, 102.99951171875)
(118.56271362304688, 119.46052551269531, 86.6999282836914, 100.97991180419922)
(118.88002014160156, 119.53269958496094, 86.6999282836914, 100.97991180419922)
(117.85609436035156, 118.64712524414062, 86.6999282836914, 100.97991180419922)
(118.17013549804688, 119.34329223632812, 84.99993133544922, 98.99991607666016)
(118.22219848632812, 119.47720336914062, 84.99993133544922, 98.99991607666016)
(116.804443359375, 118.68962097167969, 86.6999282836914, 100.97991180419922)
(116.49752807617188, 119.35549926757812, 84.99993133544922, 98.99991607666016)
(116.72044372558594, 119.3447265625, 84.99993133544922, 98.99991607666016)
(114.99165344238281, 117.75984191894531, 86.6999282836914, 100.97991180419922)
(114.62559509277344, 117.3287353515625, 86.6999282836914, 100.97991180419922)
(114.84901428222656, 117.64045715332031, 86.6999282836914, 100.97991180419922)
(114.10076904296875, 116.99339294433594, 86.6999282836914, 100.97991180419922)
(114.87229919433594, 118.30523681640625, 84.99993133544922, 98.99991607666016)
(114.5692138671875, 118.14213562011719, 84.99993133544922, 98.99991607666016)
(114.28155517578125, 117.98500061035156, 84.99993133544922, 98.99991607666016)
(114.33088684082031, 117.69282531738281, 84.99993133544922, 98.99991607666016)
(114.97077941894531, 118.23960876464844, 83.33325958251953, 97.0587387084961)
(114.57011413574219, 117.87147521972656, 83.33325958251953, 97.0587387084961)
(114.18693542480469, 117.61782836914062, 83.33325958251953, 97.0587387084961)
(114.44888305664062, 117.64773559570312, 83.33325958251953, 97.0587387084961)
(114.984619140625, 118.68846130371094, 81.69927978515625, 95.15563201904297)
(115.7677001953125, 119.18281555175781, 81.69927978515625, 95.15563201904297)
(115.34742736816406, 118.82566833496094, 83.33325958251953, 97.0587387084961)
(114.70042419433594, 118.49459838867188, 83.33325958251953, 97.0587387084961)
(115.58596801757812, 119.21212768554688, 81.69927978515625, 95.15563201904297)
(115.34979248046875, 119.93128967285156, 81.69927978515625, 95.15563201904297)
(115.19482421875, 119.67694091796875, 81.69927978515625, 95.15563201904297)
(114.9383544921875, 120.29383850097656, 81.69927978515625, 95.15563201904297)
(114.89175415039062, 119.58010864257812, 83.33325958251953, 97.0587387084961)
(115.524169921875, 119.88410949707031, 81.69927978515625, 95.15563201904297)
(115.25346374511719, 121.07461547851562, 81.69927978515625, 95.15563201904297)
(115.277587890625, 122.34078979492188, 81.69927978515625, 95.15563201904297)
(115.05879211425781, 123.680908203125, 81.69927978515625, 95.15563201904297)
(114.36341857910156, 122.80043029785156, 83.33325958251953, 97.0587387084961)
(114.18693542480469, 124.34109497070312, 81.69927978515625, 95.15563201904297)
(113.77464294433594, 126.01165771484375, 81.69927978515625, 95.15563201904297)
(114.03857421875, 127.28770446777344, 81.69927978515625, 95.15563201904297)
(113.94874572753906, 128.68943786621094, 81.69927978515625, 95.15563201904297)
(113.84333801269531, 128.85646057128906, 81.69927978515625, 95.15563201904297)
(113.86099243164062, 129.75978088378906, 81.69927978515625, 95.15563201904297)
(113.16116333007812, 129.5204315185547, 83.33325958251953, 97.0587387084961)
(114.08049011230469, 130.62655639648438, 81.69927978515625, 95.15563201904297)
(114.39982604980469, 131.04977416992188, 81.69927978515625, 95.15563201904297)
(113.40602111816406, 130.5245361328125, 83.33325958251953, 97.0587387084961)
(114.22935485839844, 131.14138793945312, 81.69927978515625, 95.15563201904297)
(114.44523620605469, 131.84580993652344, 81.69927978515625, 95.15563201904297)
(114.660888671875, 131.90008544921875, 81.69927978515625, 95.15563201904297)
(114.93089294433594, 131.94705200195312, 81.69927978515625, 95.15563201904297)
(115.40609741210938, 132.2679901123047, 81.69927978515625, 95.15563201904297)
(115.14288330078125, 132.62327575683594, 81.69927978515625, 95.15563201904297)
(115.67481994628906, 132.44505310058594, 81.69927978515625, 95.15563201904297)
(115.42886352539062, 132.32762145996094, 81.69927978515625, 95.15563201904297)
(115.08259582519531, 133.04971313476562, 81.69927978515625, 95.15563201904297)
(115.51498413085938, 133.06741333007812, 81.69927978515625, 95.15563201904297)
(115.29995727539062, 133.34765625, 81.69927978515625, 95.15563201904297)
(114.97273254394531, 133.81036376953125, 81.69927978515625, 95.15563201904297)
(115.30827331542969, 133.41848754882812, 81.69927978515625, 95.15563201904297)
(115.02023315429688, 134.11907958984375, 81.69927978515625, 95.15563201904297)
(114.52825927734375, 132.8251495361328, 83.33325958251953, 97.0587387084961)
(114.78627014160156, 133.35986328125, 81.69927978515625, 95.15563201904297)
(115.00619506835938, 133.7480926513672, 81.69927978515625, 95.15563201904297)
(114.88845825195312, 133.77410888671875, 81.69927978515625, 95.15563201904297)
(114.60020446777344, 133.99879455566406, 81.69927978515625, 95.15563201904297)
(114.31442260742188, 134.32574462890625, 81.69927978515625, 95.15563201904297)
(114.00181579589844, 135.49122619628906, 81.69927978515625, 95.15563201904297)
(114.06463623046875, 135.58319091796875, 81.69927978515625, 95.15563201904297)
(113.90774536132812, 136.32467651367188, 81.69927978515625, 95.15563201904297)
(113.84579467773438, 138.0517120361328, 81.69927978515625, 95.15563201904297)
(113.97715759277344, 139.40805053710938, 81.69927978515625, 95.15563201904297)
(113.11721801757812, 139.5621795654297, 83.33325958251953, 97.0587387084961)
(113.85072326660156, 139.99752807617188, 81.69927978515625, 95.15563201904297)
(113.07740783691406, 139.628173828125, 83.33325958251953, 97.0587387084961)
(113.63229370117188, 140.07427978515625, 81.69927978515625, 95.15563201904297)
(111.58692169189453, 138.53741455078125, 84.99992370605469, 98.99990844726562)
(111.7492904663086, 137.98829650878906, 84.99992370605469, 98.99990844726562)
(111.02302551269531, 136.16839599609375, 86.69992065429688, 100.97990417480469)
(111.48141479492188, 134.3280029296875, 86.69992065429688, 100.97990417480469)
(111.00428009033203, 130.34320068359375, 88.43391418457031, 102.99949645996094)
(110.73554229736328, 125.61719512939453, 88.43391418457031, 102.99949645996094)
(112.28251647949219, 121.10347747802734, 86.69992065429688, 100.97990417480469)
(111.54431915283203, 116.7755355834961, 88.43391418457031, 102.99949645996094)
(112.96800231933594, 113.0357437133789, 86.69992065429688, 100.97990417480469)
(113.33216857910156, 108.92334747314453, 86.69992065429688, 100.97990417480469)
(113.65611267089844, 106.39313507080078, 86.69992065429688, 100.97990417480469)
(112.8106460571289, 103.0208511352539, 88.43391418457031, 102.99949645996094)
(113.76094055175781, 100.99657440185547, 86.69992065429688, 100.97990417480469)
(112.8261947631836, 98.68041229248047, 88.43391418457031, 102.99949645996094)
(113.58433532714844, 97.77904510498047, 86.69992065429688, 100.97990417480469)
(114.41127014160156, 97.0999984741211, 86.69992065429688, 100.97990417480469)
(115.49212646484375, 97.43232727050781, 84.99991607666016, 98.99990844726562)
(115.36491394042969, 97.33149719238281, 84.99991607666016, 98.99990844726562)
(115.2598876953125, 97.2752685546875, 84.99991607666016, 98.99990844726562)
(115.13771057128906, 97.36929321289062, 84.99991607666016, 98.99990844726562)
(114.054931640625, 96.62908172607422, 86.69992065429688, 100.97990417480469)
(115.32696533203125, 97.8831787109375, 84.99991607666016, 98.99990844726562)
(115.7125244140625, 98.56265258789062, 84.99991607666016, 98.99990844726562)
(115.64410400390625, 98.83988952636719, 84.99991607666016, 98.99990844726562)
(115.96475219726562, 99.4447021484375, 84.99991607666016, 98.99990844726562)
(116.88652038574219, 100.69564819335938, 84.99991607666016, 98.99990844726562)
(118.18580627441406, 101.79375457763672, 83.333251953125, 97.05873107910156)
(118.70893859863281, 101.64250946044922, 83.333251953125, 97.05873107910156)
(119.77783203125, 103.10610961914062, 81.69927215576172, 95.1556167602539)
(120.93389892578125, 104.54750061035156, 81.69927215576172, 95.1556167602539)
(121.6456298828125, 105.01470947265625, 81.69927215576172, 95.1556167602539)
(122.04833984375, 106.0474853515625, 81.69927215576172, 95.1556167602539)
(122.78346252441406, 106.8985595703125, 81.69927215576172, 95.1556167602539)
(123.02076721191406, 107.56324768066406, 81.69927215576172, 95.1556167602539)
(123.56951904296875, 108.27455139160156, 81.69927215576172, 95.1556167602539)
(123.61349487304688, 109.78448486328125, 81.69927215576172, 95.1556167602539)
(123.74691772460938, 110.63722229003906, 81.69927215576172, 95.1556167602539)
(124.43389892578125, 112.32339477539062, 80.09732055664062, 93.2898178100586)
(123.42948913574219, 113.07398986816406, 80.09732055664062, 93.2898178100586)
(123.25555419921875, 113.49031066894531, 80.09732055664062, 93.2898178100586)
(123.59165954589844, 114.83900451660156, 78.52678680419922, 91.46060943603516)
(123.28672790527344, 115.78982543945312, 78.52678680419922, 91.46060943603516)
(122.73629760742188, 116.77256774902344, 78.52678680419922, 91.46060943603516)
(122.05807495117188, 116.77409362792969, 80.0973129272461, 93.2898178100586)
(121.57060241699219, 117.79461669921875, 80.0973129272461, 93.2898178100586)
(121.75706481933594, 118.39704895019531, 80.0973129272461, 93.2898178100586)
(121.88314819335938, 118.45770263671875, 80.0973129272461, 93.2898178100586)
(122.12088012695312, 118.98789978027344, 80.0973129272461, 93.2898178100586)
(121.70118713378906, 119.8319091796875, 80.0973129272461, 93.2898178100586)
(121.90243530273438, 120.07655334472656, 80.0973129272461, 93.2898178100586)
(121.36515808105469, 119.55868530273438, 81.69925689697266, 95.15560913085938)
(121.45692443847656, 119.76348876953125, 81.69925689697266, 95.15560913085938)
(121.411376953125, 120.10346984863281, 81.69925689697266, 95.15560913085938)
(121.89633178710938, 121.25977325439453, 80.0973129272461, 93.28981018066406)
(121.85411071777344, 120.94928741455078, 80.0973129272461, 93.28981018066406)
(121.4405517578125, 120.92298126220703, 80.0973129272461, 93.28981018066406)
(121.09202575683594, 121.94648742675781, 78.52677154541016, 91.4605941772461)
(120.54124450683594, 122.30949401855469, 78.52677154541016, 91.4605941772461)
(118.08213806152344, 119.31661987304688, 83.3332290649414, 97.05870819091797)
(119.7928237915039, 122.62254333496094, 80.09730529785156, 93.28980255126953)
(119.65214538574219, 123.82788848876953, 76.9870376586914, 89.66725158691406)
(119.20515441894531, 124.79850006103516, 75.47748565673828, 87.90907287597656)
(118.39874267578125, 124.23046112060547, 75.47748565673828, 87.90907287597656)
(117.9349365234375, 124.96308898925781, 73.9975357055664, 86.18537139892578)
(115.9166259765625, 123.07208251953125, 76.98703002929688, 89.66724395751953)
(116.51608276367188, 125.95249938964844, 75.47748565673828, 87.90906524658203)
(115.864501953125, 126.50950622558594, 73.9975357055664, 86.18536376953125)
(115.25669860839844, 126.40144348144531, 73.9975357055664, 86.18536376953125)
(114.41349792480469, 126.556396484375, 73.9975357055664, 86.18536376953125)
(113.81809997558594, 127.03848266601562, 73.9975357055664, 86.18536376953125)
(113.60517883300781, 126.555908203125, 73.9975357055664, 86.18536376953125)
(113.10775756835938, 127.1407470703125, 73.9975357055664, 86.18536376953125)
(111.58369445800781, 125.68247985839844, 75.47748565673828, 87.90906524658203)
(112.16264343261719, 127.33219909667969, 73.9975357055664, 86.18536376953125)
(111.72108459472656, 127.02275085449219, 73.9975357055664, 86.18536376953125)
(111.76632690429688, 127.04376220703125, 73.9975357055664, 86.18536376953125)
(111.05856323242188, 126.52183532714844, 75.47748565673828, 87.90906524658203)
(112.21884155273438, 127.90736389160156, 73.9975357055664, 86.18536376953125)
(110.76960754394531, 126.40766906738281, 75.47748565673828, 87.90906524658203)
(110.67655944824219, 126.80158996582031, 75.47748565673828, 87.90906524658203)
(111.30867004394531, 128.0703887939453, 73.9975357055664, 86.18536376953125)
(110.93492126464844, 127.4005126953125, 73.9975357055664, 86.18536376953125)
(110.641357421875, 126.85731506347656, 75.47748565673828, 87.90906524658203)
(110.75663757324219, 128.2832489013672, 73.9975357055664, 86.18536376953125)
(110.61941528320312, 127.93482971191406, 73.9975357055664, 86.18536376953125)
(109.75152587890625, 127.0421142578125, 75.47748565673828, 87.90906524658203)
(110.48921203613281, 129.1398468017578, 73.9975357055664, 86.18536376953125)
(109.99958801269531, 128.6912841796875, 73.9975357055664, 86.18536376953125)
(110.5013427734375, 129.14190673828125, 73.9975357055664, 86.18536376953125)
(110.09210205078125, 128.61952209472656, 73.9975357055664, 86.18536376953125)
(109.59577941894531, 128.4329071044922, 73.9975357055664, 86.18536376953125)
(109.38224792480469, 127.01579284667969, 75.47748565673828, 87.90906524658203)
(109.29498291015625, 127.02243041992188, 75.47748565673828, 87.90906524658203)
(109.33963012695312, 126.85580444335938, 75.47748565673828, 87.90906524658203)
(109.72760009765625, 126.71760559082031, 75.47748565673828, 87.90906524658203)
(110.5107421875, 127.02067565917969, 75.47748565673828, 87.90906524658203)
(109.7255859375, 126.87066650390625, 76.98703002929688, 89.66724395751953)
(109.54508972167969, 126.60611724853516, 78.52677154541016, 91.46058654785156)
(110.14370727539062, 126.39136505126953, 78.52677154541016, 91.46058654785156)
(110.02684020996094, 126.1227035522461, 78.52677154541016, 91.46058654785156)
(110.25521850585938, 126.52782440185547, 78.52677154541016, 91.46058654785156)
(109.84649658203125, 125.40194702148438, 80.09729766845703, 93.289794921875)
(110.6053466796875, 125.13681030273438, 80.09729766845703, 93.289794921875)
(110.61885070800781, 124.71675109863281, 80.09729766845703, 93.289794921875)
(110.99134826660156, 123.97055053710938, 80.09729766845703, 93.289794921875)
(110.59107971191406, 123.62548828125, 80.09729766845703, 93.289794921875)
(110.67092895507812, 123.01730346679688, 80.09729766845703, 93.289794921875)
(110.82379150390625, 122.91445922851562, 80.09729766845703, 93.289794921875)
(110.72990417480469, 122.33828735351562, 80.09729766845703, 93.289794921875)
(109.86619567871094, 122.01637268066406, 80.09729766845703, 93.289794921875)
(109.33956909179688, 121.72151184082031, 80.09729766845703, 93.289794921875)
(108.55308532714844, 121.27275085449219, 80.09729766845703, 93.289794921875)
(107.84356689453125, 121.40203857421875, 80.09729766845703, 93.289794921875)
(107.09269714355469, 120.57966613769531, 80.09729766845703, 93.289794921875)
(105.684814453125, 120.53782653808594, 80.09729766845703, 93.289794921875)
(105.47824096679688, 120.74673461914062, 80.09729766845703, 93.289794921875)
(104.52694702148438, 120.49635314941406, 80.09729766845703, 93.289794921875)
(103.92068481445312, 120.36074829101562, 80.09729766845703, 93.289794921875)
(103.69761657714844, 120.11076354980469, 80.09729766845703, 93.289794921875)
(102.9405517578125, 120.28303527832031, 80.09729766845703, 93.289794921875)
(102.39810180664062, 120.63565063476562, 80.09729766845703, 93.289794921875)
(101.26094055175781, 120.34857177734375, 80.09729766845703, 93.289794921875)
(100.06268310546875, 120.88906860351562, 80.09729766845703, 93.289794921875)
(98.11137390136719, 121.2384033203125, 80.09729766845703, 93.289794921875)
(96.75141906738281, 121.97567749023438, 80.09729766845703, 93.289794921875)
(95.29220581054688, 122.52423095703125, 80.09729766845703, 93.289794921875)
(93.28926086425781, 123.84662628173828, 78.52676391601562, 91.46058654785156)
(90.17584228515625, 123.0804443359375, 80.09729766845703, 93.28978729248047)
(87.66899108886719, 123.70683288574219, 80.09729766845703, 93.28978729248047)
(86.393798828125, 123.390625, 80.09729766845703, 93.28978729248047)
(84.6077880859375, 123.08085632324219, 80.09729766845703, 93.28978729248047)
(83.82083129882812, 122.96624755859375, 80.09729766845703, 93.28978729248047)
(84.57095336914062, 123.67948913574219, 78.5267562866211, 91.46057891845703)
(85.47503662109375, 124.17167663574219, 76.98702239990234, 89.667236328125)
(86.00794982910156, 123.66360473632812, 76.98702239990234, 89.667236328125)
(86.13778686523438, 124.68214416503906, 75.47747039794922, 87.9090576171875)
(86.31626892089844, 124.7459716796875, 75.47747039794922, 87.9090576171875)
(85.82438659667969, 125.10989379882812, 75.47747039794922, 87.9090576171875)
(86.00779724121094, 125.22195434570312, 75.47747039794922, 87.9090576171875)
(85.89161682128906, 125.313720703125, 75.47747039794922, 87.9090576171875)
(85.98153686523438, 125.58029174804688, 75.47747039794922, 87.9090576171875)
(86.21463012695312, 125.91488647460938, 75.47747039794922, 87.9090576171875)
(86.5875244140625, 126.54296875, 75.47747039794922, 87.9090576171875)
(86.7623291015625, 126.10047912597656, 75.47747039794922, 87.9090576171875)
(86.80650329589844, 125.68734741210938, 75.47747039794922, 87.9090576171875)
(86.15570068359375, 124.5592041015625, 76.98702239990234, 89.667236328125)
(86.54277038574219, 124.94151306152344, 76.98702239990234, 89.667236328125)
(87.23176574707031, 125.95401000976562, 75.47747039794922, 87.9090576171875)
(88.14599609375, 125.45849609375, 75.47747039794922, 87.9090576171875)
(88.40278625488281, 124.56983947753906, 75.47747039794922, 87.9090576171875)
(88.65663146972656, 124.64765930175781, 75.47747039794922, 87.9090576171875)
(89.52388000488281, 125.10699462890625, 75.47747039794922, 87.9090576171875)
(90.409912109375, 125.07341003417969, 75.47747039794922, 87.9090576171875)
(91.298828125, 125.14340209960938, 75.47747039794922, 87.9090576171875)
(91.35459899902344, 124.23208618164062, 76.98702239990234, 89.667236328125)
(93.81150817871094, 125.93035888671875, 75.47747039794922, 87.9090576171875)
(94.34445190429688, 125.88383483886719, 75.47747039794922, 87.9090576171875)
(94.46858215332031, 125.38629150390625, 75.47747039794922, 87.9090576171875)
(95.11306762695312, 124.91012573242188, 75.47747039794922, 87.9090576171875)
(96.43461608886719, 125.53370666503906, 75.47747039794922, 87.9090576171875)
(96.62776184082031, 124.80403137207031, 75.47747039794922, 87.9090576171875)
(97.44639587402344, 125.4158935546875, 75.47747039794922, 87.9090576171875)
(98.11497497558594, 124.73298645019531, 75.47747039794922, 87.9090576171875)
(99.13728332519531, 124.32594299316406, 75.47747039794922, 87.9090576171875)
(99.75477600097656, 123.10923767089844, 75.47747039794922, 87.9090576171875)
(100.21678161621094, 121.91667175292969, 75.47747039794922, 87.9090576171875)
(101.01934814453125, 121.45291137695312, 75.47747039794922, 87.9090576171875)
(101.75509643554688, 119.92033386230469, 75.47747039794922, 87.9090576171875)
(101.95173645019531, 119.66905212402344, 75.47747039794922, 87.9090576171875)
(101.71371459960938, 118.359375, 76.98702239990234, 89.667236328125)
(103.14300537109375, 119.37605285644531, 75.47747039794922, 87.9090576171875)
(103.75999450683594, 118.45875549316406, 75.47747039794922, 87.9090576171875)
(103.98789978027344, 118.09390258789062, 75.47747039794922, 87.9090576171875)
(103.71211242675781, 116.78213500976562, 76.98702239990234, 89.667236328125)
(103.36790466308594, 116.65859985351562, 78.5267562866211, 91.46057891845703)
(103.33714294433594, 115.99313354492188, 78.5267562866211, 91.46057891845703)
(103.47735595703125, 116.26658630371094, 78.5267562866211, 91.46057891845703)
(102.2110824584961, 114.43902587890625, 81.69923400878906, 95.15557861328125)
(102.20577239990234, 114.64144897460938, 81.69923400878906, 95.15557861328125)
(102.35260772705078, 114.87628173828125, 81.69923400878906, 95.15557861328125)
(102.63932037353516, 115.22233581542969, 81.69923400878906, 95.15557861328125)
(102.61918640136719, 114.47564697265625, 83.33321380615234, 97.05868530273438)
(102.05609130859375, 113.342041015625, 83.33321380615234, 97.05868530273438)
(103.5121078491211, 114.40126037597656, 81.69923400878906, 95.15557861328125)
(104.1551742553711, 114.2894287109375, 81.69923400878906, 95.15557861328125)
(104.53331756591797, 114.18228149414062, 81.69923400878906, 95.15557861328125)
(105.35176849365234, 114.14620971679688, 81.69923400878906, 95.15557861328125)
(105.01190185546875, 113.53445434570312, 83.33321380615234, 97.05868530273438)
(106.39180755615234, 113.44871520996094, 81.69923400878906, 95.15557861328125)
(107.53267669677734, 113.80036926269531, 81.69923400878906, 95.15557861328125)
(108.24695587158203, 113.9837646484375, 81.69923400878906, 95.15557861328125)
(108.1871566772461, 114.24908447265625, 81.69923400878906, 95.15557861328125)
(108.02960968017578, 114.38302612304688, 81.69923400878906, 95.15557861328125)
(108.50308990478516, 114.65869140625, 81.69923400878906, 95.15557861328125)
(107.66866302490234, 114.02249145507812, 81.69923400878906, 95.15557861328125)
(107.3456802368164, 114.44483947753906, 81.69923400878906, 95.15557861328125)
(106.58255767822266, 114.28628540039062, 81.69923400878906, 95.15557861328125)
(106.50728607177734, 115.32405090332031, 81.69923400878906, 95.15557861328125)
