(225, 92, 43, 45)
(228.09599999999998, 99.5328, 41.471999999999994, 41.471999999999994)
(223.94879999999998, 99.5328, 41.471999999999994, 41.471999999999994)
(223.95816876505936, 99.49395099162189, 41.60365309488122, 41.60365309488122)
(223.95791331770027, 99.63992051984874, 41.4184492679197, 41.4184492679197)
(223.44060573885739, 100.00193117831054, 40.764847262519524, 40.764847262519524)
(221.69137746832928, 100.02078838751876, 40.79025082506012, 40.79025082506012)
(221.04749772058963, 100.1965573824549, 40.40570807444567, 40.40570807444567)
(221.18399999999997, 110.59199999999998, 34.559999999999995, 34.559999999999995)
(221.18399999999997, 107.13599999999998, 34.559999999999995, 34.559999999999995)
(220.608940452722, 107.42150945296615, 34.038808669751255, 34.038808669751255)
(207.82448639999996, 78.82997759999998, 71.66361599999999, 71.66361599999999)
(209.01887999999994, 134.36927999999997, 49.76639999999999, 49.76639999999999)
(207.16106739307037, 134.40898936572665, 49.82901007714034, 49.82901007714034)
(205.2275539604554, 134.79992356494762, 49.06673396385464, 49.06673396385464)
(207.35999999999996, 110.59199999999998, 34.559999999999995, 34.559999999999995)
(203.90399999999997, 107.13599999999998, 34.559999999999995, 34.559999999999995)
(203.2128, 141.0048, 41.471999999999994, 41.471999999999994)
(200.14515963751336, 140.52773580938836, 41.651042932004465, 41.651042932004465)
(195.90573842282387, 139.99634529538247, 42.36882273931314, 42.36882273931314)
(191.42285952339708, 139.6913533588463, 43.082841036213615, 43.082841036213615)
(190.7712, 141.0048, 41.471999999999994, 41.471999999999994)
(179.712, 107.13599999999998, 34.559999999999995, 34.559999999999995)
(176.25599999999997, 93.31199999999998, 34.559999999999995, 34.559999999999995)
(168.96298275426767, 93.19683919958018, 35.71189142505836, 35.71189142505836)
(161.74079999999998, 99.5328, 41.471999999999994, 41.471999999999994)
(153.231682773814, 101.59981650184137, 42.68225105393444, 42.68225105393444)
(145.152, 103.67999999999999, 41.471999999999994, 41.471999999999994)
(132.7104, 103.67999999999999, 41.471999999999994, 41.471999999999994)
(114.46271999999998, 99.53279999999998, 49.76639999999999, 49.76639999999999)
(102.60447567512733, 103.68379487190467, 47.78260178451092, 47.78260178451092)
(88.15608383259517, 105.68810078327876, 48.57621316732914, 48.57621316732914)
(74.4264838722246, 106.46919723404099, 50.04786425994529, 50.04786425994529)
(152.0, 56.0, 20.0, 20.0)
(152.0, 54.0, 20.0, 20.0)
(151.99904168002377, 53.966551903412444, 20.01537489190558, 20.01537489190558)
(152.07616160240568, 54.06627009239591, 19.88947061843084, 19.88947061843084)
(152.0, 54.0, 20.0, 20.0)
(152.0, 54.0, 20.0, 20.0)
(152.02424054624447, 54.012666754740565, 19.972835435831378, 19.972835435831378)
(152.0, 54.0, 20.0, 20.0)
(152.0, 52.0, 20.0, 20.0)
(152.0, 52.0, 20.0, 20.0)
(152.0, 52.0, 20.0, 20.0)
(152.1402199145561, 52.09629558289105, 19.723863149403442, 19.723863149403442)
(152.0, 54.0, 20.0, 20.0)
(152.0, 54.0, 20.0, 20.0)
(152.0, 54.0, 20.0, 20.0)
(151.95965215366007, 54.09151479404095, 20.130683485648582, 20.130683485648582)
(152.0, 54.0, 20.0, 20.0)
(152.0, 54.0, 20.0, 20.0)
(152.0, 54.0, 20.0, 20.0)
(152.0, 54.0, 20.0, 20.0)
(152.0, 52.0, 20.0, 20.0)
(152.0, 52.0, 20.0, 20.0)
(161.74079999999998, 103.67999999999999, 41.471999999999994, 41.471999999999994)
(164.22911999999997, 84.60287999999998, 49.76639999999999, 49.76639999999999)
(174.1824, 95.3856, 41.471999999999994, 41.471999999999994)
(178.36790144466875, 91.83809973568437, 41.26655497199064, 41.26655497199064)
(152.0, 54.0, 20.0, 20.0)
(152.0, 54.0, 20.0, 20.0)
(152.0, 54.0, 20.0, 20.0)
(152.211955685592, 54.043586392379105, 19.64627905850351, 19.64627905850351)
(152.0, 54.0, 20.0, 20.0)
(152.0, 54.0, 20.0, 20.0)
(152.0, 54.0, 20.0, 20.0)
(152.0, 54.0, 20.0, 20.0)
(151.63425326177833, 53.90920901129003, 20.65512323718556, 20.65512323718556)
(152.0, 54.0, 20.0, 20.0)
(236.0, 48.0, 20.0, 20.0)
(236.64893380803915, 46.52010766668171, 23.05601421985923, 23.05601421985923)
(237.35143625827538, 47.474509836156244, 24.14673685844923, 24.14673685844923)
(152.0, 54.0, 20.0, 20.0)
(152.0, 54.0, 20.0, 20.0)
(233.90207999999996, 69.67295999999999, 49.76639999999999, 49.76639999999999)
(234.48098897710258, 72.43901802495418, 48.21235707020879, 48.21235707020879)
(235.07342873419654, 76.40715205695048, 47.91804152086463, 47.91804152086463)
(228.09599999999998, 82.94399999999999, 41.471999999999994, 41.471999999999994)
(228.8024568690683, 85.72912355608003, 40.78027766811334, 40.78027766811334)
(223.94879999999995, 79.62623999999998, 49.76639999999999, 49.76639999999999)
(218.97215999999995, 79.62623999999998, 49.76639999999999, 49.76639999999999)
(213.99551999999994, 79.62623999999998, 49.76639999999999, 49.76639999999999)
(213.99551999999994, 89.57951999999997, 49.76639999999999, 49.76639999999999)
(241.91999999999996, 103.67999999999998, 34.559999999999995, 34.559999999999995)
(220.96281599999995, 89.57951999999997, 59.71967999999998, 59.71967999999998)
(220.96281599999995, 95.55148799999998, 59.71967999999998, 59.71967999999998)
(226.93478399999995, 95.55148799999998, 59.71967999999998, 59.71967999999998)
(232.90675199999995, 107.49542399999997, 59.71967999999998, 59.71967999999998)
(238.87871999999993, 119.43935999999997, 59.71967999999998, 59.71967999999998)
(248.83199999999994, 129.39263999999997, 49.76639999999999, 49.76639999999999)
(253.80863999999994, 139.34591999999998, 49.76639999999999, 49.76639999999999)
(266.4, 156.0, 24.0, 24.0)
(248.83199999999994, 144.32255999999995, 49.76639999999999, 49.76639999999999)
(244.4421158877732, 141.31129222078104, 53.81539429867218, 53.81539429867218)
(244.6848, 145.152, 41.471999999999994, 41.471999999999994)
(243.85535999999993, 134.36927999999997, 49.76639999999999, 49.76639999999999)
(239.48268674969978, 130.181840819524, 51.91531095372536, 51.91531095372536)
(234.31542451664012, 123.16021609867138, 56.46010153312591, 56.46010153312591)
(223.94879999999998, 128.5632, 41.471999999999994, 41.471999999999994)
(232.0, 102.0, 20.0, 20.0)
(228.0, 98.0, 20.0, 20.0)
(222.83059489194966, 97.47942530576802, 21.799595128210044, 21.799595128210044)
(74.0, 142.0, 20.0, 20.0)
(72.0, 139.2, 24.0, 24.0)
(72.0, 146.0, 20.0, 20.0)
(72.0, 146.0, 20.0, 20.0)
(72.0, 148.0, 20.0, 20.0)
(72.23664943327039, 148.02178279508678, 19.954359214513925, 19.954359214513925)
(72.36433698670437, 147.8280210687356, 20.169153175028754, 20.169153175028754)
(72.82758060889178, 147.48023716406755, 20.778157874013317, 20.778157874013317)
(74.39999999999999, 144.0, 24.0, 24.0)
(79.2, 96.0, 24.0, 24.0)
(79.17466432347373, 96.06466066136437, 23.99871517629471, 23.99871517629471)
(79.16184536865222, 96.01126095703114, 24.038459836426007, 24.038459836426007)
(79.2, 96.0, 24.0, 24.0)
(79.14226011204661, 96.04730161595286, 24.073502847195847, 24.073502847195847)
(79.14953794164792, 96.0524126975073, 24.06262455615728, 24.06262455615728)
(94.59597311999997, 25.798901759999993, 85.99633919999997, 85.99633919999997)
(132.48, 74.88, 28.799999999999997, 28.799999999999997)
(133.95157868852414, 72.30061433305539, 27.83462582607671, 27.83462582607671)
(135.37154188998517, 70.3956378067332, 27.09415621026406, 27.09415621026406)
(137.5666319617784, 69.09359653087019, 26.679439933865094, 26.679439933865094)
(140.32142954646415, 68.58477564631768, 26.375258582852926, 26.375258582852926)
(141.4834511731542, 66.69170541509756, 28.134833493535346, 28.134833493535346)
(79.2, 96.0, 24.0, 24.0)
(79.20581698904486, 96.00823550711127, 23.997185601988413, 23.997185601988413)
(79.2, 96.0, 24.0, 24.0)
(79.1382910419487, 95.97461840400925, 24.106122078700245, 24.106122078700245)
(152.06399999999996, 65.66399999999999, 34.559999999999995, 34.559999999999995)
(158.97599999999997, 69.11999999999999, 34.559999999999995, 34.559999999999995)
(162.432, 69.11999999999999, 34.559999999999995, 34.559999999999995)
(165.4549786104133, 68.98903650225898, 35.08282940026716, 35.08282940026716)
(167.63866208158663, 69.10865594755342, 35.12259746768609, 35.12259746768609)
(168.75975431961047, 69.88817256301864, 34.26288979827907, 34.26288979827907)
(170.27541015530488, 68.94862820340056, 35.123576417905866, 35.123576417905866)
(175.43253196799995, 41.27824281599999, 103.19560703999997, 103.19560703999997)
(179.15903999999995, 50.164531199999985, 71.66361599999999, 71.66361599999999)
(179.27924212607317, 50.292580158348606, 71.45290535136915, 71.45290535136915)
(179.40439048855248, 50.395216084914814, 71.28068785004338, 71.28068785004338)
(179.52196690671624, 50.41476241274656, 71.2225064492627, 71.2225064492627)
(179.61400842481484, 50.544683874692815, 71.01750361326081, 71.01750361326081)
(179.7546833731487, 50.63353234597589, 70.79914199784311, 70.79914199784311)
(179.85151114989037, 50.76681718448514, 70.56769042385194, 70.56769042385194)
(180.59231231999993, 60.19743743999998, 85.99633919999997, 85.99633919999997)
(180.59231231999993, 51.597803519999985, 85.99633919999997, 85.99633919999997)
(180.59231231999993, 51.597803519999985, 85.99633919999997, 85.99633919999997)
(175.43253196799995, 51.597803519999985, 103.19560703999997, 103.19560703999997)
(175.43253196799995, 51.597803519999985, 103.19560703999997, 103.19560703999997)
(175.53442863355528, 51.64617235352407, 103.08908848916273, 103.08908848916273)
(175.52854128396498, 51.707198608670105, 103.08380386217145, 103.08380386217145)
(175.53496997410505, 51.74457975242344, 103.10694196528978, 103.10694196528978)
(175.59603932558173, 51.74596816517943, 103.01107889710202, 103.01107889710202)
(175.54152264047968, 51.72644751279223, 103.11948665695455, 103.11948665695455)
(199.06559999999996, 0.0, 49.76639999999999, 49.76639999999999)
(199.06559999999996, 0.0, 49.76639999999999, 49.76639999999999)
(199.06223922255532, -0.008296995706359667, 49.76511069063146, 49.76511069063146)
(199.06559999999996, 0.0, 49.76639999999999, 49.76639999999999)
(144.0, 144.0, 24.0, 24.0)
(143.99201251275423, 143.9754262090433, 24.035811400272813, 24.035811400272813)
(199.06559999999996, 0.0, 49.76639999999999, 49.76639999999999)
(34.0, 142.0, 20.0, 20.0)
(32.43487482351729, 142.31317072195478, 20.881944078551363, 20.881944078551363)
(31.597493465199584, 142.74481898094666, 21.069566139669192, 21.069566139669192)
(34.0, 146.0, 20.0, 20.0)
(34.0, 146.0, 20.0, 20.0)
(33.780813610986705, 146.07974091811562, 20.028384374706274, 20.028384374706274)
(34.0, 148.0, 20.0, 20.0)
(34.1237454059804, 147.92810484201556, 20.06023318706264, 20.06023318706264)
(34.476161995985024, 147.5948944483776, 19.935638349338543, 19.935638349338543)
(34.0, 146.0, 20.0, 20.0)
(199.06559999999996, 0.0, 49.76639999999999, 49.76639999999999)
(199.06559999999996, 0.0, 49.76639999999999, 49.76639999999999)
(36.0, 146.0, 20.0, 20.0)
(36.0, 144.0, 20.0, 20.0)
(36.03417335618883, 144.09458671678453, 19.983495023462183, 19.983495023462183)
(36.12928966879412, 144.28471187948747, 19.775791084775033, 19.775791084775033)
(199.06559999999996, 0.0, 49.76639999999999, 49.76639999999999)
(33.6, 139.2, 24.0, 24.0)
(199.06559999999996, 0.0, 49.76639999999999, 49.76639999999999)
(199.0984969334983, 0.03609364980694707, 49.726057793159534, 49.726057793159534)
(199.06559999999996, 0.0, 49.76639999999999, 49.76639999999999)
(199.06559999999996, 0.0, 49.76639999999999, 49.76639999999999)
(44.0, 86.0, 20.0, 20.0)
(199.06559999999996, 0.0, 49.76639999999999, 49.76639999999999)
(138.24, 144.0, 28.799999999999997, 28.799999999999997)
(138.30134248281, 144.0015966942358, 28.76839474629407, 28.76839474629407)
(144.0, 144.0, 24.0, 24.0)
(36.0, 146.0, 20.0, 20.0)
(36.0, 146.0, 20.0, 20.0)
(36.0, 146.0, 20.0, 20.0)
(36.04459576540255, 146.11106495790742, 19.987953091997646, 19.987953091997646)
(36.081495902442164, 146.1638151620857, 20.03682585258637, 20.03682585258637)
(36.061825373876545, 146.2365823776607, 20.035975259326992, 20.035975259326992)
(36.09854586959761, 146.29545863510054, 19.973337490541113, 19.973337490541113)
(36.13520385584067, 146.35017921289634, 19.92792221385576, 19.92792221385576)
(36.11564899901431, 146.3017051360993, 19.96490332643426, 19.96490332643426)
(36.03517575028514, 146.2542442775068, 20.05285177701761, 20.05285177701761)
(35.91277335584204, 146.23721526563207, 20.04156067967334, 20.04156067967334)
(35.78319518274006, 146.1720844954842, 20.06568208325035, 20.06568208325035)
(36.0, 146.0, 20.0, 20.0)
(36.0, 146.0, 20.0, 20.0)
(36.0, 146.0, 20.0, 20.0)
(35.84080719130877, 145.86169838088398, 20.046699063427376, 20.046699063427376)
(36.0, 146.0, 20.0, 20.0)
(36.0, 146.0, 20.0, 20.0)
(36.03009412244, 145.9472770448033, 20.057899523674692, 20.057899523674692)
(36.110676284226244, 145.9736752466286, 20.066412934477196, 20.066412934477196)
(36.0, 146.0, 20.0, 20.0)
(36.2316903696272, 146.16742797949047, 19.825193479495603, 19.825193479495603)
(36.0, 146.0, 20.0, 20.0)
(36.300776926802996, 146.21244761161745, 20.022873941804157, 20.022873941804157)
(38.0, 148.0, 20.0, 20.0)
(38.0, 148.0, 20.0, 20.0)
(38.0, 148.0, 20.0, 20.0)
(38.00331480081238, 148.14039213235534, 20.00183902630492, 20.00183902630492)
(38.69171130723858, 148.4832915074339, 19.336090324975967, 19.336090324975967)
(39.06358824262665, 148.60411177167938, 19.434537687109977, 19.434537687109977)
(175.43253196799995, 51.597803519999985, 103.19560703999997, 103.19560703999997)
(175.43253196799995, 51.597803519999985, 103.19560703999997, 103.19560703999997)
(175.4398797037831, 51.58081730192572, 103.18291046980085, 103.18291046980085)
(40.0, 148.0, 20.0, 20.0)
(39.97984515844535, 148.02183734594536, 19.997585073734296, 19.997585073734296)
(209.01887999999994, 89.57951999999997, 59.71967999999998, 59.71967999999998)
(211.50719999999998, 141.0048, 41.471999999999994, 41.471999999999994)
(40.0, 150.0, 20.0, 20.0)
(40.0, 150.0, 20.0, 20.0)
(40.02365527993696, 150.01753459817425, 20.03095558392491, 20.03095558392491)
(228.09599999999998, 111.97439999999999, 41.471999999999994, 41.471999999999994)
(218.97215999999995, 99.53279999999998, 49.76639999999999, 49.76639999999999)
(218.6154009326506, 103.06530027102956, 50.43725456047989, 50.43725456047989)
(224.0, 102.0, 20.0, 20.0)
(223.99649658023196, 102.06812896548587, 19.93345947625484, 19.93345947625484)
(223.95978458137864, 102.02474506111497, 20.0156115013052, 20.0156115013052)
(223.94365721793878, 102.00801497550715, 20.081710222325544, 20.081710222325544)
(200.65812479999994, 114.66178559999997, 71.66361599999999, 71.66361599999999)
(218.97215999999995, 119.43935999999997, 49.76639999999999, 49.76639999999999)
(218.78818166291984, 119.47686298616203, 50.06874388119146, 50.06874388119146)
(220.96281599999995, 131.38329599999997, 59.71967999999998, 59.71967999999998)
(231.55199999999996, 141.69599999999997, 34.559999999999995, 34.559999999999995)
(228.09599999999998, 141.0048, 41.471999999999994, 41.471999999999994)
(227.91348535811179, 144.2842986027407, 41.27143174959667, 41.27143174959667)
(232.2432, 149.29919999999998, 41.471999999999994, 41.471999999999994)
(232.2432, 153.44639999999998, 41.471999999999994, 41.471999999999994)
(233.93098197118158, 156.43822860204094, 40.12547353322276, 40.12547353322276)
