(244, 49, 79, 176)
(232.19011583999992, 17.199267839999994, 85.99633919999997, 189.19194623999994)
(232.19011583999992, 51.597803519999985, 85.99633919999997, 189.19194623999994)
(229.94260840835037, 50.29226269527334, 86.2908535750178, 189.83987786503917)
(232.19011583999992, 17.199267839999994, 85.99633919999997, 189.19194623999994)
(228.87008290728028, 16.569606398758978, 85.69072635450173, 188.51959797990384)
(223.59048191999992, 17.199267839999994, 85.99633919999997, 189.19194623999994)
(220.9462255469239, 17.413643626361704, 86.81225673130821, 190.98696480887807)
(214.99084799999991, 17.199267839999994, 85.99633919999997, 189.19194623999994)
(212.9843456038229, 17.609057722219134, 86.3969172345415, 190.07321791599134)
(209.0399116757876, 17.60889402292429, 88.29844988553398, 194.25658974817478)
(214.99084799999991, 17.199267839999994, 85.99633919999997, 189.19194623999994)
(214.99084799999991, 34.39853567999999, 85.99633919999997, 189.19194623999994)
(212.88747887323618, 33.562355900924445, 86.49737371817588, 190.29422217998695)
(206.39121407999994, 34.39853567999999, 85.99633919999997, 189.19194623999994)
(202.49910841502498, 32.90010914967225, 87.27713256119989, 192.00969163463978)
(197.79158015999994, 34.39853567999999, 85.99633919999997, 189.19194623999994)
(197.79158015999994, 34.39853567999999, 85.99633919999997, 189.19194623999994)
(197.79158015999994, 34.39853567999999, 85.99633919999997, 189.19194623999994)
(197.79158015999994, 34.39853567999999, 85.99633919999997, 189.19194623999994)
(186.32540159999996, 42.99816959999999, 71.66361599999999, 157.65995519999996)
(209.01887999999994, 35.831807999999995, 59.71967999999998, 131.38329599999997)
(208.91220525973853, 27.749040075331152, 65.02427703911654, 143.0534094860564)
(196.07165337599994, 20.639121407999994, 103.19560703999997, 227.03033548799993)
(198.7898089914957, 20.422520640752808, 103.20109878752405, 227.0424173325529)
(202.18487018812255, 21.31270172108576, 102.7449455104813, 226.03888012305887)
(207.09942323825052, 18.119146684541107, 106.86235735456131, 235.0971861800349)
(210.38958562175645, 19.480373801301027, 106.07085094692445, 233.3558720832338)
(247.2, 33.6, 24.0, 52.8)
(250.10549703802644, 40.16415044471779, 23.094431949337704, 50.80775028854294)
(48.96, 0.0, 28.799999999999997, 63.36)
(66.24, 0.0, 28.799999999999997, 63.36)
(31.2, 4.8, 24.0, 52.8)
(50.4, 4.8, 24.0, 52.8)
(87.27792545524176, 1.758169018499629, 23.66129386490712, 52.05484650279566)
(106.04740080255033, -0.01564972242641005, 23.546171295289987, 51.801576849637975)
(124.42605187678164, -1.8008088874378139, 23.35654187631953, 51.38439212790297)
(142.56901608266548, -3.1968738008751814, 22.85998114033308, 50.29195850873278)
(176.926892896388, -6.6068762392134595, 22.49090720038803, 49.479995840853675)
(192.80263993294886, -8.485694642324528, 22.20463834699291, 48.85020436338441)
(206.95645366456662, -10.305963604823582, 22.094566425749594, 48.608046136649115)
(219.8413495210455, -12.112905946888432, 22.049567193260607, 48.50904782517335)
(243.37570464878016, -15.125970410195858, 21.701895756150613, 47.744170663531364)
(254.16037474470278, -16.16995033429791, 21.452135642430353, 47.19469841334679)
(263.64911360566964, -17.689122575766497, 21.27562227596536, 46.80636900712381)
(271.5916260056198, -19.43766007706509, 21.12008966356502, 46.46419725984307)
(285.01462425839253, -22.094012887945105, 20.44126845098835, 44.97079059217439)
(290.46050575609735, -24.12912960610176, 20.500158531750547, 45.10034876985122)
(295.7576566156953, -24.374439463033195, 19.390048707085942, 42.65810715558909)
(299.28535320633955, -25.89428575313603, 19.669006111734873, 43.27181344581674)
(276.0, 14.399999999999999, 24.0, 52.8)
(276.0, 14.399999999999999, 24.0, 52.8)
(278.51326267710226, 15.338240084449218, 23.224146032514206, 51.093121271531245)
(280.0177543305861, 16.086313708197604, 22.61573645601532, 49.75462020323369)
(282.5497491547241, 17.02876996351314, 21.869953594848674, 48.11389790866707)
(282.84697498113746, 17.880858615118598, 21.578663563115732, 47.473059838854596)
(283.06994959103235, 19.45457498283949, 21.03133494879472, 46.26893688734836)
(244.6848, 82.94399999999999, 41.471999999999994, 91.2384)
(216.71077478399994, 0.0, 103.19560703999997, 227.03033548799993)
(206.39121407999994, 0.0, 103.19560703999997, 227.03033548799993)
(206.45753541994827, 1.7402595746869594, 103.17139331518135, 226.97706529339897)
(206.55249251430905, 2.5072969724417646, 103.9648928227489, 228.72276421004756)
(214.99084799999991, 34.39853567999999, 85.99633919999997, 189.19194623999994)
(216.71077478399994, 0.0, 103.19560703999997, 227.03033548799993)
(223.59048191999992, 34.39853567999999, 85.99633919999997, 189.19194623999994)
(223.07335386838218, 34.354916771616814, 86.09248495167287, 189.40346689368033)
(232.19011583999992, 34.39853567999999, 85.99633919999997, 189.19194623999994)
(240.78974975999992, 34.39853567999999, 85.99633919999997, 189.19194623999994)
(206.39121407999994, 20.639121407999994, 103.19560703999997, 227.03033548799993)
(206.39121407999994, 20.639121407999994, 103.19560703999997, 227.03033548799993)
(184.64730651910563, 17.053067986923168, 107.01948173210106, 235.44285981062234)
(206.39121407999994, 20.639121407999994, 103.19560703999997, 227.03033548799993)
(206.39121407999994, 20.639121407999994, 103.19560703999997, 227.03033548799993)
(206.39121407999994, 20.639121407999994, 103.19560703999997, 227.03033548799993)
(205.18603446989314, 15.976172310686977, 107.90549628951038, 237.39209183692284)
(206.39121407999994, 20.639121407999994, 103.19560703999997, 227.03033548799993)
(206.39121407999994, 0.0, 103.19560703999997, 227.03033548799993)
(206.39121407999994, 0.0, 103.19560703999997, 227.03033548799993)
(227.03033548799993, 20.639121407999994, 103.19560703999997, 227.03033548799993)
(247.66945689599993, 20.639121407999994, 103.19560703999997, 227.03033548799993)
(247.66945689599993, 20.639121407999994, 103.19560703999997, 227.03033548799993)
(247.66945689599993, 20.639121407999994, 103.19560703999997, 227.03033548799993)
(257.98901759999995, 85.99633919999998, 71.66361599999999, 157.65995519999996)
(255.0534615944695, 83.37996703153422, 71.40560813801397, 157.09233790363072)
(251.62729771508856, 81.47944568146644, 71.34875620927588, 156.9672636604069)
(248.26342513606852, 80.60949317681181, 71.06966542981596, 156.35326394559507)
(241.02249463570593, 80.83324551449068, 70.39124811022863, 154.86074584250295)
(237.85436938803406, 81.37659628797194, 70.08156354697863, 154.17943980335295)
(235.85562291834546, 82.57746654245, 69.48976205276206, 152.8774765160765)
(233.86942572855395, 83.93280525908841, 68.85174383468879, 151.4738364363153)
(231.5309944418663, 85.75284993423493, 68.04977034849381, 149.70949476668633)
(231.22231987017636, 86.44976074956392, 67.6662649996862, 148.8657829993096)
(231.27501959309004, 87.05272253987638, 67.6571485128432, 148.845726728255)
(214.99084799999991, 34.39853567999999, 85.99633919999997, 189.19194623999994)
(214.63269602767394, 33.33264800225979, 87.77468538098005, 193.1043078381561)
(214.32677930628438, 32.06318040953866, 88.98466335500919, 195.76625938102023)
(214.67879278594188, 31.141787921230517, 89.86059245038165, 197.69330339083965)
(214.99084799999991, 17.199267839999994, 85.99633919999997, 189.19194623999994)
(229.32357119999995, 85.99633919999998, 71.66361599999999, 157.65995519999996)
(228.79447340269274, 84.42205488088503, 72.79229194129414, 160.14304227084708)
(222.15720959999996, 57.33089279999999, 71.66361599999999, 157.65995519999996)
(221.32124757019432, 55.5799934975135, 72.97018361429878, 160.5344039514573)
(196.07165337599994, 0.0, 103.19560703999997, 227.03033548799993)
(206.39121407999994, 17.199267839999994, 85.99633919999997, 189.19194623999994)
(204.17303210481725, 17.317515785613665, 86.500482691381, 190.3010619210382)
(201.84833143024372, 16.67704820291908, 87.57157593505931, 192.6574670571305)
(195.31543414828926, 19.78323024341033, 88.6521410067807, 195.03471021491754)
(232.2432, 8.2944, 41.471999999999994, 91.2384)
(236.3904, 16.5888, 41.471999999999994, 91.2384)
(228.92543999999995, 9.953279999999998, 49.76639999999999, 109.48607999999997)
(227.95618062441537, 13.68099791283749, 52.78109062616912, 116.11839937757206)
(228.94909510404108, 16.907462227730875, 53.10808210148799, 116.83778062327357)
(229.90983539379482, 19.437332320267238, 53.73278987647269, 118.21213772823991)
(231.0242784500765, 22.229532344685126, 53.94564570726866, 118.68042055599105)
(238.87871999999993, 19.906559999999995, 49.76639999999999, 109.48607999999997)
(240.90209084278797, 21.260065545295802, 49.7959522597364, 109.55109497142007)
(242.18512579940784, 22.002497050384434, 49.88298903594978, 109.74257587908949)
(223.94879999999995, 9.953279999999998, 49.76639999999999, 109.48607999999997)
(244.85068799999993, 83.60755199999998, 59.71967999999998, 131.38329599999997)
(229.32357119999995, 85.99633919999998, 71.66361599999999, 157.65995519999996)
(230.1613194479545, 87.74035885624215, 70.70693053924717, 155.55524718634376)
(248.83199999999994, 89.57951999999997, 49.76639999999999, 109.48607999999997)
(236.48993279999993, 71.66361599999999, 71.66361599999999, 157.65995519999996)
(235.94665766851955, 70.71944601958103, 72.5078414338592, 159.51725115449022)
(229.32357119999995, 14.332723199999997, 71.66361599999999, 157.65995519999996)
(229.4775014644761, 13.058721771593568, 72.19559922104774, 158.83031828630502)
(238.87871999999993, 39.81311999999999, 49.76639999999999, 109.48607999999997)
(244.6848, 41.471999999999994, 41.471999999999994, 91.2384)
(244.22361638993027, 40.07081921458486, 42.273319246506645, 93.00130234231463)
(232.90675199999995, 35.831807999999995, 59.71967999999998, 131.38329599999997)
(232.34099963439024, 34.118228845463335, 60.2614172751647, 132.57511800536236)
(238.87871999999993, 23.887871999999994, 59.71967999999998, 131.38329599999997)
(226.93478399999995, 23.887871999999994, 59.71967999999998, 131.38329599999997)
(226.93478399999995, 35.831807999999995, 59.71967999999998, 131.38329599999997)
(227.4704832944314, 34.69573157958513, 59.750820473637084, 131.45180504200158)
(227.67472731214033, 34.76548620418933, 59.716752604234834, 131.37685572931662)
(226.93478399999995, 35.831807999999995, 59.71967999999998, 131.38329599999997)
(254.0, 36.0, 20.0, 44.0)
(256.8046278070257, 37.448746391521, 19.93047827266735, 43.847052199868166)
(148.0, 12.0, 20.0, 44.0)
(332.0, 16.0, 20.0, 44.0)
(336.55029205938223, 15.960716726502724, 20.04950133045429, 44.108902926999434)
(348.0, 16.0, 20.0, 44.0)
(352.20526108075967, 15.211562018052163, 20.292175592386883, 44.64278630325114)
(356.3350676339115, 14.715329107715618, 20.349548570067654, 44.76900685414884)
(359.96507285332075, 14.105523405967737, 20.584289107811646, 45.28543603718562)
(366.1564310749777, 13.15651218025857, 20.852573641060214, 45.87566201033247)
(368.27719729828016, 12.631513362246658, 21.036730891720904, 46.28080796178598)
(369.3252267778061, 12.185239206583635, 21.20037652251275, 46.64082834952804)
(369.59117955482094, 11.979296802832597, 21.356032003639406, 46.98327040800668)
(368.9723088265937, 11.94887022050803, 21.51039943665641, 47.322878760644095)
(367.975048174806, 12.414965298538029, 21.536536951169268, 47.38038129257238)
(366.4387220573577, 12.945538257632276, 21.47131076809708, 47.236883689813574)
(364.15358315477715, 13.758468954303641, 21.608361034195735, 47.53839427523061)
(357.9043433409305, 15.328610602122325, 21.968901208763977, 48.33158265928074)
(324.0, 16.0, 20.0, 44.0)
(318.81194903237923, 16.970800200335837, 20.046451056335318, 44.1021923239377)
(312.8512649718457, 18.106310312328073, 20.13047786880864, 44.28705131137901)
(298.8796963087259, 19.85538936668481, 20.378638388407538, 44.83300445449659)
(291.16467755088286, 20.74129051276021, 20.38716711503111, 44.85176765306845)
(282.9689063731396, 21.264376003329023, 20.370079099423897, 44.81417401873258)
(273.9312660379785, 20.97387874363568, 20.666947904511773, 45.467285389925905)
(254.30455972241145, 21.08236468703468, 20.909618348145848, 46.001160365920875)
(243.76183446202143, 20.998444874064297, 20.98481496267592, 46.16659291788703)
(232.97221968678377, 20.790966135631354, 21.059726275846494, 46.33139780686229)
(221.56152242253526, 20.120958765612706, 21.35280049184356, 46.97616108205584)
(197.35057546931924, 18.49632897500719, 21.93158526741622, 48.249487588315695)
(184.56502384245124, 17.71634919106361, 22.172549360995966, 48.77960859419114)
(171.716954708757, 17.363403035656997, 22.240269659634436, 48.92859325119577)
(158.88502957828712, 17.290012841396667, 22.309027147136725, 49.07985972370081)
(132.79393189174826, 17.12121471415329, 22.717647691112862, 49.978824920448304)
(119.88645241493184, 17.36818027531341, 23.096785111542584, 50.81292724539369)
(107.1975761595915, 17.677143632949445, 23.34285427261387, 51.354279399750524)
(95.36396873225387, 18.604179506551752, 23.486448521820403, 51.670186748004895)
(386.0, 28.0, 20.0, 44.0)
(380.0, 32.0, 20.0, 44.0)
(370.0, 28.0, 20.0, 44.0)
(440.0, 36.0, 20.0, 44.0)
(433.3272555281838, 37.690238803850065, 20.143096365507397, 44.31481200411627)
(421.42271541898066, 40.90269654748982, 20.141568673757483, 44.31145108226646)
(416.2544834325141, 42.360693248186365, 20.279180107627983, 44.61419623678156)
(410.0, 44.0, 20.0, 44.0)
(406.94666365456044, 45.53353894628303, 20.12391512251969, 44.272613269543314)
(406.0, 48.0, 20.0, 44.0)
(407.03177806746453, 48.99182871009191, 20.405499040852174, 44.89209788987478)
(409.2481905825856, 49.99523040229384, 20.483843444203757, 45.06445557724826)
(412.16177863540815, 50.39532797592533, 20.7134910690274, 45.56968035186027)
(419.31896398759824, 51.03927303406867, 21.106426272850392, 46.434137800270854)
(422.59564287779455, 51.64784375924856, 21.146757457301558, 46.52286640606342)
(425.32179663735104, 51.76136866357368, 21.331229723344777, 46.928705391358505)
(427.02778480875037, 51.61140390774202, 21.485171349296138, 47.2673769684515)
(428.2291545802177, 51.0670886848774, 22.042545331752084, 48.49359972985458)
(427.2, 52.8, 24.0, 52.8)
(426.91224604911696, 53.40540566352611, 24.28391244278165, 53.42460737411963)
(426.56861449176876, 54.1787894063053, 24.570479756696876, 54.05505546473313)
(427.2, 57.599999999999994, 24.0, 52.8)
(140.0, 8.0, 20.0, 44.0)
(139.40454629403723, 9.454371048542072, 20.224232607238033, 44.49331173592367)
(429.59999999999997, 62.4, 24.0, 52.8)
(430.7456935224805, 65.58652611566815, 24.243708169882648, 53.33615797374182)
(430.9353448896693, 66.90366223017291, 24.386896890583223, 53.65117315928308)
(430.8363265475499, 67.84690128424852, 24.537326152947017, 53.98211753648343)
(430.8294210019875, 69.04508341262456, 24.48106888469678, 53.858351546332905)
(429.59999999999997, 72.0, 24.0, 52.8)
(428.2789543814735, 72.62495803157574, 24.16089006517795, 53.153958143391485)
(427.2, 72.0, 24.0, 52.8)
(424.8, 72.0, 24.0, 52.8)
(419.67137062396097, 72.30629073282158, 24.29525313684367, 53.44955690105608)
(416.75892858390597, 72.73288812385091, 24.22340870132872, 53.291499142923186)
(413.67771142533707, 73.10780839746022, 24.311746338779063, 53.48584194531394)
(410.16914285941067, 73.64773593376984, 24.536769212819323, 53.98089226820252)
(402.65541238402614, 74.49692494505275, 24.67568035890091, 54.286496789582)
(398.4, 76.8, 24.0, 52.8)
(394.4123641049662, 77.63631052799593, 24.02245196584886, 52.84939432486749)
(391.2, 76.8, 24.0, 52.8)
(384.0940769164483, 78.33373862536592, 24.21016770030654, 53.26236894067438)
(380.7492505796078, 79.25352873485396, 24.14032940719064, 53.10872469581941)
(376.8, 81.6, 24.0, 52.8)
(372.7994091192875, 82.32728282610431, 24.03469006220631, 52.876318136853875)
(362.9664831237867, 83.39536672364909, 24.311565002426605, 53.485443005338524)
(357.1030838165134, 83.82589923397593, 24.438388031035732, 53.7644536682786)
(350.3624242508066, 84.00885816256557, 24.508330209324267, 53.91832646051338)
(342.9286368040536, 83.91931459806835, 24.73521906767402, 54.41748194888283)
(325.7449968160547, 82.92076393037894, 26.32948878976561, 57.92487533748432)
(55.199999999999996, 76.8, 24.0, 52.8)
(44.02930551640455, 77.26896218735955, 23.91444804922213, 52.611785708288686)
(28.799999999999997, 76.8, 24.0, 52.8)
(0.9916693433393142, 76.62459613933086, 24.193062070157303, 53.224736554346066)
(170.4, 76.8, 24.0, 52.8)
(148.0, 84.0, 20.0, 44.0)
(134.0, 84.0, 20.0, 44.0)
(100.8, 76.8, 24.0, 52.8)
(84.03221247035125, 76.76989453438213, 24.034873155000618, 52.87672094100135)
(67.2, 86.39999999999999, 24.0, 52.8)
(49.47602434288861, 86.25620718289497, 24.04328441358802, 52.89522570989364)
(12.8530019894428, 85.54484297845872, 24.298324176631983, 53.45631318859036)
(103.67999999999998, 55.29599999999999, 34.559999999999995, 76.03199999999998)
(114.04799999999999, 76.03199999999998, 34.559999999999995, 76.03199999999998)
(96.42813189852609, 75.57031959570276, 34.64626330255714, 76.2217792656257)
(60.04560477925996, 74.28042695602232, 35.00317545124565, 77.00698599274044)
(41.28270646375658, 73.52773730742271, 35.148539953346166, 77.32678789736157)
(22.36257988347985, 72.49358753869964, 35.4871642381672, 78.07176132396785)
(2.9045549469707694, 71.45408949295486, 35.887867584085754, 78.95330868498867)
(28.799999999999997, 74.88, 28.799999999999997, 63.36)
(8.64, 74.88, 28.799999999999997, 63.36)
(64.69631999999999, 39.81311999999999, 49.76639999999999, 109.48607999999997)
(45.39754285304264, 38.91243793172314, 49.825799691863885, 109.61675932210055)
(7.439876714230099, 37.53640738727305, 49.83652991870772, 109.64036582115698)
(-11.50370141147313, 37.22492569322107, 49.94808573676457, 109.88578862088204)
(243.65629439999995, 42.99816959999999, 71.66361599999999, 157.65995519999996)
(241.6306309562185, 43.479213456908354, 71.2507400067035, 156.75162801474767)
(247.67999999999998, 69.12, 28.799999999999997, 63.36)
(238.87871999999993, 35.831807999999995, 59.71967999999998, 131.38329599999997)
(241.92, 63.36, 28.799999999999997, 63.36)
(239.04, 63.36, 28.799999999999997, 63.36)
(241.91999999999996, 69.11999999999999, 34.559999999999995, 76.03199999999998)
(241.91999999999996, 69.11999999999999, 34.559999999999995, 76.03199999999998)
(241.9551735387629, 68.93128681457537, 34.504118254505336, 75.90906015991173)
(241.85741438689178, 68.77316248124016, 34.6601162945757, 76.25225584806654)
(240.13983895263192, 66.85051535521418, 36.00057111817353, 79.20125645998176)
(242.39999999999998, 67.2, 24.0, 52.8)
(242.94965769902018, 67.5809472247097, 23.961200959381443, 52.714642110639176)
(243.75044981276446, 67.85586431342364, 23.92144534517418, 52.627179759383196)
(245.2264108685572, 65.7198762191755, 25.938700479682417, 57.06514105530132)
(248.83199999999997, 62.20799999999999, 34.559999999999995, 76.03199999999998)
(250.76465767068913, 61.016614148465386, 34.46928182659041, 75.8324200184989)
(253.16408910626745, 59.25672957871033, 34.28382227574629, 75.42440900664182)
(248.832, 49.7664, 41.471999999999994, 91.2384)
(257.1264, 41.471999999999994, 41.471999999999994, 91.2384)
(261.2736, 49.7664, 41.471999999999994, 91.2384)
(269.568, 49.7664, 41.471999999999994, 91.2384)
(273.7152, 41.471999999999994, 41.471999999999994, 91.2384)
(275.1210174374437, 40.72246132624339, 40.67153455870628, 89.47737602915382)
(276.6183300293869, 40.90183497822545, 39.533049511538636, 86.972708925385)
(278.00963767821406, 41.13579415732975, 38.551734262712465, 84.81381537796743)
(276.47999999999996, 41.471999999999994, 34.559999999999995, 76.03199999999998)
(276.4745800132211, 41.164663965487975, 34.2917567216045, 75.44186478752988)
(279.936, 41.471999999999994, 34.559999999999995, 76.03199999999998)
(279.936, 48.38399999999999, 34.559999999999995, 76.03199999999998)
(281.0434744311087, 49.770947669947965, 33.44038805184505, 73.5688537140591)
(281.51847594636513, 50.68641838022112, 32.864957775238416, 72.30290710552451)
(279.36, 51.839999999999996, 28.799999999999997, 63.36)
(276.48, 51.839999999999996, 28.799999999999997, 63.36)
(331.77599999999995, 117.50399999999999, 34.559999999999995, 76.03199999999998)
(330.5269706347236, 116.78289015713432, 33.933302871177595, 74.6532663165907)
(329.4275098072487, 115.8158188904005, 33.33980509253362, 73.34757120357396)
(328.32573357058027, 114.77611679717123, 32.86226625727686, 72.29698576600909)
(324.864, 103.67999999999998, 34.559999999999995, 76.03199999999998)
(182.0, 56.0, 20.0, 44.0)
(138.0, 4.0, 20.0, 44.0)
(316.8, 115.19999999999999, 24.0, 52.8)
(314.4, 110.39999999999999, 24.0, 52.8)
(309.59999999999997, 110.39999999999999, 24.0, 52.8)
(309.0887954317834, 108.29184393796064, 25.099740679401897, 55.21942949468417)
(424.0, 80.0, 20.0, 44.0)
(428.92719415530246, 77.96698626031775, 19.45789806634821, 42.80737574596606)
(355.2, 100.8, 24.0, 52.8)
(358.71292270480455, 99.45313774475952, 23.65179741265646, 52.03395430784421)
(362.5980378483912, 98.391334206402, 23.28030980126451, 51.21668156278193)
(370.55606151358853, 96.45390265167211, 23.249272236494804, 51.14839892028857)
(376.8, 96.0, 24.0, 52.8)
(382.29611497578685, 95.38440567500257, 23.68782375936379, 52.11321227060034)
(387.8763428358535, 94.70869139097731, 23.709069699386756, 52.159953338650865)
(401.5910486412182, 93.80892197039685, 23.439326057407342, 51.56651732629616)
(409.4711792536694, 93.18120785294569, 23.61928089695811, 51.96241797330784)
(417.92157377853204, 92.33801361281927, 23.713609034732848, 52.169939876412265)
(426.8578038407977, 92.05854738652246, 23.69204002348277, 52.1224880516621)
(290.0, 40.0, 20.0, 44.0)
(292.0, 40.0, 20.0, 44.0)
(298.5983999999999, 79.62623999999998, 49.76639999999999, 109.48607999999997)
(297.71406246283186, 80.71450784303494, 49.96085632433612, 109.91388391353945)
(77.75999999999999, 17.28, 28.799999999999997, 63.36)
(85.27051476525838, 17.022309538927352, 28.817910899170712, 63.39940397817557)
(92.49289063250488, 16.751429787934075, 28.786458725224612, 63.330209195494156)
(99.6986706997381, 16.560587815119643, 28.792089142515966, 63.34259611353513)
(112.32, 17.28, 28.799999999999997, 63.36)
(252.9792, 58.0608, 41.471999999999994, 91.2384)
(248.83199999999997, 62.20799999999999, 34.559999999999995, 76.03199999999998)
(245.44098006604446, 62.55745768338382, 35.21874885228601, 77.48124747502922)
(238.87871999999993, 49.76639999999999, 49.76639999999999, 109.48607999999997)
(236.28866290861353, 49.171271225121785, 50.77033620425717, 111.69473964936577)
(214.99084799999994, 47.77574399999999, 59.71967999999998, 131.38329599999997)
(229.32357119999995, 42.99816959999999, 71.66361599999999, 157.65995519999996)
(226.60761623947894, 40.02258040560368, 73.65955179994833, 162.05101395988632)
(209.01887999999994, 47.77574399999999, 59.71967999999998, 131.38329599999997)
(208.5164350569592, 46.54366529620884, 60.17447528158924, 132.38384561949633)
(200.65812479999994, 42.99816959999999, 71.66361599999999, 157.65995519999996)
(214.99084799999991, 17.199267839999994, 85.99633919999997, 189.19194623999994)
(215.02819325176148, 15.266499720535592, 87.00583143573465, 191.41282915861623)
(215.17071190636167, 12.545726795812271, 88.48849432184676, 194.67468750806287)
(215.3319975260435, 10.954156233331005, 89.00350853170188, 195.80771876974416)
(206.39121407999994, 17.199267839999994, 85.99633919999997, 189.19194623999994)
(206.43732801774289, 15.10375195030008, 87.08566039677972, 191.58845287291538)
(206.644764370392, 12.540931628276596, 88.33102023542678, 194.3282445179389)
(206.8637042494374, 10.059131954949905, 89.74354330936723, 197.43579528060792)
(207.47332405920892, 6.338827030587865, 91.79630686365232, 201.95187510003512)
(207.03558338096576, 4.143194083863065, 93.05896473381051, 204.72972241438316)
(206.25687462571736, 2.4063043535665685, 94.38867533512764, 207.65508573728084)
(205.02085296152768, 0.3998618681305004, 95.78094571428826, 210.71808057143423)
(206.39121407999994, 20.639121407999994, 103.19560703999997, 227.03033548799993)
(202.6439814987761, 17.05117896758884, 106.07892718291636, 233.373639802416)
(199.6690897155625, 15.509947928308037, 107.55111065168727, 236.61244343371197)
(185.75209267199995, 0.0, 103.19560703999997, 227.03033548799993)
(175.43253196799995, 0.0, 103.19560703999997, 227.03033548799993)
(172.04359629613543, -0.8456151431410319, 104.15121275872903, 229.13266806920387)
(168.26201385956477, -0.9896417916824163, 104.64809345218283, 230.22580559480227)
(164.9858205236722, -0.9541900432436989, 105.5280558075617, 232.16172277663577)
(154.79341055999996, 0.0, 103.19560703999997, 227.03033548799993)
(151.71785109411707, -0.04097714757418203, 103.76100209481262, 228.27420460858775)
(148.7627349582504, 1.2288031201207446, 103.70480370248343, 228.15056814546352)
(146.12300792088246, 2.0023637209190213, 103.54819210339124, 227.80602262746072)
(142.13338531561251, 3.623353779364237, 102.87695513619673, 226.3293012996328)
(140.65570081923025, 4.991553417108392, 101.90338430962534, 224.18744548117573)
(139.00826065087097, 5.879556872889836, 101.47454028110954, 223.24398861844097)
(137.20867766289217, 6.656364115620704, 101.15206013890304, 222.53453230558665)
(135.12165386528673, 9.197256579003977, 100.12849115696548, 220.282680545324)
(123.83472844799996, 0.0, 103.19560703999997, 227.03033548799993)
(134.15428915199996, 0.0, 103.19560703999997, 227.03033548799993)
(133.75934885353348, 1.6637874407858817, 102.40156429708915, 225.28344145359614)
(113.51516774399997, 0.0, 103.19560703999997, 227.03033548799993)
(186.624, 0.0, 41.471999999999994, 91.2384)
(186.42007893753998, 0.7944965263574986, 41.18346150968565, 90.60361532130844)
(190.07999999999998, 6.911999999999999, 34.559999999999995, 76.03199999999998)
(190.7712, 0.0, 41.471999999999994, 91.2384)
(193.53599999999997, 20.735999999999997, 34.559999999999995, 76.03199999999998)
(207.35999999999996, 6.911999999999999, 34.559999999999995, 76.03199999999998)
(194.9184, 8.2944, 41.471999999999994, 91.2384)
(203.90399999999997, 27.647999999999996, 34.559999999999995, 76.03199999999998)
(209.45983925761857, 29.9684980391242, 33.57020869179404, 73.85445912194689)
(215.288454681802, 32.053453009925406, 32.62556329264593, 71.77623924382104)
(230.39999999999998, 40.32, 28.799999999999997, 63.36)
(245.32707537365084, 45.53870705738353, 27.813586069104453, 61.1898893520298)
(253.44, 46.08, 28.799999999999997, 63.36)
(261.07867434156236, 49.37429406169113, 28.304999949687744, 62.27099988931304)
(266.4, 52.8, 24.0, 52.8)
(278.4, 57.599999999999994, 24.0, 52.8)
(281.6101104025947, 60.551152797817835, 23.767584370591745, 52.28868561530184)
(282.24, 63.36, 28.799999999999997, 63.36)
(282.0158538392178, 66.88204568260734, 28.15271126687684, 61.935964787129045)
(283.2, 72.0, 24.0, 52.8)
(276.4568201297312, 77.56859010083848, 23.536713744443723, 51.78077023777618)
(272.0183568186454, 79.92979936869565, 23.549535142006086, 51.80897731241338)
(266.0, 84.0, 20.0, 44.0)
(270.0, 76.0, 20.0, 44.0)
(266.4, 168.0, 24.0, 52.8)
(236.48993279999993, 85.99633919999998, 71.66361599999999, 157.65995519999996)
(232.59447997692982, 87.67146780614029, 71.98076676332771, 158.35768687932094)
(253.44, 178.56, 28.799999999999997, 63.36)
(233.90207999999996, 99.53279999999998, 49.76639999999999, 109.48607999999997)
(228.92543999999995, 109.48607999999997, 49.76639999999999, 109.48607999999997)
(228.92543999999995, 99.53279999999998, 49.76639999999999, 109.48607999999997)
(232.90675199999995, 107.49542399999997, 59.71967999999998, 131.38329599999997)
(228.09599999999998, 99.5328, 41.471999999999994, 91.2384)
(262.0, 64.0, 20.0, 44.0)
(272.4392685324074, 63.830479211237744, 20.14282523987265, 44.314215527719824)
(283.5979081011318, 63.6854989882615, 20.265487508673857, 44.584072519082476)
(305.7568711154736, 63.51517214862196, 20.861440874521588, 45.895169923947485)
(316.9425997856701, 63.88204777554449, 20.989312147409837, 46.17648672430164)
(328.33071242465275, 64.57756886011498, 21.21583345147573, 46.6748335932466)
(339.8031825956528, 65.03926657249676, 21.53627396885061, 47.379802731471344)
(363.6565761903482, 63.710641172232755, 22.041614465006802, 48.491551823014966)
(376.10461077883974, 61.228884100410326, 22.498877807554887, 49.497531176620754)
(389.6118619835825, 57.60417741856907, 23.008362214475557, 50.61839687184623)
(404.3473452279072, 52.994615662894944, 23.615490208248023, 51.95407845814565)
(436.9866116915098, 43.91303648975412, 24.6072819880742, 54.13602037376324)
(0.0, 0.0, 0.0, 0.0)
(0.0, 0.0, 0.0, 0.0)
(392.0, 8.0, 20.0, 44.0)
(425.8724783884094, -3.388343642301134, 20.978370859900004, 46.15241589178)
(442.65858582649923, -9.117967375244174, 21.82137815168904, 48.007031933715886)
(459.53414939922914, -13.765885611551852, 22.263000029666724, 48.97860006526679)
(179.15903999999995, 69.67295999999999, 49.76639999999999, 109.48607999999997)
(154.79341055999996, 51.597803519999985, 85.99633919999997, 189.19194623999994)
(156.49082681249058, 53.60943861141688, 85.33521030829995, 187.7374626782599)
(167.89717545473098, 52.98802400203128, 86.24428426405355, 189.7374253809178)
(170.13594472548738, 52.74527440550786, 87.45152965808762, 192.3933652477928)
(173.5992946287674, 51.10652193930598, 90.83958815230879, 199.84709393507936)
(175.7359859544423, 51.29938763118135, 91.92628240525589, 202.237821291563)
(175.81596583552988, 50.55788350018925, 93.54799988917449, 205.8055997561839)
(176.17375382438217, 49.80765135300801, 94.9497029642043, 208.8893465212495)
(164.82631679999997, 42.99816959999999, 71.66361599999999, 157.65995519999996)
(165.11297126399995, 0.0, 103.19560703999997, 227.03033548799993)
(154.79341055999996, 0.0, 103.19560703999997, 227.03033548799993)
(144.47384985599996, 0.0, 103.19560703999997, 227.03033548799993)
(128.99450879999995, 51.597803519999985, 85.99633919999997, 189.19194623999994)
(128.99450879999995, 51.597803519999985, 85.99633919999997, 189.19194623999994)
(126.83351212893524, 50.817518314360754, 86.93820558900438, 191.26405229580965)
(127.83799162634739, 51.18640946355029, 87.06950538324259, 191.5529118431337)
(127.38369615379133, 46.84336964121212, 91.17061646995626, 200.5753562339038)
(163.39304447999993, 17.199267839999994, 85.99633919999997, 189.19194623999994)
(170.87232633450552, 16.920667900381005, 84.86623618434818, 186.70571960556603)
(177.09624295981138, 15.91432359958911, 84.10520102943954, 185.031442264767)
(187.94882137155082, 11.32718406317963, 83.72665858584341, 184.1986488888555)
(171.99267839999993, 0.0, 85.99633919999997, 189.19194623999994)
(171.99267839999993, 0.0, 85.99633919999997, 189.19194623999994)
(171.99267839999993, 17.199267839999994, 85.99633919999997, 189.19194623999994)
(180.1670045328019, 10.793876945933889, 84.35212419025537, 185.57467321856183)
(182.45756262475274, 7.147484631038182, 83.89619111182247, 184.5716204460095)
(182.8497850410218, 3.277751228019042, 83.76643988280001, 184.28616774216007)
(175.43253196799995, 0.0, 103.19560703999997, 227.03033548799993)
(196.07165337599994, 0.0, 103.19560703999997, 227.03033548799993)
(196.3788222631429, -1.3172918027777172, 101.91909885555783, 224.22201748222724)
(200.65812479999994, 57.33089279999999, 71.66361599999999, 157.65995519999996)
(189.19194623999994, 51.597803519999985, 85.99633919999997, 189.19194623999994)
(188.6326450315537, 50.151056681730736, 86.37380697333778, 190.02237534134312)
(188.14953373882298, 49.08216935725444, 86.973284563682, 191.3412260401004)
(187.66882753362367, 48.807498396245634, 86.83316499165875, 191.03296298164926)
(187.62324329911797, 49.96000925342881, 86.47450435910764, 190.24390959003682)
(188.88098704086178, 52.135306593663614, 86.97143752991691, 191.3371625658172)
(189.19194623999994, 51.597803519999985, 85.99633919999997, 189.19194623999994)
(189.94344737354675, 52.53573965027758, 85.85487868095322, 188.8807330980971)
(189.19194623999994, 51.597803519999985, 85.99633919999997, 189.19194623999994)
(193.52811704882106, 53.237034450773635, 85.60280617610772, 188.326173587437)
(197.79158015999994, 51.597803519999985, 85.99633919999997, 189.19194623999994)
(197.93644828317264, 49.05174822374359, 87.38232316849832, 192.24111097069633)
(196.07165337599994, 0.0, 103.19560703999997, 227.03033548799993)
(195.0313473289179, 3.31046152307961, 100.51755214197661, 221.13861471234853)
(196.07165337599994, 20.639121407999994, 103.19560703999997, 227.03033548799993)
(194.68300459063468, 18.935937341915192, 104.0989116908086, 229.0176057197789)
(218.88, 17.28, 28.799999999999997, 63.36)
(218.97215999999995, 9.953279999999998, 49.76639999999999, 109.48607999999997)
(219.35794001985735, 12.936076739792249, 49.28463488216018, 108.42619674075239)
(223.94879999999995, 19.906559999999995, 49.76639999999999, 109.48607999999997)
(222.7587980930973, 22.086450473393306, 49.464488530602125, 108.82187476732467)
(222.67616315310596, 29.087722453068615, 48.703153185975424, 107.14693700914593)
(222.66538764663417, 31.368484112268163, 49.26164572723933, 108.37562059992652)
(233.28, 40.32, 28.799999999999997, 63.36)
(191.10297599999996, 47.77574399999999, 59.71967999999998, 131.38329599999997)
(185.13100799999995, 23.887871999999994, 59.71967999999998, 131.38329599999997)
(236.16, 46.08, 28.799999999999997, 63.36)
(236.16, 46.08, 28.799999999999997, 63.36)
(230.0, 52.0, 20.0, 44.0)
(230.39999999999998, 23.04, 28.799999999999997, 63.36)
(227.51999999999998, 23.04, 28.799999999999997, 63.36)
(244.0, 172.0, 20.0, 44.0)
(244.30970518202466, 173.1918891201808, 19.65836063204444, 43.248393390497775)
(245.58127078742453, 175.6699608934668, 19.281428151713424, 42.41914193376954)
(244.0, 176.0, 20.0, 44.0)
(244.0, 176.0, 20.0, 44.0)
(243.95237323727804, 176.15764330218747, 20.759453354545485, 45.67079738000007)
(244.0, 176.0, 20.0, 44.0)
(245.20605106098745, 178.08345759784427, 18.950355153415725, 41.69078133751459)
(248.0, 184.0, 20.0, 44.0)
(248.0, 184.0, 20.0, 44.0)
(250.20806974196296, 184.79239088349036, 20.49468815279286, 45.08831393614429)
(250.0, 184.0, 20.0, 44.0)
(250.13498838021258, 184.49387232465125, 20.032238815746748, 44.07092539464284)
(249.64061772483248, 184.83166581836196, 20.024947411663153, 44.05488430565893)
(248.0, 188.0, 20.0, 44.0)
(248.0, 188.0, 20.0, 44.0)
(247.0034729075257, 188.46939119001357, 19.881237778698612, 43.73872311313695)
(245.93702901567423, 188.90440664454192, 19.881984449120274, 43.74036578806461)
(242.0, 188.0, 20.0, 44.0)
(241.03876571533235, 189.2426164218757, 19.4527420068353, 42.79603241503766)
(96.0, 4.0, 20.0, 44.0)
(95.98983940184873, 4.445341538803522, 20.29801589845099, 44.655634976592175)
(412.0, 48.0, 20.0, 44.0)
(415.1767581616332, 48.09717102566142, 20.30358816892108, 44.667893971626384)
(418.5487012534484, 48.08473904054547, 20.560709065368815, 45.2335599438114)
(422.1812002039962, 48.003561408264304, 20.668086652554464, 45.46979063561982)
