(244, 49, 79, 176)
(245.3507080078125, 50.23021697998047, 77.45098114013672, 172.5490264892578)
(245.09104919433594, 53.58949279785156, 72.98379516601562, 162.5968017578125)
(243.73391723632812, 53.260162353515625, 71.552734375, 159.40863037109375)
(240.4589080810547, 50.90557861328125, 72.98379516601562, 162.5968017578125)
(237.37522888183594, 49.720794677734375, 72.98379516601562, 162.5968017578125)
(231.04954528808594, 47.968658447265625, 72.98379516601562, 162.5968017578125)
(225.15460205078125, 45.63727569580078, 74.44346618652344, 165.84873962402344)
(222.95677185058594, 54.526023864746094, 70.14974212646484, 156.28297424316406)
(223.6261444091797, 54.61396789550781, 68.77426147460938, 153.21859741210938)
(215.08351135253906, 48.85051727294922, 72.9837875366211, 162.59678649902344)
(212.808349609375, 49.05169677734375, 74.44346618652344, 165.84872436523438)
(208.76019287109375, 47.86701202392578, 77.45097351074219, 172.5489959716797)
(206.33644104003906, 46.592124938964844, 78.99999237060547, 175.99998474121094)
(201.0210418701172, 47.42481231689453, 78.99999237060547, 175.99998474121094)
(200.78793334960938, 51.462059020996094, 75.93232727050781, 169.1656951904297)
(199.41697692871094, 49.823760986328125, 74.4434585571289, 165.84872436523438)
(198.29595947265625, 47.93151092529297, 75.93232727050781, 169.1656951904297)
(195.806640625, 42.34307861328125, 78.99998474121094, 175.99996948242188)
(194.7938690185547, 41.00163269042969, 80.5799789428711, 179.51995849609375)
(192.747802734375, 38.63262176513672, 82.19157409667969, 183.11033630371094)
(190.12240600585938, 35.51268005371094, 82.19157409667969, 183.11033630371094)
(188.9727783203125, 23.600982666015625, 83.83540344238281, 186.77255249023438)
(189.85546875, 25.046356201171875, 82.19157409667969, 183.11033630371094)
(191.64971923828125, 22.825927734375, 82.19157409667969, 183.11033630371094)
(192.31582641601562, 24.563064575195312, 83.83540344238281, 186.77255249023438)
(191.2244873046875, 28.332595825195312, 83.83540344238281, 186.77255249023438)
(183.74954223632812, 37.13391876220703, 82.19157409667969, 183.11033630371094)
(184.77093505859375, 34.099647521972656, 83.83540344238281, 186.77255249023438)
(188.09967041015625, 40.64881134033203, 82.19157409667969, 183.11033630371094)
(181.51339721679688, 58.193603515625, 83.83540344238281, 186.77255249023438)
(184.22616577148438, 59.498046875, 83.83540344238281, 186.77255249023438)
(184.82110595703125, 63.11122131347656, 80.5799789428711, 179.51995849609375)
(183.5028076171875, 63.568817138671875, 80.5799789428711, 179.51995849609375)
(179.27801513671875, 63.52832794189453, 82.19157409667969, 183.11033630371094)
(176.52493286132812, 62.71110534667969, 83.83540344238281, 186.77255249023438)
(173.97882080078125, 63.737579345703125, 83.83540344238281, 186.77255249023438)
(177.9632568359375, 64.78248596191406, 83.83540344238281, 186.77255249023438)
(186.6702880859375, 55.87828063964844, 83.83540344238281, 186.77255249023438)
(189.53140258789062, 57.572959899902344, 82.19157409667969, 183.11033630371094)
(191.26266479492188, 56.82411193847656, 80.57997131347656, 179.51992797851562)
(199.00906372070312, 49.78733825683594, 80.57997131347656, 179.51992797851562)
(199.563232421875, 49.08546447753906, 82.19156646728516, 183.11032104492188)
(201.52784729003906, 49.05998992919922, 80.57996368408203, 179.51991271972656)
(205.2911376953125, 50.649383544921875, 78.99996185302734, 175.99990844726562)
(205.55728149414062, 45.300010681152344, 80.57996368408203, 179.51991271972656)
(208.00906372070312, 41.31621551513672, 82.19155883789062, 183.1103057861328)
(208.9398193359375, 38.86365509033203, 82.19155883789062, 183.1103057861328)
(211.1566162109375, 37.43213653564453, 82.19155883789062, 183.1103057861328)
(213.23524475097656, 36.81688690185547, 82.19155883789062, 183.1103057861328)
(219.67791748046875, 35.18367004394531, 80.57996368408203, 179.51991271972656)
(223.66531372070312, 36.34735870361328, 80.57996368408203, 179.51991271972656)
(225.7148895263672, 37.1318359375, 78.99996185302734, 175.99990844726562)
(227.37741088867188, 38.074790954589844, 77.45094299316406, 172.54893493652344)
(230.73504638671875, 39.61006164550781, 75.93229675292969, 169.16561889648438)
(233.41122436523438, 41.874549865722656, 74.44342803955078, 165.84864807128906)
(234.5475311279297, 41.858184814453125, 75.93228912353516, 169.1656036376953)
(234.9105224609375, 42.507530212402344, 74.44342041015625, 165.8486328125)
(233.84390258789062, 47.131439208984375, 74.44342041015625, 165.8486328125)
(235.69593811035156, 48.89659881591797, 72.9837417602539, 162.59669494628906)
(235.81541442871094, 50.84838104248047, 72.9837417602539, 162.59669494628906)
(235.9752960205078, 52.470680236816406, 72.9837417602539, 162.59669494628906)
(234.7584686279297, 56.64063262939453, 72.9837417602539, 162.59669494628906)
(234.7158660888672, 57.85462188720703, 72.9837417602539, 162.59669494628906)
(235.8370819091797, 58.56806182861328, 72.9837417602539, 162.59669494628906)
(237.47219848632812, 60.95575714111328, 71.55268859863281, 159.4085235595703)
(239.98126220703125, 63.47435760498047, 71.55268859863281, 159.4085235595703)
(241.78656005859375, 64.97020721435547, 71.55268859863281, 159.4085235595703)
(242.77090454101562, 66.99182891845703, 71.55268859863281, 159.4085235595703)
(243.52679443359375, 69.49703216552734, 71.55268859863281, 159.4085235595703)
(245.54457092285156, 75.41706848144531, 70.14969635009766, 156.28286743164062)
(250.0939178466797, 76.76429748535156, 70.14969635009766, 156.28286743164062)
(251.60154724121094, 80.86766052246094, 70.14969635009766, 156.28286743164062)
(253.98081970214844, 81.45964050292969, 70.14969635009766, 156.28286743164062)
(257.4576110839844, 83.94505310058594, 70.14969635009766, 156.28286743164062)
(259.29559326171875, 84.52283477783203, 68.77420806884766, 153.21849060058594)
(259.54296875, 83.9945297241211, 68.77420806884766, 153.21849060058594)
(261.3020935058594, 84.77633666992188, 67.42569732666016, 150.21420288085938)
(259.63299560546875, 81.36441040039062, 67.42569732666016, 150.21420288085938)
(259.39990234375, 78.37051391601562, 67.42569732666016, 150.21420288085938)
(258.3844909667969, 74.97137451171875, 67.42569732666016, 150.21420288085938)
(257.556640625, 70.15823364257812, 67.42569732666016, 150.21420288085938)
(252.8961639404297, 62.750732421875, 67.42569732666016, 150.21420288085938)
(249.5575714111328, 60.69810485839844, 67.42569732666016, 150.21420288085938)
(245.40016174316406, 58.49555969238281, 67.42569732666016, 150.21420288085938)
(241.91529846191406, 57.06285095214844, 67.42569732666016, 150.21420288085938)
(234.44754028320312, 56.894195556640625, 66.10362243652344, 147.26882934570312)
(232.19195556640625, 57.23638916015625, 66.10362243652344, 147.26882934570312)
(230.0347442626953, 59.580543518066406, 64.8074722290039, 144.38121032714844)
(228.1503143310547, 60.11107635498047, 64.8074722290039, 144.38121032714844)
(225.3234405517578, 60.938194274902344, 64.8074722290039, 144.38121032714844)
(225.26612854003906, 61.577171325683594, 64.8074722290039, 144.38121032714844)
(225.0953826904297, 62.88109588623047, 64.8074722290039, 144.38121032714844)
(224.9863739013672, 63.310829162597656, 64.8074722290039, 144.38121032714844)
(225.5622100830078, 64.80146026611328, 64.8074722290039, 144.38121032714844)
(227.3236083984375, 66.86639404296875, 63.536739349365234, 141.55020141601562)
(227.28656005859375, 66.69918823242188, 63.536739349365234, 141.55020141601562)
(226.7799835205078, 64.71392822265625, 64.8074722290039, 144.38119506835938)
(226.3030242919922, 63.90869140625, 64.8074722290039, 144.38119506835938)
(226.6298065185547, 62.454010009765625, 64.8074722290039, 144.38119506835938)
(225.59483337402344, 61.74491882324219, 64.8074722290039, 144.38119506835938)
(226.13560485839844, 61.371490478515625, 64.8074722290039, 144.38119506835938)
(222.93035888671875, 59.36474609375, 66.10362243652344, 147.26882934570312)
(221.44659423828125, 59.269256591796875, 66.10362243652344, 147.26882934570312)
(219.78509521484375, 60.612213134765625, 64.8074722290039, 144.38119506835938)
(217.89561462402344, 59.74359130859375, 64.8074722290039, 144.38119506835938)
(213.63818359375, 57.100830078125, 66.10362243652344, 147.26882934570312)
(212.31411743164062, 56.45619201660156, 66.10362243652344, 147.26882934570312)
(211.16970825195312, 56.35523986816406, 66.10362243652344, 147.26882934570312)
(210.48614501953125, 57.18498229980469, 66.10362243652344, 147.26882934570312)
(210.77914428710938, 60.73234558105469, 66.10362243652344, 147.26882934570312)
(213.70925903320312, 63.33427429199219, 66.10362243652344, 147.26882934570312)
(216.44989013671875, 67.99371337890625, 66.10362243652344, 147.26882934570312)
(219.07974243164062, 69.15162658691406, 66.10362243652344, 147.26882934570312)
(224.40823364257812, 71.98654174804688, 66.10362243652344, 147.26882934570312)
(227.99041748046875, 72.06906127929688, 66.10362243652344, 147.26882934570312)
(229.67630004882812, 72.5904541015625, 66.10362243652344, 147.26882934570312)
(232.98995971679688, 70.98869323730469, 66.10362243652344, 147.26882934570312)
(235.61465454101562, 70.40428161621094, 66.10362243652344, 147.26882934570312)
(236.73709106445312, 70.36126708984375, 66.10362243652344, 147.26882934570312)
(236.16082763671875, 70.13291931152344, 66.10362243652344, 147.26882934570312)
(233.79299926757812, 68.86172485351562, 66.10362243652344, 147.26882934570312)
(234.46322631835938, 70.0904541015625, 66.10362243652344, 147.26882934570312)
(233.79629516601562, 69.96238708496094, 66.10362243652344, 147.26882934570312)
(232.98748779296875, 68.87287902832031, 66.10362243652344, 147.26882934570312)
(230.8164825439453, 66.59812927246094, 67.42568969726562, 150.21420288085938)
(229.56126403808594, 65.20643615722656, 67.42568969726562, 150.21420288085938)
(227.4097442626953, 59.94123840332031, 68.77420043945312, 153.21847534179688)
(228.28688049316406, 62.40331268310547, 67.42568969726562, 150.2141876220703)
(227.77906799316406, 63.61096954345703, 67.42568969726562, 150.2141876220703)
(224.8593292236328, 65.19892120361328, 67.42568969726562, 150.2141876220703)
(224.0495147705078, 64.2149429321289, 67.42568969726562, 150.2141876220703)
(223.3201446533203, 63.423011779785156, 67.42568969726562, 150.2141876220703)
(221.86251831054688, 62.89012908935547, 67.42568969726562, 150.2141876220703)
(220.58489990234375, 62.17467498779297, 67.42568969726562, 150.2141876220703)
(219.7517547607422, 61.673851013183594, 67.42568969726562, 150.2141876220703)
(219.33831787109375, 62.04625701904297, 67.42568969726562, 150.2141876220703)
(218.45094299316406, 61.54796600341797, 67.42568969726562, 150.2141876220703)
(218.61549377441406, 64.55236053466797, 66.1036148071289, 147.26881408691406)
(218.45138549804688, 64.52877044677734, 66.1036148071289, 147.26881408691406)
(218.06809997558594, 64.5044937133789, 66.1036148071289, 147.26881408691406)
(218.11549377441406, 66.2281494140625, 64.80746459960938, 144.38119506835938)
(216.71681213378906, 65.59294891357422, 66.1036148071289, 147.26881408691406)
(215.5679473876953, 64.6089859008789, 67.42568969726562, 150.2141876220703)
(214.170654296875, 65.9448013305664, 67.42568969726562, 150.2141876220703)
(214.49961853027344, 67.6741714477539, 66.1036148071289, 147.26881408691406)
(212.7254638671875, 68.93643951416016, 66.1036148071289, 147.26881408691406)
(212.00711059570312, 70.8350601196289, 66.1036148071289, 147.26881408691406)
(211.71343994140625, 71.0999984741211, 66.1036148071289, 147.26881408691406)
(212.08250427246094, 72.02587127685547, 66.1036148071289, 147.26881408691406)
(212.83387756347656, 72.24696350097656, 64.80746459960938, 144.38119506835938)
(213.1390380859375, 71.47634887695312, 64.80746459960938, 144.38119506835938)
(213.85963439941406, 71.81803894042969, 64.80746459960938, 144.38119506835938)
(214.73446655273438, 73.15584564208984, 63.53672790527344, 141.55018615722656)
(213.55242919921875, 75.08679962158203, 63.53672790527344, 141.55018615722656)
(211.94778442382812, 75.76094818115234, 63.53672790527344, 141.55018615722656)
(210.62789916992188, 76.3387680053711, 63.53672790527344, 141.55018615722656)
(208.22161865234375, 75.90013885498047, 63.53672790527344, 141.55018615722656)
(201.775634765625, 77.1747055053711, 63.53672790527344, 141.55018615722656)
(195.55447387695312, 78.32195281982422, 63.53672790527344, 141.55018615722656)
(191.4398193359375, 78.49764251708984, 63.53672790527344, 141.55018615722656)
(188.31234741210938, 78.71770477294922, 63.53672790527344, 141.55018615722656)
(182.20278930664062, 79.85137176513672, 63.53672790527344, 141.55018615722656)
(182.82186889648438, 78.75420379638672, 63.53672790527344, 141.55018615722656)
(184.0213623046875, 77.34705352783203, 63.53672790527344, 141.55018615722656)
(186.23085021972656, 76.89778137207031, 62.29091262817383, 138.77468872070312)
(187.6123809814453, 73.27743530273438, 62.29091262817383, 138.77468872070312)
(188.05841064453125, 71.26422119140625, 62.29091262817383, 138.77468872070312)
(186.7667694091797, 69.98980712890625, 61.069522857666016, 136.05361938476562)
(185.19342041015625, 64.70417785644531, 61.069522857666016, 136.05361938476562)
(182.4779815673828, 56.46575927734375, 61.069522857666016, 136.05361938476562)
(180.095458984375, 55.08970642089844, 61.069522857666016, 136.05361938476562)
(177.38821411132812, 55.03721618652344, 61.069522857666016, 136.05361938476562)
(174.9769744873047, 55.674949645996094, 61.069522857666016, 136.05361938476562)
(173.47744750976562, 57.90026092529297, 61.069522857666016, 136.05361938476562)
(173.8023681640625, 61.1602783203125, 61.069522857666016, 136.05361938476562)
(171.5727081298828, 65.35520935058594, 61.069522857666016, 136.05361938476562)
(171.05421447753906, 72.05130004882812, 61.069522857666016, 136.05361938476562)
(171.6339111328125, 77.28097534179688, 61.069522857666016, 136.05361938476562)
(174.77139282226562, 84.6533432006836, 59.87208557128906, 133.3859100341797)
(177.59619140625, 86.54180145263672, 59.87208557128906, 133.3859100341797)
(178.54754638671875, 86.10778045654297, 59.87208557128906, 133.3859100341797)
(180.3284912109375, 85.80583953857422, 59.87208557128906, 133.3859100341797)
(185.08966064453125, 86.44831085205078, 59.87208557128906, 133.3859100341797)
(187.76708984375, 85.9966049194336, 59.87208557128906, 133.3859100341797)
(192.79794311523438, 87.44982147216797, 59.87208557128906, 133.3859100341797)
(197.22055053710938, 86.81322479248047, 59.87208557128906, 133.3859100341797)
(206.19439697265625, 87.16901397705078, 59.87208557128906, 133.3859100341797)
(210.98699951171875, 86.12936401367188, 61.069522857666016, 136.05361938476562)
(214.93946838378906, 83.44816589355469, 62.29091262817383, 138.77468872070312)
(217.1368408203125, 81.14517974853516, 63.53672790527344, 141.55018615722656)
(221.91754150390625, 77.33283233642578, 63.53672790527344, 141.55018615722656)
(222.49606323242188, 73.79105377197266, 63.53672790527344, 141.55018615722656)
(221.9550323486328, 70.56378936767578, 64.80746459960938, 144.3811798095703)
(222.68516540527344, 68.97020721435547, 64.80746459960938, 144.3811798095703)
(224.5408172607422, 67.22840118408203, 64.80746459960938, 144.3811798095703)
(226.52955627441406, 67.84383392333984, 64.80746459960938, 144.3811798095703)
(227.68296813964844, 68.72367095947266, 64.80746459960938, 144.3811798095703)
(228.2299346923828, 70.52143096923828, 64.80746459960938, 144.3811798095703)
(231.52284240722656, 73.18987274169922, 64.80746459960938, 144.3811798095703)
(233.0192413330078, 73.78768157958984, 64.80746459960938, 144.3811798095703)
(233.6697235107422, 75.09290313720703, 64.80746459960938, 144.3811798095703)
(234.6549530029297, 75.05352020263672, 64.80746459960938, 144.3811798095703)
(235.96742248535156, 75.25670623779297, 64.80746459960938, 144.3811798095703)
(236.8230438232422, 75.0190200805664, 64.80746459960938, 144.3811798095703)
(236.98609924316406, 74.7663803100586, 64.80746459960938, 144.3811798095703)
(236.98512268066406, 74.58141326904297, 64.80746459960938, 144.3811798095703)
(235.59376525878906, 72.02493286132812, 66.10360717773438, 147.268798828125)
(234.8054962158203, 71.43534851074219, 66.10360717773438, 147.268798828125)
(233.8779754638672, 70.66319274902344, 66.10360717773438, 147.268798828125)
(233.1311798095703, 71.73587799072266, 64.80746459960938, 144.3811798095703)
(229.14744567871094, 72.8524398803711, 64.80746459960938, 144.3811798095703)
(227.79747009277344, 73.87017822265625, 63.53672409057617, 141.5501708984375)
(226.8644561767578, 75.33311462402344, 63.53672409057617, 141.5501708984375)
(226.16844177246094, 76.32530212402344, 63.53672409057617, 141.5501708984375)
(227.0750274658203, 78.8662109375, 63.53672409057617, 141.5501708984375)
(227.98863220214844, 80.52937316894531, 63.53672409057617, 141.5501708984375)
(229.7285614013672, 81.64825439453125, 63.53672409057617, 141.5501708984375)
(232.0586395263672, 82.71513366699219, 63.53672409057617, 141.5501708984375)
(239.5196533203125, 83.90172576904297, 62.29090881347656, 138.77467346191406)
(241.54592895507812, 84.9131088256836, 62.29090881347656, 138.77467346191406)
(243.38031005859375, 83.75501251220703, 62.29090881347656, 138.77467346191406)
(248.25433349609375, 83.4117431640625, 61.06951904296875, 136.05361938476562)
(251.69940185546875, 85.73779296875, 61.06951904296875, 136.05361938476562)
(250.45294189453125, 85.62669372558594, 61.06951904296875, 136.05361938476562)
(250.905029296875, 85.7882080078125, 61.06951904296875, 136.05361938476562)
(249.60076904296875, 85.00921630859375, 61.06951904296875, 136.05361938476562)
(248.01150512695312, 82.38716888427734, 62.29090881347656, 138.77467346191406)
(248.50857543945312, 83.61652374267578, 62.29090881347656, 138.77467346191406)
(246.32833862304688, 82.07982635498047, 62.29090881347656, 138.77467346191406)
(246.44381713867188, 84.86056518554688, 61.06951904296875, 136.05361938476562)
(242.59304809570312, 87.18890380859375, 61.06951904296875, 136.05361938476562)
(241.49310302734375, 87.51370239257812, 59.8720817565918, 133.38589477539062)
(241.26220703125, 87.42265319824219, 59.8720817565918, 133.38589477539062)
(242.17022705078125, 89.0987777709961, 58.6981201171875, 130.77049255371094)
(240.78128051757812, 90.70883178710938, 57.54717254638672, 128.20635986328125)
(240.36465454101562, 91.50144958496094, 57.54717254638672, 128.20635986328125)
(238.56488037109375, 91.76669311523438, 57.54717254638672, 128.20635986328125)
(237.4762420654297, 93.34461975097656, 56.41879653930664, 125.69251251220703)
(235.69285583496094, 94.19033813476562, 56.41879653930664, 125.69251251220703)
(236.32029724121094, 94.94580078125, 56.41879653930664, 125.69251251220703)
(237.55026245117188, 97.32266998291016, 55.31254959106445, 123.22795104980469)
(240.5004119873047, 99.51624298095703, 54.22798538208008, 120.81172180175781)
(240.10447692871094, 99.69869232177734, 54.22798538208008, 120.81172180175781)
(249.0705108642578, 95.2575454711914, 54.22798538208008, 120.81172180175781)
(246.8022003173828, 93.66788482666016, 54.22798538208008, 120.81172180175781)
(242.20225524902344, 91.0398178100586, 54.22798538208008, 120.81172180175781)
(243.2754669189453, 87.36241912841797, 54.22798538208008, 120.81172180175781)
(243.7132110595703, 86.56157684326172, 54.22798538208008, 120.81172180175781)
(245.0782012939453, 86.40714263916016, 54.22798538208008, 120.81172180175781)
(244.9340362548828, 85.90482330322266, 54.22798538208008, 120.81172180175781)
(244.8190155029297, 83.46831512451172, 54.22798538208008, 120.81172180175781)
(245.43373107910156, 82.77033233642578, 54.22798538208008, 120.81172180175781)
(246.88938903808594, 83.14502716064453, 54.22798538208008, 120.81172180175781)
(245.99900817871094, 84.29959869384766, 54.22798538208008, 120.81172180175781)
(239.3823699951172, 81.6834487915039, 54.22798538208008, 120.81172180175781)
(232.18995666503906, 79.4032211303711, 54.22798538208008, 120.81172180175781)
(234.70863342285156, 79.47663116455078, 54.22798538208008, 120.81172180175781)
(235.7831573486328, 78.9143295288086, 54.22798538208008, 120.81172180175781)
(241.32542419433594, 78.62480926513672, 54.22798538208008, 120.81172180175781)
(246.0844268798828, 78.14044952392578, 54.22798538208008, 120.81172180175781)
(251.4889373779297, 77.46817779541016, 54.22798538208008, 120.81172180175781)
(258.0832214355469, 76.72611236572266, 54.22798538208008, 120.81172180175781)
(263.1269226074219, 74.28209686279297, 54.22798538208008, 120.81172180175781)
(265.69757080078125, 74.37206268310547, 54.22798538208008, 120.81172180175781)
(267.19732666015625, 73.8390121459961, 54.22798538208008, 120.81172180175781)
(267.7520446777344, 72.6404800415039, 54.22798538208008, 120.81172180175781)
(272.39111328125, 68.31201934814453, 54.22798538208008, 120.81172180175781)
(272.6865234375, 67.11461639404297, 54.22798538208008, 120.81172180175781)
(274.92315673828125, 64.87493896484375, 54.22798538208008, 120.81172180175781)
(276.193603515625, 60.63286590576172, 55.31254959106445, 123.22795104980469)
(280.814208984375, 56.99584197998047, 54.22798538208008, 120.81172180175781)
(280.736572265625, 54.981361389160156, 54.22798538208008, 120.81172180175781)
(281.34814453125, 53.379127502441406, 54.22798538208008, 120.81172180175781)
(280.3746643066406, 51.407188415527344, 55.31254959106445, 123.22795104980469)
(278.2917785644531, 50.649200439453125, 55.31254959106445, 123.22795104980469)
(274.5605163574219, 49.285491943359375, 55.31254959106445, 123.22795104980469)
(275.01220703125, 49.9249267578125, 55.31254959106445, 123.22795104980469)
(276.4226989746094, 49.569244384765625, 55.31254959106445, 123.22795104980469)
(277.3121032714844, 49.408851623535156, 55.31254959106445, 123.22795104980469)
(277.80328369140625, 49.50541687011719, 55.31254959106445, 123.22795104980469)
(277.83538818359375, 50.336212158203125, 55.31254959106445, 123.22795104980469)
(278.857421875, 51.70289611816406, 55.31254959106445, 123.22795104980469)
(282.9755859375, 53.15679931640625, 55.31254959106445, 123.22795104980469)
(285.3934020996094, 54.00701904296875, 55.31254959106445, 123.22795104980469)
(285.42999267578125, 55.44908905029297, 55.31254959106445, 123.22795104980469)
(285.0458679199219, 56.441009521484375, 55.31254959106445, 123.22795104980469)
(285.97222900390625, 59.140533447265625, 55.31254959106445, 123.22795104980469)
(285.5462341308594, 59.91163635253906, 55.31254959106445, 123.22795104980469)
(284.9358825683594, 59.70115661621094, 55.31254959106445, 123.22795104980469)
(285.12445068359375, 58.671356201171875, 55.31254959106445, 123.22795104980469)
(285.1871643066406, 56.387672424316406, 55.31254959106445, 123.22795104980469)
(285.4879455566406, 54.679443359375, 55.31254959106445, 123.22795104980469)
(284.6036682128906, 53.91584777832031, 55.31254959106445, 123.22795104980469)
(284.4332580566406, 52.904083251953125, 55.31254959106445, 123.22795104980469)
(284.5447998046875, 51.179168701171875, 55.31254959106445, 123.22795104980469)
(283.8382263183594, 49.70320510864258, 56.41879653930664, 125.69251251220703)
(282.82275390625, 49.02082443237305, 56.41879653930664, 125.69251251220703)
(282.1382141113281, 48.99429702758789, 56.41879653930664, 125.69251251220703)
(281.31890869140625, 49.31063461303711, 56.41879653930664, 125.69251251220703)
(280.6686096191406, 49.198856353759766, 56.41879653930664, 125.69251251220703)
(280.2151184082031, 49.3162956237793, 56.41879653930664, 125.69251251220703)
(278.91754150390625, 49.671207427978516, 56.41879653930664, 125.69251251220703)
(277.3670959472656, 51.44999313354492, 56.41879653930664, 125.69251251220703)
(276.85394287109375, 51.910335540771484, 56.41879653930664, 125.69251251220703)
(276.109619140625, 53.29513168334961, 56.41879653930664, 125.69251251220703)
(275.89276123046875, 53.75510787963867, 56.41879653930664, 125.69251251220703)
(275.8979187011719, 57.06589126586914, 56.41879653930664, 125.69251251220703)
(275.4268798828125, 58.484920501708984, 56.41879653930664, 125.69251251220703)
(275.1131286621094, 59.4546012878418, 56.41879653930664, 125.69251251220703)
(274.17333984375, 60.7679557800293, 56.41879653930664, 125.69251251220703)
(271.2584228515625, 64.19502258300781, 56.41879653930664, 125.69251251220703)
(269.15020751953125, 64.95829772949219, 56.41879653930664, 125.69251251220703)
(265.1189270019531, 67.1331787109375, 56.41879653930664, 125.69251251220703)
(262.62677001953125, 68.59176635742188, 56.41879653930664, 125.69251251220703)
(256.06103515625, 71.35488891601562, 56.41879653930664, 125.69251251220703)
(252.08412170410156, 72.49224853515625, 56.41879653930664, 125.69251251220703)
(248.8372344970703, 74.49795532226562, 56.41879653930664, 125.69251251220703)
(245.87022399902344, 75.84063720703125, 56.41879653930664, 125.69251251220703)
(240.7158966064453, 77.62504577636719, 56.41879653930664, 125.69251251220703)
(239.90013122558594, 78.11557006835938, 56.41879653930664, 125.69251251220703)
(236.77011108398438, 77.77586364746094, 57.54717254638672, 128.20635986328125)
(235.31155395507812, 76.7803955078125, 58.69811248779297, 130.77047729492188)
(233.14767456054688, 75.60386657714844, 58.69811248779297, 130.77047729492188)
(232.9154052734375, 76.67292022705078, 57.54716873168945, 128.2063446044922)
(232.42086791992188, 74.71044921875, 58.6981086730957, 130.77047729492188)
(232.09274291992188, 73.23136901855469, 58.6981086730957, 130.77047729492188)
(231.9368896484375, 72.373291015625, 58.6981086730957, 130.77047729492188)
(231.75344848632812, 71.86506652832031, 58.6981086730957, 130.77047729492188)
(232.33004760742188, 71.42023468017578, 57.54716491699219, 128.2063446044922)
(232.79559326171875, 71.2905044555664, 57.54716491699219, 128.2063446044922)
(233.03616333007812, 70.2079086303711, 57.54716491699219, 128.2063446044922)
(233.90908813476562, 69.3020248413086, 57.54716491699219, 128.2063446044922)
(234.67803955078125, 68.19135284423828, 57.54716491699219, 128.2063446044922)
(241.8181610107422, 64.5448989868164, 56.41878890991211, 125.69248962402344)
(243.6676788330078, 64.38135528564453, 56.41878890991211, 125.69248962402344)
(244.96018981933594, 64.12604522705078, 56.41878890991211, 125.69248962402344)
(243.8397674560547, 64.31031799316406, 56.41878890991211, 125.69248962402344)
(242.66477966308594, 63.102699279785156, 56.41878890991211, 125.69248962402344)
(240.45091247558594, 62.715293884277344, 56.41878890991211, 125.69248962402344)
(237.32276916503906, 61.767417907714844, 56.41878890991211, 125.69248962402344)
(234.7242889404297, 60.96398162841797, 56.41878890991211, 125.69248962402344)
(232.1031036376953, 60.464881896972656, 56.41878890991211, 125.69248962402344)
(225.33059692382812, 59.57886505126953, 56.41878890991211, 125.69248962402344)
(221.00442504882812, 60.17399597167969, 56.41878890991211, 125.69248962402344)
(216.97743225097656, 60.490440368652344, 56.41878890991211, 125.69248962402344)
(215.03460693359375, 61.014488220214844, 56.41878890991211, 125.69248962402344)
(208.76536560058594, 64.72084045410156, 56.41878890991211, 125.69248962402344)
(207.2677001953125, 63.99340057373047, 57.54716491699219, 128.2063446044922)
(203.26284790039062, 65.7068099975586, 57.54716491699219, 128.2063446044922)
(201.57864379882812, 66.66320037841797, 57.54716491699219, 128.2063446044922)
(195.79678344726562, 66.73162078857422, 58.69810485839844, 130.7704620361328)
(194.7437286376953, 67.69364929199219, 57.547157287597656, 128.20632934570312)
(193.84507751464844, 68.83256530761719, 57.547157287597656, 128.20632934570312)
(191.72239685058594, 68.278564453125, 58.69810104370117, 130.77044677734375)
(187.57431030273438, 70.42687225341797, 57.54715347290039, 128.20631408691406)
(187.92457580566406, 70.8912582397461, 57.54715347290039, 128.20631408691406)
(187.9039764404297, 71.7133560180664, 57.54715347290039, 128.20631408691406)
(187.203125, 72.24889373779297, 57.54715347290039, 128.20631408691406)
(185.33399963378906, 72.4806137084961, 57.54715347290039, 128.20631408691406)
(183.45460510253906, 72.6631088256836, 57.54715347290039, 128.20631408691406)
(182.69876098632812, 72.71956634521484, 57.54715347290039, 128.20631408691406)
(181.84487915039062, 72.55233001708984, 57.54715347290039, 128.20631408691406)
(180.45773315429688, 72.6764144897461, 57.54715347290039, 128.20631408691406)
(180.06097412109375, 71.72662353515625, 58.69809341430664, 130.77044677734375)
(181.57568359375, 71.10047912597656, 58.69809341430664, 130.77044677734375)
(185.79312133789062, 71.71356964111328, 57.547149658203125, 128.20631408691406)
(192.9061279296875, 73.26030731201172, 57.547149658203125, 128.20631408691406)
(196.8901824951172, 72.59778594970703, 57.547149658203125, 128.20631408691406)
(201.6415252685547, 72.95914459228516, 57.547149658203125, 128.20631408691406)
(206.99533081054688, 72.44449615478516, 57.547149658203125, 128.20631408691406)
(220.77713012695312, 74.84606170654297, 56.41877365112305, 125.69245910644531)
(227.29556274414062, 75.40644073486328, 56.41877365112305, 125.69245910644531)
(233.65301513671875, 76.3880386352539, 56.41877365112305, 125.69245910644531)
(241.35531616210938, 78.3193130493164, 56.41877365112305, 125.69245910644531)
(254.16644287109375, 81.93131256103516, 56.41877365112305, 125.69245910644531)
(258.4477844238281, 84.2680435180664, 56.41877365112305, 125.69245910644531)
(261.65350341796875, 86.9583740234375, 55.312522888183594, 123.2279052734375)
(262.79827880859375, 89.36876678466797, 56.41877365112305, 125.69245910644531)
(262.73260498046875, 91.04533386230469, 55.312522888183594, 123.2279052734375)
(260.5634765625, 97.0184326171875, 54.227962493896484, 120.8116683959961)
(258.7048034667969, 98.95256042480469, 53.1646728515625, 118.44281005859375)
(255.99649047851562, 101.20393371582031, 53.1646728515625, 118.44281005859375)
(252.82814025878906, 106.88045501708984, 52.12222671508789, 116.12040710449219)
(246.47996520996094, 113.12525177001953, 52.12222671508789, 116.12040710449219)
(244.3773651123047, 115.37926483154297, 52.12222671508789, 116.12040710449219)
(239.5454864501953, 117.6833724975586, 52.12222671508789, 116.12040710449219)
(238.16543579101562, 121.57159423828125, 51.1002197265625, 113.8435287475586)
(236.02191162109375, 125.19267272949219, 51.1002197265625, 113.8435287475586)
(232.649169921875, 126.08064270019531, 51.1002197265625, 113.8435287475586)
(226.97775268554688, 126.80418395996094, 51.1002197265625, 113.8435287475586)
(226.2905731201172, 125.62642669677734, 52.12222671508789, 116.12040710449219)
(218.80123901367188, 113.20687103271484, 52.12222671508789, 116.12040710449219)
(216.415771484375, 102.5438003540039, 52.12222671508789, 116.12040710449219)
(213.42654418945312, 95.38921356201172, 52.12222671508789, 116.12040710449219)
(212.02581787109375, 90.00851440429688, 51.1002197265625, 113.8435287475586)
(204.13973999023438, 83.98812866210938, 51.1002197265625, 113.8435287475586)
(204.032958984375, 79.82814025878906, 51.1002197265625, 113.8435287475586)
(203.7836456298828, 79.02040100097656, 50.09825897216797, 111.6113052368164)
(204.61669921875, 79.1396484375, 50.09825897216797, 111.6113052368164)
(204.0695037841797, 73.77455139160156, 50.09825897216797, 111.6113052368164)
(198.93695068359375, 70.82765197753906, 50.09825897216797, 111.6113052368164)
(198.32032775878906, 71.15873718261719, 50.09825897216797, 111.6113052368164)
(196.15863037109375, 71.0181884765625, 50.09825897216797, 111.6113052368164)
(202.36569213867188, 76.21951293945312, 50.09825897216797, 111.6113052368164)
(207.1847381591797, 77.15213012695312, 50.09825897216797, 111.6113052368164)
(206.54534912109375, 81.53169250488281, 49.115936279296875, 109.4228515625)
(202.67376708984375, 84.28074645996094, 50.09825897216797, 111.6113052368164)
(200.23788452148438, 90.08488464355469, 50.09825897216797, 111.6113052368164)
(194.8943634033203, 93.79573059082031, 50.09825897216797, 111.6113052368164)
(190.5203857421875, 94.58900451660156, 50.09825897216797, 111.6113052368164)
(188.19659423828125, 94.56950378417969, 50.09825897216797, 111.6113052368164)
(184.76165771484375, 96.56024169921875, 50.09825897216797, 111.6113052368164)
(184.53936767578125, 97.27793884277344, 51.1002197265625, 113.8435287475586)
(184.4429473876953, 99.5283203125, 51.1002197265625, 113.8435287475586)
(186.08323669433594, 101.79830932617188, 51.1002197265625, 113.8435287475586)
(188.53195190429688, 105.6959228515625, 51.1002197265625, 113.8435287475586)
(188.2705078125, 106.62281799316406, 51.1002197265625, 113.8435287475586)
(188.86209106445312, 107.34510803222656, 51.1002197265625, 113.8435287475586)
(188.1219482421875, 107.44369506835938, 51.1002197265625, 113.8435287475586)
(185.4807891845703, 107.49186706542969, 51.1002197265625, 113.8435287475586)
(182.54055786132812, 107.11775207519531, 51.1002197265625, 113.8435287475586)
(180.1754913330078, 106.33209228515625, 51.1002197265625, 113.8435287475586)
(178.2119598388672, 106.45219421386719, 51.1002197265625, 113.8435287475586)
(175.8836669921875, 107.76718139648438, 51.1002197265625, 113.8435287475586)
(175.25689697265625, 108.66920471191406, 51.1002197265625, 113.8435287475586)
(175.38157653808594, 108.62237548828125, 51.1002197265625, 113.8435287475586)
(176.2461700439453, 108.51274108886719, 51.1002197265625, 113.8435287475586)
(181.7969207763672, 107.20614624023438, 51.1002197265625, 113.8435287475586)
(186.73558044433594, 106.62083435058594, 50.09825897216797, 111.6113052368164)
(192.7361297607422, 105.57745361328125, 50.09825897216797, 111.6113052368164)
(198.6994171142578, 103.75431823730469, 50.09825897216797, 111.6113052368164)
(211.11395263671875, 97.48316955566406, 50.09825897216797, 111.6113052368164)
(217.2729034423828, 94.32904052734375, 49.115936279296875, 109.4228515625)
(222.78628540039062, 90.09771728515625, 49.115936279296875, 109.4228515625)
(225.04681396484375, 87.02143859863281, 49.115936279296875, 109.4228515625)
(231.1697235107422, 81.38310241699219, 49.115936279296875, 109.4228515625)
(232.5522003173828, 76.81806945800781, 49.115936279296875, 109.4228515625)
(232.1225128173828, 73.66764831542969, 49.115936279296875, 109.4228515625)
(232.79872131347656, 71.11796569824219, 49.115936279296875, 109.4228515625)
(229.9578094482422, 69.64720153808594, 49.115936279296875, 109.4228515625)
(228.25384521484375, 67.90042877197266, 49.115936279296875, 109.4228515625)
(228.5735321044922, 67.18663787841797, 49.115936279296875, 109.4228515625)
(228.007080078125, 65.35408020019531, 50.09825897216797, 111.6113052368164)
(228.05311584472656, 64.48048400878906, 50.09825897216797, 111.6113052368164)
(226.8078155517578, 65.1708984375, 50.09825897216797, 111.6113052368164)
(226.7244415283203, 66.05743408203125, 50.09825897216797, 111.6113052368164)
(225.69451904296875, 66.95524597167969, 50.09825897216797, 111.6113052368164)
(224.36712646484375, 68.70603942871094, 50.09825897216797, 111.6113052368164)
(224.4678192138672, 70.90100860595703, 49.115936279296875, 109.4228515625)
(224.5235595703125, 73.22908020019531, 48.15288162231445, 107.27730560302734)
(226.3983917236328, 73.66780090332031, 48.15288162231445, 107.27730560302734)
(224.77297973632812, 74.49696350097656, 48.15288162231445, 107.27730560302734)
(222.93869018554688, 70.01611328125, 48.15288162231445, 107.27730560302734)
(224.6694793701172, 69.14199829101562, 48.15288162231445, 107.27730560302734)
(225.67837524414062, 68.50801086425781, 48.15288162231445, 107.27730560302734)
(224.89349365234375, 64.52413940429688, 48.15288162231445, 107.27730560302734)
(225.2167205810547, 63.428592681884766, 48.15288162231445, 107.27730560302734)
(224.44244384765625, 62.6638298034668, 48.15288162231445, 107.27730560302734)
(223.9053497314453, 61.98782730102539, 48.15288162231445, 107.27730560302734)
(221.89639282226562, 64.28182983398438, 48.15288162231445, 107.27730560302734)
(221.11415100097656, 64.42430114746094, 48.15288162231445, 107.27730560302734)
(219.22901916503906, 66.11393737792969, 48.15288162231445, 107.27730560302734)
(217.90289306640625, 68.50392150878906, 48.15288162231445, 107.27730560302734)
(217.18115234375, 73.96257019042969, 48.15288162231445, 107.27730560302734)
(216.473388671875, 77.73323059082031, 48.15288162231445, 107.27730560302734)
(214.69667053222656, 80.11589050292969, 48.15288162231445, 107.27730560302734)
(213.99085998535156, 82.41276550292969, 48.15288162231445, 107.27730560302734)
(213.40789794921875, 84.76077270507812, 48.15288162231445, 107.27730560302734)
(213.7340087890625, 85.58094787597656, 48.15288162231445, 107.27730560302734)
(213.71334838867188, 85.38029479980469, 48.15288162231445, 107.27730560302734)
(213.17616271972656, 84.21200561523438, 48.15288162231445, 107.27730560302734)
(210.85137939453125, 83.98403930664062, 48.15288162231445, 107.27730560302734)
(210.71987915039062, 83.05790710449219, 48.15288162231445, 107.27730560302734)
(210.51878356933594, 82.40939331054688, 48.15288162231445, 107.27730560302734)
(210.27919006347656, 81.30046081542969, 48.15288162231445, 107.27730560302734)
(210.980712890625, 80.34468078613281, 48.15288162231445, 107.27730560302734)
(211.71868896484375, 79.31045532226562, 48.15288162231445, 107.27730560302734)
(212.88504028320312, 79.13522338867188, 48.15288162231445, 107.27730560302734)
(213.7770233154297, 78.95701599121094, 48.15288162231445, 107.27730560302734)
(215.08908081054688, 79.5679931640625, 48.15288162231445, 107.27730560302734)
(215.19638061523438, 79.76057434082031, 48.15288162231445, 107.27730560302734)
(216.45579528808594, 80.60078430175781, 48.15288162231445, 107.27730560302734)
(217.79635620117188, 81.69480895996094, 48.15288162231445, 107.27730560302734)
(221.0337371826172, 84.02769470214844, 48.15288162231445, 107.27730560302734)
(220.48629760742188, 84.97727966308594, 48.15288162231445, 107.27730560302734)
(221.55728149414062, 85.79391479492188, 48.15288162231445, 107.27730560302734)
(221.8272247314453, 85.66117858886719, 48.15288162231445, 107.27730560302734)
(221.6750030517578, 85.99191284179688, 48.15288162231445, 107.27730560302734)
(221.1643524169922, 86.62995910644531, 48.15288162231445, 107.27730560302734)
(220.0786590576172, 86.48281860351562, 48.15288162231445, 107.27730560302734)
(219.03089904785156, 86.91029357910156, 48.15288162231445, 107.27730560302734)
(216.8211669921875, 87.53213500976562, 49.115936279296875, 109.4228515625)
(216.09388732910156, 87.6962890625, 49.115936279296875, 109.4228515625)
(216.0088348388672, 89.35682678222656, 48.15288162231445, 107.27730560302734)
(214.42929077148438, 89.41891479492188, 49.115936279296875, 109.4228515625)
(213.8943328857422, 89.68748474121094, 49.115936279296875, 109.4228515625)
(212.80409240722656, 90.262939453125, 49.115936279296875, 109.4228515625)
(211.6014404296875, 89.56123352050781, 50.09825897216797, 111.6113052368164)
(211.9726104736328, 90.02017211914062, 49.115936279296875, 109.4228515625)
