(131, 50, 36, 89)
(131.0432574926947, 50.12558964651758, 36.037172758751225, 89.09189932024609)
(131.05506395705552, 50.271252425542855, 36.117136490185835, 89.28958743407054)
(131.09911184971008, 50.599444530169784, 36.13975847831419, 89.34551401583231)
(131.18436306039993, 51.06390133321419, 36.07228340068452, 89.17870062947006)
(131.20902452230135, 51.591966911877584, 36.053355984694186, 89.13190785104952)
(131.048458339159, 52.30230316528578, 36.007911202541365, 89.01955825072727)
(130.52386218808925, 53.34159027943798, 36.014562000774625, 89.03600050191505)
(130.0937846042343, 54.52449071089672, 35.99365942922672, 88.98432470003273)
(129.86287180939132, 55.9746921768714, 36.02239480895173, 89.0553649443529)
(129.73333943304263, 57.663304792813385, 35.9619710362585, 88.90598395075018)
(129.74713848461457, 59.83909442806894, 35.914689095223984, 88.78909248541486)
(129.94199002881834, 62.14827410763582, 35.925590254863344, 88.81604257452328)
(130.63498167833174, 65.05803624264706, 35.928797629664636, 88.82397191778203)
(132.16870485990074, 68.45110724180542, 35.936592355393806, 88.8432422119458)
(134.42063077200388, 72.80002924024376, 35.95297368548442, 88.88374050022539)
(136.78776887319708, 77.7400430712264, 35.93467038348864, 88.83849067029135)
(140.47193691589013, 82.03910248525833, 36.017689278571304, 89.04373182757905)
(145.69751556269742, 86.07231789169627, 35.9883001734333, 88.97107542876566)
(151.1236295069652, 90.58868485336042, 35.94997609349152, 88.87632978668736)
(158.2272029340751, 94.3349672793883, 36.013581192396636, 89.03357572564724)
(165.21289981238695, 97.84258295157056, 35.957852108624536, 88.89580104632178)
(172.75859433590486, 100.50990558938328, 35.88266789557309, 88.7099289640557)
(180.15532664329496, 102.67993262975611, 35.86758462844915, 88.67263977588819)
(187.97690421598867, 104.35608742108403, 35.75163590396019, 88.38598876256826)
(196.76071835479988, 105.39994408964142, 35.74348638610336, 88.36584134342222)
(204.53561076493304, 106.21797796930441, 35.74051553068078, 88.3584967286275)
(211.38726952038917, 106.97612295390317, 35.79601759984667, 88.49571017739872)
(217.71555876072367, 107.39433498209122, 35.88065005667769, 88.70494041789763)
(222.33023743926975, 107.81106852763637, 35.881303685913636, 88.70655633461983)
(225.68568920818484, 107.90797199136377, 35.88261938636468, 88.7098090385127)
(227.65415364426752, 107.63115165605916, 35.914303185097765, 88.78813842982505)
(227.80878703838158, 107.02911351263955, 35.822230000385254, 88.560513056508)
(224.7460489056423, 106.43968643024678, 35.73908810180131, 88.35496780723103)
(219.13055767010533, 106.24445671278808, 35.58886024572682, 87.98357116304689)
(212.43524738648168, 105.68654279586845, 35.609394143052256, 88.03433552032365)
(204.76532594751822, 105.34564917475095, 35.53537288523702, 87.85133852183598)
(195.41385100110367, 105.42785067644809, 35.49396853001925, 87.74897775476985)
(184.54658561725913, 105.77537944205804, 35.45541274985674, 87.65365929825698)
(173.95714496601568, 106.20709176460241, 35.481950302343655, 87.71926602523853)
(163.68101068155175, 107.04419972158203, 35.41608532634962, 87.55643316791992)
(153.0204965267738, 108.02337484304618, 35.43158690250712, 87.59475650897598)
(144.571021296753, 108.94516741504938, 35.36305384204088, 87.42532755393444)
(137.81218761717247, 109.85557045976103, 35.34628211428785, 87.38386411587835)
(128.58193420300495, 110.86580910305608, 35.31850769262289, 87.31519957342886)
(119.75266156544208, 112.23366318740855, 35.275072376928335, 87.20781782073955)
(111.27534134427852, 113.51613958576567, 35.19818816105234, 87.01774295371278)
(103.75653753224458, 114.3791286640053, 35.22487812154599, 87.08372646715542)
(97.72713131731754, 114.98205481340332, 35.11807165491571, 86.819677146875)
(92.05782319049274, 115.39604221110014, 35.155448894893425, 86.91208199015324)
(86.90202018637964, 115.33075544534354, 35.15669113358837, 86.91515308026018)
(82.11570733515805, 114.50083049630297, 35.20589459482063, 87.03679497052882)
(78.92007531764393, 112.43558459198124, 35.13807507271994, 86.86913004089102)
(78.00009887634184, 108.48956901399164, 35.155777589113214, 86.91289459530773)
(77.89784047145798, 103.57802209185908, 35.18091207466217, 86.97503262902599)
(78.56654180386631, 98.08058893228241, 35.21902820867363, 87.06926418255432)
(79.91164201233211, 92.02700488276903, 35.23891079955453, 87.11841836556543)
(82.90293607881696, 84.83293167905168, 35.30054263728796, 87.27078596440641)
(86.027669345845, 77.34567784380909, 35.39300267793892, 87.49936773157127)
(89.1928548545518, 70.115842408737, 35.44190412146283, 87.62026296694982)
(93.15255452157814, 63.30895704406181, 35.52157400127731, 87.81722461426895)
(96.41921321637132, 58.241280069979275, 35.582533039913606, 87.9679289042309)
(100.70142487076176, 54.035813288960576, 35.58964293425774, 87.98550614302611)
(107.84189933301387, 50.23024923844542, 35.68985856053475, 88.23326144132206)
(115.18492398908246, 47.34951798791556, 35.71209171910069, 88.28822674999896)
(123.39975817602672, 45.188277610076774, 35.701124517087194, 88.26111338946559)
(131.64512311242646, 43.72678763425282, 35.60246922924867, 88.01721559453146)
(140.81975963764947, 43.55784705164448, 35.64076942099011, 88.11190217967003)
(149.5755898652243, 44.57055295700633, 35.627003252949834, 88.07786915312602)
(157.16160764997386, 47.02322433744349, 35.622875398294475, 88.06766417911693)
(165.98900797468428, 49.35637400731952, 35.72590250766267, 88.3223700883883)
(173.6275263283233, 51.54682914959236, 35.74273481893931, 88.36398330237778)
(181.39741176610795, 53.645270325480496, 35.801962966807544, 88.5104084457187)
(189.6635972408228, 55.658610780900766, 35.810149878705964, 88.53064831124534)
(198.78772459563845, 56.74895769749909, 35.83604983216057, 88.59467875173034)
(206.5798750644534, 57.70035218469301, 35.929879998046346, 88.82664777294796)
(213.4735682147312, 58.56658838922092, 35.969397994365764, 88.92434504162652)
(218.7161918325684, 59.41534146906068, 35.93196570009758, 88.83180409190794)
(222.68036377917403, 59.695443910490006, 35.89775632837069, 88.74723092291647)
(224.4931515634601, 59.587801232570996, 35.88938351858765, 88.7265314765084)
(223.02786898817854, 58.69241738163624, 35.77734613008824, 88.44955015494041)
(218.1580258593053, 56.83711987036531, 35.70766043959253, 88.27727164232601)
(211.21818176303, 54.77155988140197, 35.62692993097124, 88.07768788490114)
(202.2583236641397, 52.34610916524348, 35.61189271078309, 88.04051253499155)
(192.91784330260526, 49.70665054426359, 35.58414371705509, 87.9719108560529)
(183.326096822238, 47.13125133067439, 35.60543575005527, 88.02454949319224)
(173.37407866830762, 44.77365605882115, 35.551922009087875, 87.8922516335784)
(163.57964625817436, 42.630444441324265, 35.58698433912003, 87.97893350504678)
(153.66115717738293, 40.66438043939805, 35.64703073800758, 88.127381546741)
(144.29287628616476, 39.51705686180043, 35.55449095794391, 87.89860264602805)
(134.18187211008672, 38.704502183698494, 35.633142986857834, 88.09304793973192)
(124.03406099384316, 39.125146100799924, 35.63445369590745, 88.09628830377125)
(113.77030175993167, 41.15269052987013, 35.55915844302728, 87.91014170637303)
(104.33212905069077, 43.979411418694475, 35.481371781430965, 87.71783579298214)
(95.26299987686807, 47.063878031331306, 35.454018861986526, 87.65021329768895)
(87.21742179262336, 50.017438871392734, 35.41537614131578, 87.55467990491961)
(80.81861448492194, 52.94872155959324, 35.309227939335806, 87.29225796113579)
(75.82338691862404, 56.86762499228841, 35.22665450747848, 87.08811808793294)
(74.55419215864598, 61.03608717197969, 35.22001534091117, 87.0717045928082)
(75.516468022325, 65.68883285509199, 35.118736318631235, 86.8213203432828)
(77.63933567056843, 71.62023617344629, 34.9792784879647, 86.4765495952461)
(80.24354593684771, 77.45025565254862, 34.92198100228114, 86.33489747786174)
(83.77046149551543, 82.70475698968625, 34.83673203826601, 86.1241430946021)
(88.24319019482648, 87.70036662297784, 34.78595084814001, 85.99860070790173)
(91.66930337338907, 93.19498092362292, 34.63149365605389, 85.61674820524438)
(94.02478950847818, 98.99087211407922, 34.65173781653974, 85.66679626866774)
(96.67875499228808, 105.36324848960817, 34.51314888993556, 85.32417364456295)
(99.12550991752704, 111.56960146077456, 34.435114503324826, 85.13125529988642)
(101.25369503042201, 117.0715271711233, 34.45006080585521, 85.16820588114209)
(104.38065514136386, 121.35203595295101, 34.383076008776186, 85.00260457725228)
(107.95970926807956, 124.48875653447669, 34.324729718235396, 84.85835958119311)
(112.97952654349571, 126.46657599909192, 34.18947596574295, 84.52398224864234)
(118.49557604416799, 127.14726146067417, 34.21320887357809, 84.58265527079033)
(124.46232230450532, 126.23287355837392, 34.211250166379976, 84.57781291132832)
(131.49553088301747, 123.95762738694066, 34.16518823396504, 84.4639375784136)
(139.39688080650646, 120.42185540416861, 34.222839949487096, 84.60646543067647)
(146.16367769778972, 116.69583302078621, 34.219428051686194, 84.59803046111313)
(152.94830531824857, 113.09318827437068, 34.28719673654975, 84.76556970980359)
(159.97552368441345, 109.01042552361932, 34.33317809504032, 84.87924584607192)
(166.85918916380825, 105.41839200019882, 34.43341610597722, 85.1270564842215)
(173.62865238661598, 102.1585243182816, 34.483356847861806, 85.25052109610282)
(179.70803646107524, 99.03732367564704, 34.55994026144327, 85.43985231301255)
(185.49098162535824, 95.42014269941271, 34.63321008912724, 85.62099160923124)
(191.0614881334508, 92.21439004767993, 34.651346242863994, 85.6658282115249)
(197.06240356509906, 88.79817327871007, 34.72587036003625, 85.85006839008963)
(202.72529264839054, 85.62855225941891, 34.78845889267207, 86.00480115132818)
(208.40614891488232, 82.5494914162656, 34.83754347882912, 86.12614915599421)
(213.3763110402291, 79.54890586411724, 34.95016722618245, 86.40458008695106)
(217.7264972702696, 76.6544787234372, 35.01313094774209, 86.56024039858461)
(221.56012315387088, 73.85299049380632, 35.13057766686763, 86.85059478753386)
(224.4133453205777, 71.1705671542336, 35.22097781587589, 87.0740840448043)
(225.3609896246596, 68.50830549778854, 35.24732006708707, 87.13920794363192)
(224.70090629948533, 65.48641521735007, 35.24424452993563, 87.13160453234086)
(222.06819319323665, 62.54715271460815, 35.26369906274546, 87.17970046067627)
(217.40555208857955, 59.536006838169655, 35.2636028540909, 87.17946261150249)
(211.58702798483952, 56.5998231994991, 35.28311260942252, 87.22769506218344)
(204.9939012136121, 54.26502612823492, 35.24274261672112, 87.1278914691161)
(197.06393631484286, 51.98313357006891, 35.25162871308769, 87.14985987402234)
(188.35553102284044, 49.87026520582645, 35.20156612814725, 87.0260940390307)
(178.8557376553617, 47.85289995209542, 35.229824127753126, 87.0959540936119)
(169.2762747167722, 45.7478712487183, 35.22328369633841, 87.07978469372551)
(159.87194324476079, 43.728949165975465, 35.21789024387686, 87.06645088069556)
(150.0605549650977, 41.86729862939848, 35.282408746562375, 87.2259549567792)
(140.60894171497623, 40.10397223439054, 35.327404655985056, 87.33719484396306)
(131.83555549712267, 38.57890442330654, 35.3518534832937, 87.39763777814278)
(123.41482369274351, 37.23981404281607, 35.32391706763799, 87.3285727505495)
(114.86144333465043, 36.2361256212823, 35.286413562632745, 87.23585575206431)
(107.530640308537, 35.40698670288296, 35.31587850157835, 87.30869962890205)
(100.97477135955563, 34.871587565937254, 35.284733098759844, 87.23170127193409)
(94.9173501969978, 35.4044279155434, 35.281281661668444, 87.22316855245812)
(89.90332152060434, 36.379272480653114, 35.22181460039289, 87.07615276208244)
(87.09024527700748, 37.429538297942514, 35.140111862977236, 86.87416543902708)
(86.36976374553441, 38.502296332309925, 35.05506631996634, 86.6639139576946)
(88.1072349849791, 40.11055763067773, 34.98994439771759, 86.50291809435743)
(91.15362999988116, 42.251201021332996, 34.77828840111657, 85.97965743609377)
(95.65284477290948, 43.56070733317401, 34.623883513263095, 85.59793424112269)
(100.21831885013358, 46.52291667957286, 34.51534289055314, 85.3295977016453)
(103.44152495983488, 50.48945698179825, 34.32126526587712, 84.84979468508514)
(106.01631486852091, 53.97666117302845, 34.10547756276288, 84.31631953016381)
(108.55477358785721, 57.97459374533295, 33.82305475299652, 83.61810758379698)
(111.31412407047172, 61.56362034366889, 33.51869399772844, 82.8656601610509)
(113.87822412475226, 64.54566430636046, 33.27172710449937, 82.2551031194568)
(115.61950289843838, 66.88626958369494, 32.977615602049006, 81.52799412728784)
(117.29067408469558, 67.7519768170252, 32.69024301713227, 80.81754523679923)
(119.49021086466904, 67.96076663174037, 32.41409426187286, 80.13484414740792)
(121.59443053685204, 68.40439027998991, 32.11742859914747, 79.40142070344793)
(123.87506446319081, 68.54664865905374, 31.76584702576682, 78.53223292481242)
(126.78222273838082, 67.9279673661316, 31.48711397148053, 77.84314287393798)
(130.9808208013812, 67.08761275037108, 31.15281457399536, 77.01668047459964)
(137.18809324757564, 66.1352253966893, 30.888950223598705, 76.36434916389679)
(143.32301755481217, 66.0515561777849, 30.579856003656904, 75.60019956459622)
(148.7983431771161, 66.54137969230555, 30.17690373365845, 74.60401200821116)
(154.75570447644796, 65.84005674684141, 29.882496686752503, 73.87617236447146)
(160.46818548783185, 64.33943022309148, 29.747421138594103, 73.54223559263541)
(164.7423080266074, 62.82352468534045, 29.43774722803524, 72.77665286930933)
(167.7165976472549, 62.45502873040697, 29.086610613693324, 71.90856512829738)
(170.15759761352984, 62.41494103784606, 28.725576257315286, 71.01600796947389)
(172.7400079023351, 62.56050006102733, 28.478938052751687, 70.40626351930277)
(175.73560172447705, 63.40203247950414, 28.129657146749025, 69.54276350168507)
(179.71109315830694, 64.88196814169544, 27.895425377722088, 68.96369051714625)
(184.2681359959847, 67.03401179687664, 27.648710307835323, 68.35375603881508)
(189.39839781954993, 68.52031031955305, 27.427020278868874, 67.80568902275914)
(194.93470221537714, 69.71237621325989, 27.18215501748789, 67.20032768212282)
(200.00843013917176, 70.62067985808804, 27.023407665992426, 66.80786895203681)
(204.07322796210562, 71.07419799274248, 26.74412329942156, 66.11741593468106)
(208.51893853688736, 70.80720027493668, 26.550837525834677, 65.63957054998016)
(211.56216805609174, 69.70565260545453, 26.32479108508218, 65.08073351589759)
(213.67039833232246, 68.41578866514864, 26.00402145058947, 64.28771969729061)
(215.13801384024342, 66.95942280156586, 25.78702163591942, 63.75124793324522)
(216.63922626691166, 65.22670623097767, 25.6620992239892, 63.44241197041772)
(218.64087442817336, 63.604424091213886, 25.55562296982513, 63.17917900873433)
(221.4114011391597, 64.98358708274897, 25.37954452343843, 62.74387396072276)
(224.07512783503083, 69.65322300546248, 25.223844061383677, 62.35894781842073)
(226.8037689091372, 76.34152184863632, 25.07970278231152, 62.00259854515901)
(229.44659297457636, 87.34646972197783, 24.789629602605114, 61.28547318421817)
(230.4152510307208, 98.86616742786381, 24.709399671956835, 61.087126966782144)
(230.42464510404866, 106.23919898010473, 24.642790480379215, 60.92245424315969)
(231.3654449821982, 112.95439695122926, 24.610174488728614, 60.84182026380126)
(228.72312360373826, 120.44672115581031, 24.579845321820347, 60.766839823389155)
(224.95791919487618, 125.52769115008506, 24.47332176649765, 60.503489922730274)
(221.5642984743516, 128.53984322804112, 24.37385971633587, 60.25759763205253)
(218.51273688962644, 130.6741763250867, 24.258507543989293, 59.972421428195716)
(213.61440171274438, 131.93175223775694, 24.19174405986282, 59.80736725910528)
(208.1109921433365, 132.22613517693725, 24.11215267621764, 59.61059967176025)
(201.79127199491722, 131.01514427602208, 24.063757279696773, 59.490955497028104)
(194.1039735519494, 128.8347004582509, 24.00707975156996, 59.350836052492376)
(183.77232194989227, 126.88759393752393, 23.96832607091859, 59.25502834199315)
(173.95663331985293, 126.09053653769578, 23.854586143497258, 58.97383796586819)
(162.19527628297837, 124.80012883370003, 23.693447067832313, 58.575466362140965)
(151.498825434469, 123.07093412904919, 23.714049570515076, 58.62640032710668)
(140.5127592381071, 120.93126778460365, 23.632654131207687, 58.425172713263414)
(128.46622879192026, 117.81930141005985, 23.67821441322977, 58.53780785492912)
(117.80877821701151, 114.4401668724382, 23.766919273984794, 58.757105982906815)
(107.2492486369079, 111.89198918723521, 23.766319010363894, 58.75562199784404)
(96.23460397747397, 110.3917283197311, 23.758117484505203, 58.73534600336005)
(86.99022177770985, 108.64124055384971, 23.809740465576382, 58.862969484341576)
(79.52131341121287, 106.68980325861403, 23.846876656578146, 58.95477840098482)
(73.24696794516645, 104.57545224153483, 23.811888389452253, 58.86827962947915)
(68.29016779963959, 101.60771608803181, 23.783960360193472, 58.79923533492272)
(65.61753386304818, 97.75271701097981, 23.808129905739577, 58.858987822522806)
(65.86968465081588, 92.9282339484119, 23.832072348758867, 58.91817886220939)
(69.03212054491439, 86.76442384965873, 23.772795042983706, 58.77163218959858)
(73.3443116439428, 79.61305094946621, 23.782804629594853, 58.796378112053915)
(79.16580589741741, 72.10131972465096, 23.77230055868081, 58.770409714516425)
(85.52795784054112, 63.97247348715702, 23.85327926520682, 58.97060707231683)
(91.49283204736719, 55.95974199676804, 23.879249845695302, 59.03481211852447)
(97.58441169277575, 48.188201657655455, 23.8739470001907, 59.02170230602698)
(102.34461374397178, 40.447627369740445, 23.88270244369708, 59.04334770802887)
(106.48889515775433, 32.51169193785532, 23.957100431561667, 59.22727606691631)
(109.898365106117, 25.3407093675016, 24.04189283464101, 59.43690173008469)
(113.53183015999849, 19.06417768331904, 24.102240864085047, 59.58609546954356)
(117.77570106539366, 14.411869454670327, 24.01107498102909, 59.36071314754411)
(122.370090403875, 11.155368393386563, 23.972564858753913, 59.26550756747492)
(126.8325894140164, 9.929637635757064, 23.979344792572686, 59.28226907052689)
(131.55487693655752, 11.166140525549523, 23.858347628349787, 58.98313719230916)
(137.57859741036847, 14.136117587554043, 23.818032535220077, 58.88346932318293)
(143.4662100795274, 20.158555198542185, 23.733725165652245, 58.67504277064024)
(148.7808723162772, 26.477590066121095, 23.660949764418287, 58.49512580647851)
(155.39154945528622, 32.08902309165356, 23.642995144603315, 58.45073799638038)
(161.5811439954088, 38.29598560612868, 23.653240878811292, 58.476067728172325)
(168.34850835186222, 44.3577742292363, 23.695019734263816, 58.57935434304107)
(175.51432261586302, 49.16273745593381, 23.761279389855968, 58.743162936032775)
(183.37103875654418, 54.75038273682077, 23.699397401462424, 58.59017690917096)
(192.26726052200618, 60.10126718552806, 23.76870924163216, 58.76153118070169)
(200.94987182061587, 65.13863835550671, 23.800703441287773, 58.84062795207251)
(210.51423975691122, 69.95094851900535, 23.802918496431435, 58.84610406062212)
(219.28040499070286, 74.08991943397206, 23.822239029824768, 58.8938687126223)
(227.29428784356648, 78.28500329433933, 23.821908626831895, 58.89305188300103)
(234.16789297531042, 82.63841132213383, 23.85869494537525, 58.98399583717766)
(241.11705199070843, 86.89099157732355, 23.987110313016707, 59.301467162735705)
(247.3716815556647, 91.28481366748886, 23.90692833154169, 59.10323948631135)
(252.8353491400416, 95.42648549419704, 24.038003807319193, 59.42728719031685)
(257.5045315441473, 99.20107964650231, 24.09124056160771, 59.5589002773079)
(260.9795774211395, 102.39122068303007, 24.133885624029595, 59.66432834829534)
(262.69501634301906, 105.12740997907541, 24.109044157223597, 59.602914722024956)
(261.0301042825732, 107.35890308777782, 24.058314078896583, 59.47749869504983)
(257.30268099676493, 108.71515439798772, 24.03586572863812, 59.422001384688635)
(252.1853540844967, 109.15066772463494, 24.06953078364331, 59.505228881784795)
(244.93797506693886, 109.45102910988476, 24.0440556644621, 59.44224872603125)
(236.10280323031785, 109.64415023069928, 24.078046798641644, 59.52628236330846)
(226.6893557440252, 109.64059925316654, 23.989078734117573, 59.306333537123955)
(218.0894095181795, 109.54697990600744, 23.934424066668335, 59.17121505370778)
(208.27760878512927, 109.55548418742653, 23.972072773979747, 59.264291024561)
(198.78565735463374, 110.30886927498781, 23.976101977744246, 59.27425211164545)
(189.00971145724628, 111.47450565996223, 23.974038694394153, 59.26915121669661)
(179.90156949863308, 112.4841055429057, 23.967574808886173, 59.253171055301884)
(170.55213099393694, 113.46420665607879, 23.9317716424972, 59.16465767172914)
(160.74449244432355, 114.25290820141932, 23.939840489770877, 59.184605655266836)
(150.741011079546, 114.74069618128138, 23.881678707607186, 59.04081680491771)
(141.01020328179848, 114.8375629732595, 23.933656851930365, 59.16931832838335)
(132.46963578001822, 114.48813872555856, 23.851492294944045, 58.966189284722724)
(123.8704496086869, 113.4081328347043, 23.92443739151294, 59.146525773462486)
(116.02330373355596, 112.21052234646558, 23.891510513845116, 59.065123214783696)
(108.87431017951984, 111.08221244020513, 23.904211672210312, 59.0965233007421)
(102.2414614202153, 109.89620367327183, 23.838068675682678, 58.93300311488212)
(96.34497980858562, 108.12871291243518, 23.852650551285787, 58.9690527517898)
(91.00491658156713, 105.76807031206468, 23.819291287549348, 58.88658123866361)
(86.77172516524831, 102.18785315969026, 23.92610075592915, 59.150637979935894)
(83.43375181507197, 97.81608886582168, 23.802898896711515, 58.84605560575896)
(79.66027442771984, 93.13283127494783, 23.883033908232182, 59.04416716201839)
(76.27481543838532, 88.33096763048462, 23.818670514830938, 58.88504655055421)
(73.94551555204735, 82.70760095066022, 23.822141808502955, 58.89362835991003)
(71.96062028665223, 77.23830139941646, 23.912476772886954, 59.116956466303805)
(70.25471160638511, 71.45925952292929, 23.88423065685867, 59.047125790567215)
(69.23225005456291, 65.12579952759188, 24.0537951789601, 59.466326970206865)
(69.1710865280391, 58.64099887273146, 24.101735635328044, 59.58484643178317)
(69.6300898781624, 51.96088621466632, 24.09393859084317, 59.565570405140015)
(70.27795994645973, 45.45656557784843, 24.083842985498514, 59.54061182526017)
(70.83951298820664, 39.0221864973131, 24.112332971340646, 59.611045401369886)
(71.10849113560919, 33.338343696862225, 24.17116317555898, 59.756486739576324)
(70.1449649422288, 29.17251644066606, 24.143396836733828, 59.68784217970303)
(68.36739989197406, 25.84224619103186, 24.162806112047978, 59.7358262214519)
(66.50752163042998, 23.67268888426697, 24.128580091190816, 59.65121189211059)
(65.46613691805645, 23.15174268785926, 24.084487943672247, 59.54220630518968)
(63.35931256444779, 26.092215890632176, 23.992701470225516, 59.31528974583526)
(60.74110816220707, 31.14423954948336, 24.09078935185539, 59.55778478653133)
(58.37184501189515, 35.953717714208366, 24.119118203748766, 59.62782000371217)
(56.52544783062508, 39.952956057009516, 24.107223540409986, 59.59841375268019)
(55.10825250209156, 43.51516068859504, 24.063196228727037, 59.48956845435289)
(53.77437146297747, 46.422036607358564, 24.101746881173963, 59.58487423401334)
(54.0233817990045, 48.47220319645386, 24.127827466444124, 59.6493512364868)
(55.70636355289747, 50.421992628495694, 24.191459905923804, 59.806664767422674)
(58.49132190903748, 52.105262550409364, 24.187285686319573, 59.79634516895666)
(61.2600069879058, 54.67312380404415, 24.09705145387591, 59.57326609430427)
(64.49711667596632, 58.718118211693465, 24.07942082287204, 59.52967925654471)
(68.07490586533795, 63.92675049691951, 24.039809241003777, 59.43175062359261)
(71.33656110419322, 70.60582576271577, 23.972004134387003, 59.26412133223448)
(75.46884451514029, 77.28888523476363, 23.95214251268818, 59.21501898970128)
(81.29157044008767, 83.71446888062418, 23.938007801465304, 59.180074842511395)
(87.53756977164471, 89.90320496340911, 23.919306257491833, 59.13384046991031)
(94.79806956131448, 95.75331985582024, 23.853766272878854, 58.971811063506)
(102.87689157536703, 100.34457439812962, 23.872727469383136, 59.01868735486381)
(111.6764215523452, 103.67129100971226, 23.87707632890335, 59.02943870201101)
(122.27691296994765, 106.00056876604953, 23.902930651901574, 59.09335633386773)
(133.93424502391656, 107.46468467202857, 23.988367251971553, 59.30457459515185)
(144.8610705980681, 107.81661221043657, 24.109569619293513, 59.60421378103114)
(155.62875110342193, 106.820162911281, 24.191884389835806, 59.807714185982924)
(167.06882898572763, 104.22378756220907, 24.250205187724408, 59.951896158540855)
(177.79760634213818, 100.02945484679105, 24.31703401982522, 60.11711188234563)
(186.41080719000573, 95.48445287932302, 24.373530273308845, 60.25678317568015)
(193.19494040638983, 91.72887322663695, 24.456417404993772, 60.461698584567884)
(198.4711222231746, 89.32697888505702, 24.470231139588286, 60.49584920620432)
(202.64219092856894, 87.32694290916773, 24.462261209268387, 60.476145767357906)
(205.59300384252532, 85.16589392950814, 24.538677983894672, 60.66506501573956)
(205.7614608071334, 83.26938183916315, 24.50895399608477, 60.59158071254286)
(203.82971420008178, 80.79307824608439, 24.53623505198485, 60.659025545184726)
(200.55124128595978, 77.94135824991135, 24.462825045267923, 60.47753969524566)
(195.76552847106117, 74.75055163712925, 24.457315860612006, 60.46391976651298)
(190.6463542288279, 71.039607533731, 24.434052406602024, 60.40640733854386)
(184.53173677859905, 67.29421328882935, 24.42555537346593, 60.385400784401845)
(177.7608164570386, 63.9970714536179, 24.47317909764156, 60.50313721361381)
(171.76411832433348, 60.88545036604702, 24.48616764820803, 60.5352477969587)
(165.67447833364315, 57.91414980339634, 24.496014035838705, 60.559590255267864)
(159.2218634631249, 56.16045460545112, 24.44795093019555, 60.44076757742784)
(152.07874308299205, 55.81704313284135, 24.437270914094043, 60.41436420428801)
(144.49025708991167, 56.886308877460124, 24.386673320176673, 60.28927570821452)
(137.33598094735314, 58.96656795736971, 24.339939960762454, 60.17374045855159)
(130.72584206715732, 63.2349448430705, 24.312476021935343, 60.10584349867345)
(124.74685692771985, 69.21363190110071, 24.31155347854468, 60.1035627664021)
(120.22495266136802, 75.31100942305328, 24.303619457537405, 60.083948103356335)
(116.92683603817098, 81.06318167249215, 24.390727948072115, 60.299299649400474)
(115.25739439945454, 86.34351151499268, 24.335812397379968, 60.16353620463377)
(115.7024406069377, 90.30265262936402, 24.394480968741785, 60.30857795050049)
(119.35651037636804, 93.4632543980422, 24.424727965525655, 60.38335524810506)
(124.83494667742411, 95.47310514458482, 24.376745133921304, 60.26473102552764)
(132.60429709662282, 96.56579561982062, 24.381898055289525, 60.27747019224351)
(141.1121992156621, 97.4366870727493, 24.342412176586, 60.179852325448685)
(150.37595141457976, 97.65335149537194, 24.49364923382877, 60.553743939187754)
(160.5812380228963, 97.14825634049276, 24.50620223789886, 60.58477775480548)
(170.32552797987708, 96.12272224440723, 24.643949838585694, 60.925320434281254)
(179.83183480191335, 95.57744234994647, 24.633213025567816, 60.89877664654261)
(188.24037953092062, 95.82652469275533, 24.6605602130611, 60.96638497117878)
(195.82883550009544, 96.9461139622789, 24.644384358695824, 60.92639466455352)
(202.66946551577564, 98.63857499937555, 24.75540643182761, 61.2008659009071)
(208.07737191820698, 100.57077015635745, 24.710315062511846, 61.08939001565424)
(211.98661325775765, 103.02265542135291, 24.73987010313701, 61.16245664386645)
(215.08930808997252, 106.13251025035228, 24.734019623277618, 61.14799295754739)
(216.61169130120192, 110.16781787842037, 24.713590969373524, 61.0974887853956)
(215.54101754781456, 114.47039814639975, 24.668094604077883, 60.985011660081376)
(212.12587020442734, 118.64196115911025, 24.609915780110178, 60.84118067860566)
(205.9552579104565, 122.06117561567153, 24.57229515320808, 60.74817412876436)
(199.1649795000969, 124.4118641069765, 24.63045207158356, 60.891950954748175)
(192.68352568021731, 125.75357637155592, 24.594031098061443, 60.801910214651826)
(185.58834976432667, 126.70290174432854, 24.569157710116173, 60.74041767223158)
(178.67682463934585, 127.07067787645605, 24.45858369249968, 60.46705412867969)
(170.62915052299653, 126.60362965142312, 24.426124308010866, 60.38680731702679)
(161.21656284458706, 125.60034443320144, 24.327868268345405, 60.143896552298294)
(151.03418554049685, 123.5643199873175, 24.291667676330515, 60.054400644261484)
(141.9443925342792, 120.2421560763297, 24.342591579390866, 60.18029584904957)
(132.8445204495325, 115.9080249167845, 24.3551409246655, 60.211320619311856)
(123.13997044356535, 110.90612619869042, 24.296406463943512, 60.06611598030472)
(113.01438542725793, 105.69452314974855, 24.3603816723396, 60.224276912172826)
(103.18480985433816, 100.20068992048375, 24.354127544741665, 60.2088153189446)
(94.36759500151643, 94.07115706792409, 24.433686644916335, 60.40550309437642)
(87.03422419040224, 87.04220594713678, 24.532709761285357, 60.650310243177614)
(80.29245369989654, 80.42631821746886, 24.635963571886613, 60.90557660827516)
(74.54004247431634, 73.61615812518434, 24.61086353769544, 60.84352374596921)
(70.53892542857773, 66.75705634348853, 24.65582223854767, 60.954671645298326)
(69.13671731242867, 60.49390214923099, 24.619929327779367, 60.86593639367669)
(70.61852004021823, 54.65137378381564, 24.619107685676823, 60.86390511181207)
(74.06706516310298, 49.26761022995481, 24.550623091762795, 60.69459597685795)
(78.70249344826418, 44.52799218311918, 24.54108854292477, 60.671024453341715)
(83.9592940616988, 39.99182354009287, 24.55228284828208, 60.6986992638084)
(89.13254348493216, 35.85334085453365, 24.559932866561468, 60.71761180899911)
(94.8351861064603, 32.2385811673887, 24.52246073385675, 60.62497236981245)
(100.07762965319151, 28.95300506536223, 24.562598054456814, 60.72420074574038)
(104.32566351730868, 26.34785859852283, 24.53183946928888, 60.648158687964106)
(108.45444565284838, 24.68916786073108, 24.608061208951693, 60.83659576657495)
(112.32479409396498, 24.260220447559803, 24.563279548886428, 60.7258855514136)
(116.0147160615076, 25.471668531977215, 24.5107061216137, 60.595912356211585)
(119.63184262729341, 28.49875652295637, 24.41976353691708, 60.371082077378276)
(123.37717943077129, 32.58909319753754, 24.319592859648818, 60.12343790302062)
(127.7533186234463, 36.7000498446358, 24.31520876140816, 60.11259943792567)
(131.91567823085117, 41.52622194493555, 24.3146777790203, 60.11128673146679)
(135.90832957970395, 46.13982256692571, 24.23934822584603, 59.925055336119286)
(139.44011083964065, 50.40416590576825, 24.254963562417927, 59.963659918199816)
(142.6517327146557, 54.10192818607895, 24.271356042856535, 60.00418577261749)
(146.0531719403081, 56.61244156685841, 24.278169974364307, 60.02103132551171)
(149.26432023306214, 58.45039767399364, 24.310310644715575, 60.10049020499123)
(152.08538985031655, 60.032891367382774, 24.323780541066153, 60.13379078208016)
(154.8367641909822, 61.1405158970297, 24.30082922301611, 60.07705002356755)
(157.2512571405294, 62.567979930705775, 24.311275086616995, 60.10287451969196)
(159.04572161166462, 64.05793290763123, 24.340388136534052, 60.17484844865357)
(160.7732956408328, 64.9477305210826, 24.417344570385186, 60.36510185456332)
