(168, 80, 49, 50)
(167.5321622691637, 79.68472572594331, 49.1702488259304, 50.17372329176572)
(167.13341831995493, 79.57234936175547, 49.08294058176984, 50.084633246703916)
(166.94693554281977, 79.48758390363167, 48.96533606768075, 49.96462864049056)
(166.55332244425824, 79.40938264040123, 48.866896371249126, 49.86417997066237)
(166.25654325001412, 79.32273566472462, 48.89609318747178, 49.893972640277326)
(166.1275764393327, 79.29856108884394, 48.89809113988932, 49.896011367233996)
(165.93951721760482, 79.1631690881371, 48.94355162436068, 49.942399616694566)
(165.72768105548786, 79.1133576319551, 48.78137800132895, 49.77691632788668)
(164.94436707607773, 78.96048037000118, 48.59251279608675, 49.58419673070076)
(164.42220871189932, 78.70507244410666, 48.637363582060715, 49.62996283883746)
(163.86623357537707, 78.30273886849402, 48.819717907839625, 49.816038681468996)
(163.5702078761003, 78.18203242349601, 48.66648427221345, 49.65967782878923)
(162.8979923383551, 77.72223610214607, 49.05287701762573, 50.05395614043441)
(162.41975141302802, 77.53481695376347, 49.28944920031112, 50.29535632684807)
(162.00245649716868, 77.1858792051735, 49.78949008183453, 50.80560212432094)
(161.91078462015545, 77.05746469095205, 49.99804135539221, 51.01840954631857)
(161.67249333900068, 76.87106118439264, 50.26194691574863, 51.28770093443737)
(161.63637793101574, 76.80963802862436, 50.34055590554664, 51.3679141893333)
(161.61482299421561, 76.77662261260542, 50.37505982211564, 51.40312226746493)
(161.580362960862, 76.75340204049019, 50.39847817983848, 51.42701855085558)
(161.49114249414563, 76.73894570014065, 50.453444992177474, 51.48310713487496)
(161.45115171276095, 76.72395236965103, 50.45795658424375, 51.48771080024872)
(161.40682625190595, 76.7437328454607, 50.44786788193026, 51.477416206051274)
(161.36812709040672, 76.74170952616936, 50.46268991098346, 51.49254072549332)
(161.28148155877358, 76.69812463932873, 50.56658400159345, 51.598555103666776)
(161.25759133639073, 76.6709331718243, 50.61720258112477, 51.650206715433434)
(161.27387088151474, 76.67080691732212, 50.6058684664627, 51.638641292308876)
(161.3055588569983, 76.68902167888157, 50.56808150475343, 51.600083168115745)
(161.33063199096202, 76.69086321086786, 50.55463262452127, 51.58635982094007)
(161.38668100741086, 76.73607559985224, 50.491362716623584, 51.52179869043223)
(161.41877749576878, 76.75211134871974, 50.44696038932181, 51.47649019318552)
(161.47156998230668, 76.80456527959784, 50.353033131089795, 51.38064605213244)
(161.57904508796472, 76.85813512817468, 50.277121005711216, 51.30318469970532)
(161.65902186607275, 76.8894218447151, 50.211253142854495, 51.235972594749484)
(161.69850176947475, 76.91614566669537, 50.14318811144115, 51.1665184810624)
(161.73665903125882, 76.92348622337775, 50.13175395896671, 51.15485097853746)
(161.79111379068036, 76.96605609794193, 50.03849995770178, 51.05969383438957)
(161.87544163613518, 77.00769670549906, 49.93390066327654, 50.95295986048626)
(161.91811569421412, 77.03276217925429, 49.87632354321238, 50.89420769715548)
(161.92573834810318, 77.02570823173197, 49.87160679988739, 50.88939469376263)
(161.93344120710395, 77.02825807764114, 49.85023489536242, 50.86758662792083)
(161.94317133787928, 77.02150160807795, 49.84644541017892, 50.86371980630501)
(162.01014044588362, 77.06305849132039, 49.75697130549838, 50.77241969948813)
(162.06538702092206, 77.13367327948043, 49.656152227687116, 50.66954308947664)
(162.12503476578297, 77.19148734595402, 49.52631291472309, 50.53705399461539)
(162.18110264107298, 77.2457618352985, 49.41420768172122, 50.42266089971552)
(162.3015234585515, 77.30130653193929, 49.27434871277986, 50.27994766610188)
(162.34996900761857, 77.37772904817683, 49.15173129628632, 50.154827853353375)
(162.45718164648474, 77.4637185915581, 49.01509532519456, 50.01540339305566)
(162.62081674072226, 77.53830183254902, 48.87767499023517, 49.875178561464445)
(162.79267392401619, 77.65675834008549, 48.65511540880355, 49.64807694775871)
(162.91199383239652, 77.77351687372852, 48.48593359985539, 49.47544244883201)
(162.99730344027788, 77.8252205870033, 48.390448661436444, 49.37800883820043)
(163.04320965071645, 77.85173140030457, 48.358069223957735, 49.344968595875216)
(163.01743131249202, 77.8076512627968, 48.421512497086276, 49.40970662967985)
(162.99040075075675, 77.78402653287918, 48.463824352978705, 49.45288199283539)
(162.9921123640745, 77.78089579199947, 48.468457766968186, 49.45760996629404)
(162.99222319252175, 77.77240230241281, 48.469792506558036, 49.458971945467354)
(162.9971619333827, 77.74023888204411, 48.493759018976775, 49.483427570384436)
(163.00528453702594, 77.71391938530333, 48.49554970036215, 49.48525479628788)
(163.10769045310718, 77.72508561324813, 48.475338698277824, 49.46463132477327)
(163.19452678222785, 77.8162326766047, 48.25775124511458, 49.242603311341384)
(163.26697433637685, 77.86225089417741, 48.16739104892597, 49.15039902951628)
(163.5364065173779, 78.01046570015546, 47.87669563223634, 48.85377105330237)
(163.78090907419192, 78.15842448777559, 47.55944344829581, 48.5300443349957)
(164.24861693135733, 78.4185432778718, 47.05933046834003, 48.01972496769389)
(164.53240283739314, 78.54868678426, 46.79257042384651, 47.74752084065969)
(164.70317567909814, 78.57397128210847, 46.76486751387406, 47.71925256517759)
(164.83981159250914, 78.64925785495493, 46.6199526206458, 47.57138022514876)
(164.917607316942, 78.70367101744222, 46.54877279287382, 47.498747747830414)
(165.02316594995682, 78.77260758841953, 46.41278980418795, 47.35998959611014)
(165.03366785994046, 78.78364947368166, 46.45819223422066, 47.4063186063476)
(165.03473809534725, 78.77721336235012, 46.4566010798133, 47.404694979401306)
(165.0643367598461, 78.76269490601325, 46.457737002768724, 47.405854084457864)
(165.10164898492124, 78.78043478947541, 46.4651285438294, 47.413396473295286)
(165.1956745973521, 78.75976742198819, 46.45618498498326, 47.40427039284004)
(165.30308871959176, 78.8224203511011, 46.37464226296491, 47.32106353363764)
(165.45910860891502, 78.86451638348413, 46.28583856830276, 47.23044751867626)
(165.52577419239796, 78.90661251259618, 46.227046585907225, 47.170455699905304)
(165.61514790652956, 78.92137034205726, 46.195683801198676, 47.138452858365966)
(165.722988197407, 78.95051978761737, 46.20702348311569, 47.15002396236292)
(165.76117680286313, 78.95857025383836, 46.17993216087528, 47.12237975599516)
(165.78463112097734, 79.00093810637136, 46.133176112537534, 47.074669502589295)
(165.73661561042684, 78.9824176032387, 46.187779521333795, 47.130387266667114)
(165.76939317915654, 79.0582314532409, 46.12545924715569, 47.06679515015884)
(165.72416646454377, 79.02028357712635, 46.237946367787465, 47.18157792631371)
(165.55517607713517, 78.93016463908185, 46.40704286526093, 47.354125372715195)
(165.40322752358935, 78.80087590098407, 46.67354068036033, 47.626061918735)
(165.21685437526688, 78.71699809385792, 46.853904164505295, 47.81010629031149)
(165.10959250999048, 78.62864015127279, 46.99463639115186, 47.953710603216145)
(164.98363897603116, 78.51646047994153, 47.128196291101744, 48.089996215409904)
(164.83296499195552, 78.41704432760429, 47.322992135229605, 48.28876748492813)
(164.6960386115632, 78.31468202937236, 47.50887797706889, 48.47844691537638)
(164.63252708935292, 78.26551118699419, 47.56146864844259, 48.53211086575771)
(164.55482853442592, 78.20176164015382, 47.67038748681224, 48.64325253756347)
(164.58200830512607, 78.15793502628159, 47.664367789161936, 48.63710998894071)
(164.62680732171654, 78.22304767898274, 47.512925883910675, 48.48257743256187)
(164.72465640083925, 78.26632078342676, 47.37264764754023, 48.339436375041004)
(164.91225869865914, 78.41466656237742, 47.118384214009815, 48.07998389184671)
(164.9284537369529, 78.43980414106323, 47.11306322921923, 48.07455431552978)
(164.90833215328257, 78.3866734562703, 47.138535888747356, 48.10054682525236)
(165.0627481753384, 78.47621971315627, 46.90235093936221, 47.85954177485935)
(165.1188230103832, 78.56294320255941, 46.75791367161641, 47.7121568077718)
(165.09302483790214, 78.5495782311382, 46.67294385446917, 47.625452912723595)
(164.9336037618656, 78.48963112558833, 46.68920421943285, 47.64204512187021)
(164.86411957930832, 78.47348879988616, 46.575090309156785, 47.525602356282384)
(164.98219826935184, 78.45900252642329, 46.24353497985102, 47.18728059168466)
(164.9393665565752, 78.31498495065672, 46.24475626673241, 47.18852680278812)
(164.842257774125, 78.25090385725149, 46.233163284757836, 47.176697229344676)
(164.86897859185643, 78.30468183238602, 46.06311398327932, 47.003177533958436)
(164.74962276930847, 78.20065296421288, 46.2284003354065, 47.171837076945344)
(164.47527208948566, 78.13789876286307, 46.45167750071618, 47.39967091909808)
(164.3735892967602, 78.08846630411699, 46.57911535179207, 47.52970954264491)
(164.30114285673827, 78.0093030853147, 46.64893498964849, 47.60095407106983)
(164.34747728558614, 78.05086854254549, 46.58843165929645, 47.53921597887387)
(164.37586200538922, 78.03404473106524, 46.58773826949501, 47.53850843826016)
(164.32093985066456, 77.97960715863216, 46.67258868245992, 47.62509049230598)
(164.34847671748378, 78.02420075330178, 46.62050567147777, 47.57194456273236)
(164.47620725636196, 78.08062461935455, 46.552697181612, 47.50275222613463)
(164.7121349822099, 78.1763342751345, 46.32440252093177, 47.269798490746645)
(164.70500101889982, 78.1360632725092, 46.42521829911444, 47.372671733790185)
(164.68748169195945, 78.11843677698653, 46.50899352526078, 47.4581566584293)
(164.6347846142658, 78.0607276368515, 46.61138169920277, 47.56263438694153)
(164.67036079851536, 78.05894346107178, 46.53877974574274, 47.48855076096191)
(164.73587922532127, 77.97270383111848, 46.68998471341997, 47.642841544306016)
(164.87994358721352, 77.95402025388799, 46.66134695643235, 47.61361934329824)
(165.12197752897708, 77.93130429854169, 46.46679933657711, 47.41510136385412)
(165.3115983434976, 77.9993015061898, 46.27273837159856, 47.21707997101886)
(165.62632606232253, 77.98596152201083, 46.045809789417454, 46.985520193283044)
(165.74129163380462, 77.91935478542129, 45.962851302703235, 46.90086867622772)
(165.66195819039575, 77.75854401827098, 46.03417688092725, 46.97364987849711)
(165.46985173523586, 77.52218781016478, 46.10102223753611, 47.04185942605717)
(165.2001953934986, 77.36855301071986, 46.21528609288561, 47.158455196821976)
(164.95031058599096, 77.17916947288522, 46.23919511219779, 47.182852155303785)
(164.78215460043882, 77.08639493505301, 46.19104663408329, 47.133721055186946)
(164.618130139735, 76.90584551500089, 46.31363596076435, 47.2588122048615)
(164.5627219143702, 76.87546427793181, 46.35749684508772, 47.303568209273095)
(164.57294307037583, 76.89824633010791, 46.23160104186554, 47.17510310394434)
(164.56685819218995, 76.87802931312036, 46.147731979877925, 47.08952242844677)
(164.47699231523524, 76.82804136270421, 46.118662464256076, 47.05985965740407)
(164.34615691546884, 76.72136656488175, 46.226494152460766, 47.169891992306816)
(164.29508233742618, 76.7214622663469, 46.25117443647577, 47.195075955587434)
(164.16712507964516, 76.67831544244927, 46.308541588756555, 47.25361386607803)
(164.08348448736896, 76.59918741287257, 46.35454591784018, 47.3005570590205)
(164.07421566719955, 76.57448574713248, 46.328985657788394, 47.27447516100847)
(164.08815645088129, 76.5975025903345, 46.29114010116713, 47.23585724608881)
(164.09199760663648, 76.58701005505203, 46.308146510359826, 47.25321072485687)
(164.06965495989218, 76.56742380027767, 46.32849403529375, 47.27397350540169)
(163.93073711921676, 76.51456502556303, 46.47583655258209, 47.42432301283877)
(163.72854612960518, 76.44113259062178, 46.62115481110212, 47.57260695010412)
(163.5618818189842, 76.40886628892784, 46.77681009250036, 47.73143886989824)
(163.28633420930186, 76.36262704873857, 46.88230289487288, 47.83908458660489)
(163.0648620825725, 76.35511237075922, 46.95981440907375, 47.918177968442514)
(162.81329114299763, 76.3884155638947, 47.110081532364134, 48.07151176771841)
(162.80456481905668, 76.67682009298677, 46.765748291574134, 47.720151317932704)
(162.59866624107136, 76.8082108910207, 46.54952420731042, 47.49951449725545)
(162.38519906050806, 76.96670455355675, 46.385668773515164, 47.33231507501539)
(162.2414870847715, 77.07877711996878, 46.44758308143355, 47.39549294023823)
(162.21885184425432, 77.1704552236293, 46.43055192672572, 47.378114210944524)
(162.2097065925401, 77.14396918547821, 46.56355800632606, 47.51383470033263)
(162.37947839771218, 77.30901813542064, 46.5247040932475, 47.47418785025246)
(162.38988620750868, 77.34452084125273, 46.80303703322482, 47.758201054310945)
(162.8015221815017, 79.82607631585097, 46.65911689187944, 47.61134376722383)
(162.73199335102237, 82.5667196974868, 46.74443309775993, 47.698401120163105)
(162.62039630012205, 84.44400136402368, 46.879156740576185, 47.835874225077646)
(162.58720613973037, 85.85308910406266, 47.0154223152658, 47.97492072986297)
(162.85722792741154, 85.99579191325978, 47.20081208951287, 48.16409396889059)
(162.75636759155267, 85.78612380483199, 47.94898051513683, 48.927531137894626)
(162.92809482022693, 85.77264337560531, 48.0817223468508, 49.06298198658235)
(162.96358657548984, 85.6674830348938, 48.20101593593441, 49.184710138708475)
(163.2097232734313, 85.67162991656241, 48.16145555274676, 49.14434240076189)
(163.44637655720987, 85.78508142048287, 47.856255064291176, 48.83291333090926)
(163.83533466753212, 85.90588756905987, 47.46463034755292, 48.43329627301308)
(162.62416344303736, 85.7366097182122, 47.350199114901855, 48.31652970908342)
(161.7673158552425, 86.16081956963325, 46.299886722132214, 47.24478236952256)
(156.63738944286706, 84.8003171730468, 47.08125443946116, 48.042096366797)
(150.66906980331177, 82.90508314840892, 48.46410648712645, 49.4531698848228)
(144.9722633989884, 80.58772369876948, 49.177116268429494, 50.18073088615243)
(137.21682591304517, 78.39534406136231, 51.30081472664406, 52.347770129228515)
(128.56504070245958, 76.50715173957039, 51.9130551917605, 52.972505297714676)
(120.35293995371441, 74.84183413146087, 52.20804526346963, 53.27351557496889)
(111.96536546776129, 72.66835288682599, 52.63524806838368, 53.70943680447302)
(104.35303102883253, 70.57615461552793, 52.593162795850546, 53.66649264882696)
(97.29078778085065, 68.6438082948931, 53.10693151837683, 54.19074644732317)
(89.9231896840462, 67.6058474036027, 54.01146975300135, 55.11374464591962)
(81.13453005069016, 66.37096773111826, 55.723623309264205, 56.86084011149396)
(72.34256402705773, 65.13582021093968, 57.20454327156812, 58.37198293017142)
(65.33071641604417, 63.79886558753617, 57.94581356683743, 59.12838119065031)
(59.439745572644696, 63.02610733419686, 58.52424878390983, 59.71862120807113)
(53.60869469923358, 62.89670641854697, 58.69497174655237, 59.892828312808405)
(47.47959157800551, 63.516712012095134, 59.168494761469454, 60.376015062723795)
(41.65948167895404, 64.97854336037051, 59.615530660646606, 60.8321741435168)
(36.9971175685822, 67.51484083797855, 59.50339975053092, 60.717754847480386)
(33.51595515161877, 71.00982474216526, 59.10604440867653, 60.312290212935096)
(31.417374224878014, 74.60728886198098, 59.25855904536116, 60.467917393225534)
(31.200283246355674, 78.45639486247737, 59.12336310323592, 60.32996235024059)
(32.82937227328434, 81.52013609441589, 58.79290035089225, 59.992755460094)
(35.7462174105607, 84.00628481835362, 58.25474993229657, 59.44362237989432)
(38.51373993315528, 86.50371956742374, 57.96199156923631, 59.14488935636344)
(42.57086924741478, 90.24106383029516, 56.848595062299346, 58.00877047173389)
(46.652812912757696, 94.55079303742222, 56.29396066130101, 57.44281700132743)
(50.40684860430922, 99.83608425112375, 55.70443404748509, 56.841259232127506)
(53.28487866901309, 105.0172569656753, 55.59189808799921, 56.726426620407224)
(55.03244829832586, 110.35876662085533, 55.72131632449086, 56.8584860453987)
(56.69065363311689, 115.9838712497626, 56.23241267395177, 57.38001293260371)
(59.62145361798591, 121.60133960191888, 56.28251009190905, 57.43113274684584)
(63.3328643225397, 127.1645177139277, 55.98728267694209, 57.12988028259384)
(66.37102375927934, 131.1014247518755, 55.945677548579994, 57.08742606997946)
(69.44988504991804, 134.14805613352613, 55.87123743800573, 57.01146677347511)
(72.70813638977054, 135.91934805796106, 55.586927751464785, 56.72135484843333)
(75.98238648715088, 136.88801825109869, 55.61681195611817, 56.75184893481433)
(78.94925974313466, 138.0963531264648, 55.99262812725606, 57.13533482373055)
(81.62107671457507, 139.00450731497622, 56.370811200976824, 57.52123591936398)
(85.12578677418162, 139.61190456519256, 57.07556344504496, 58.24037086229065)
(88.69305809289376, 139.92722920282932, 57.702983698245674, 58.88059561045464)
(91.43123663770105, 140.1636605443897, 58.26449892308423, 59.45357032967765)
(91.29499165563266, 139.6967464080117, 59.399079951674146, 60.611306073136745)
(90.57320990071294, 138.87230704254037, 61.593925199794825, 62.850944081423144)
(90.09802377995459, 138.47515287505337, 62.97279475576465, 64.25795383241277)
(90.10911838087975, 138.29563082028355, 63.36196724825025, 64.65506862066339)
(90.29174159460682, 138.11693973376458, 63.60248711718285, 64.90049705834971)
(90.3578173016248, 137.9551618097934, 63.915938120139074, 65.22034502054994)
(90.30536048119897, 137.60989355742566, 64.61081758130322, 65.92940569520724)
(90.51139618480371, 137.32817451893243, 65.01081892799999, 66.33757033469374)
(90.83707021042125, 137.29338592700836, 65.00226262481179, 66.32883941307311)
(90.9406305434382, 137.13020516679367, 65.34715917069197, 66.68077466397125)
(90.91397294442967, 136.98443745027112, 65.68959790386525, 67.03020194271949)
(90.90988020285047, 136.9447810733408, 65.8925160530393, 67.23726127861137)
(90.96356837282187, 137.0069914351679, 65.91007104854573, 67.25517453933222)
(90.95946141942507, 136.97498747507908, 66.00242191822994, 67.34941012064264)
(90.9762631519927, 136.98684041438196, 66.01187875582907, 67.35905995492747)
(91.03547894332866, 136.90947782602103, 66.07363821319622, 67.42207980938375)
(90.93851466349471, 136.7766374391329, 66.30044946329377, 67.65351986050369)
(90.98978225819225, 136.7464890783332, 66.3238908363987, 67.6774396289781)
(91.01800585201481, 136.79395794798634, 66.27565287726921, 67.62821722170311)
(91.0514214669169, 136.89497277794464, 66.15575157910563, 67.50586895827088)
(91.04590064827684, 136.9430869726917, 66.11608826033108, 67.46539618401114)
(91.10745324714884, 137.02988785732273, 66.03433438094645, 67.38197385810845)
(91.10540662084065, 137.03719934429898, 66.04099873951985, 67.38877422399968)
(91.16081616276745, 137.04860544077243, 65.99734884511939, 67.34423351542777)
(91.20904850500952, 137.07403926965065, 65.9818320366118, 67.32840003735882)
(91.24306437979587, 137.07044698278168, 65.99781517961723, 67.3447093669562)
(91.26263454822322, 137.06238318855694, 66.02363913719614, 67.37106034407753)
(91.23637153521157, 137.0757271113747, 66.0727166768913, 67.42113946621545)
(91.20870228776351, 137.0863915755739, 66.01478918057647, 67.36202977609827)
(91.19331505162758, 137.16939381538657, 65.93246550831711, 67.27802602889483)
(91.19315011612547, 137.1901400197929, 65.90490231291508, 67.24990031930093)
(91.13679254206643, 137.12418141325148, 66.02298092538862, 67.37038869937597)
(91.05271776049518, 137.04382761977556, 66.12637218774987, 67.47588998749968)
(91.03333194958823, 136.9932318340725, 66.18375953222002, 67.53444850226516)
(91.01933182101746, 137.0185649672871, 66.19460891045532, 67.54551929638282)
(91.01957212621052, 137.001323915806, 66.22699573170982, 67.57856707317313)
(90.94154089975521, 136.95660562953344, 66.28016054057747, 67.63281687814012)
(90.90356870168245, 136.95512979364926, 66.36191853535581, 67.71624340342414)
(90.80214430614993, 136.9834409324155, 66.40027758032709, 67.7553852860479)
(90.78241388874588, 137.03826369636465, 66.38432612265471, 67.73910828842303)
(90.71806202880964, 137.019287469359, 66.49088933959753, 67.84784626489528)
(90.69171286851449, 137.07951626759697, 66.53653809964095, 67.89442663228652)
(90.6468796502343, 137.08534964359455, 66.61244873786147, 67.97188646720542)
(90.60748640142916, 137.10964948388028, 66.74226062609675, 68.10434757764959)
(90.60947440972913, 137.10971326113352, 66.75774719494605, 68.12015019892438)
(90.61435546704504, 137.08411267165, 66.80394668920093, 68.16729254000079)
(90.65565458619052, 137.10138000115512, 66.7934004528631, 68.15653107434994)
