(207, 117, 29, 103)
(207.0, 117.0, 29.0, 103.0)
(206.0, 115.0, 29.0, 103.0)
(204.0, 114.0, 29.0, 103.0)
(203.0, 114.0, 29.0, 103.0)
(203.0, 113.0, 29.0, 103.0)
(203.0, 111.0, 29.0, 103.0)
(204.0, 110.0, 29.0, 103.0)
(204.0, 110.0, 29.0, 103.0)
(0.0, 0.0, 0.0, 0.0)
(0.0, 0.0, 0.0, 0.0)
(0.0, 0.0, 0.0, 0.0)
(0.0, 0.0, 0.0, 0.0)
(0.0, 0.0, 0.0, 0.0)
(0.0, 0.0, 0.0, 0.0)
(0.0, 0.0, 0.0, 0.0)
(0.0, 0.0, 0.0, 0.0)
(209.0, 107.0, 29.0, 103.0)
(210.0, 105.0, 29.0, 103.0)
(209.0, 104.0, 29.0, 103.0)
(0.0, 0.0, 0.0, 0.0)
(0.0, 0.0, 0.0, 0.0)
(0.0, 0.0, 0.0, 0.0)
(0.0, 0.0, 0.0, 0.0)
(212.0, 102.0, 29.0, 103.0)
(213.0, 102.0, 29.0, 103.0)
(214.0, 101.0, 29.0, 103.0)
(213.0, 99.0, 29.0, 103.0)
(214.0, 99.0, 29.0, 103.0)
(213.0, 97.0, 29.0, 103.0)
(214.0, 96.0, 29.0, 103.0)
(0.0, 0.0, 0.0, 0.0)
(0.0, 0.0, 0.0, 0.0)
(0.0, 0.0, 0.0, 0.0)
(0.0, 0.0, 0.0, 0.0)
(217.0, 96.0, 29.0, 103.0)
(218.0, 97.0, 29.0, 103.0)
(0.0, 0.0, 0.0, 0.0)
(0.0, 0.0, 0.0, 0.0)
(0.0, 0.0, 0.0, 0.0)
(0.0, 0.0, 0.0, 0.0)
(0.0, 0.0, 0.0, 0.0)
(0.0, 0.0, 0.0, 0.0)
(0.0, 0.0, 0.0, 0.0)
(0.0, 0.0, 0.0, 0.0)
(0.0, 0.0, 0.0, 0.0)
(0.0, 0.0, 0.0, 0.0)
(218.0, 110.0, 29.0, 103.0)
(217.0, 111.0, 29.0, 103.0)
(0.0, 0.0, 0.0, 0.0)
(0.0, 0.0, 0.0, 0.0)
(0.0, 0.0, 0.0, 0.0)
(0.0, 0.0, 0.0, 0.0)
(0.0, 0.0, 0.0, 0.0)
(0.0, 0.0, 0.0, 0.0)
(0.0, 0.0, 0.0, 0.0)
(0.0, 0.0, 0.0, 0.0)
(0.0, 0.0, 0.0, 0.0)
(0.0, 0.0, 0.0, 0.0)
(0.0, 0.0, 0.0, 0.0)
(0.0, 0.0, 0.0, 0.0)
(0.0, 0.0, 0.0, 0.0)
(0.0, 0.0, 0.0, 0.0)
(0.0, 0.0, 0.0, 0.0)
(0.0, 0.0, 0.0, 0.0)
(0.0, 0.0, 0.0, 0.0)
(0.0, 0.0, 0.0, 0.0)
(0.0, 0.0, 0.0, 0.0)
(0.0, 0.0, 0.0, 0.0)
(0.0, 0.0, 0.0, 0.0)
(0.0, 0.0, 0.0, 0.0)
(0.0, 0.0, 0.0, 0.0)
(0.0, 0.0, 0.0, 0.0)
(0.0, 0.0, 0.0, 0.0)
(0.0, 0.0, 0.0, 0.0)
(0.0, 0.0, 0.0, 0.0)
(0.0, 0.0, 0.0, 0.0)
(0.0, 0.0, 0.0, 0.0)
(0.0, 0.0, 0.0, 0.0)
(0.0, 0.0, 0.0, 0.0)
(0.0, 0.0, 0.0, 0.0)
(0.0, 0.0, 0.0, 0.0)
(0.0, 0.0, 0.0, 0.0)
(0.0, 0.0, 0.0, 0.0)
(0.0, 0.0, 0.0, 0.0)
(0.0, 0.0, 0.0, 0.0)
(0.0, 0.0, 0.0, 0.0)
(0.0, 0.0, 0.0, 0.0)
(0.0, 0.0, 0.0, 0.0)
(0.0, 0.0, 0.0, 0.0)
(0.0, 0.0, 0.0, 0.0)
(0.0, 0.0, 0.0, 0.0)
(0.0, 0.0, 0.0, 0.0)
(0.0, 0.0, 0.0, 0.0)
(0.0, 0.0, 0.0, 0.0)
(0.0, 0.0, 0.0, 0.0)
(0.0, 0.0, 0.0, 0.0)
(0.0, 0.0, 0.0, 0.0)
(0.0, 0.0, 0.0, 0.0)
(0.0, 0.0, 0.0, 0.0)
(0.0, 0.0, 0.0, 0.0)
(0.0, 0.0, 0.0, 0.0)
(0.0, 0.0, 0.0, 0.0)
(0.0, 0.0, 0.0, 0.0)
(0.0, 0.0, 0.0, 0.0)
(0.0, 0.0, 0.0, 0.0)
(0.0, 0.0, 0.0, 0.0)
(0.0, 0.0, 0.0, 0.0)
(0.0, 0.0, 0.0, 0.0)
(0.0, 0.0, 0.0, 0.0)
(0.0, 0.0, 0.0, 0.0)
(0.0, 0.0, 0.0, 0.0)
(0.0, 0.0, 0.0, 0.0)
(0.0, 0.0, 0.0, 0.0)
(0.0, 0.0, 0.0, 0.0)
(0.0, 0.0, 0.0, 0.0)
(0.0, 0.0, 0.0, 0.0)
(0.0, 0.0, 0.0, 0.0)
(0.0, 0.0, 0.0, 0.0)
(0.0, 0.0, 0.0, 0.0)
(0.0, 0.0, 0.0, 0.0)
(0.0, 0.0, 0.0, 0.0)
(0.0, 0.0, 0.0, 0.0)
(0.0, 0.0, 0.0, 0.0)
(0.0, 0.0, 0.0, 0.0)
(0.0, 0.0, 0.0, 0.0)
(0.0, 0.0, 0.0, 0.0)
(0.0, 0.0, 0.0, 0.0)
(0.0, 0.0, 0.0, 0.0)
(0.0, 0.0, 0.0, 0.0)
(0.0, 0.0, 0.0, 0.0)
(0.0, 0.0, 0.0, 0.0)
(0.0, 0.0, 0.0, 0.0)
(0.0, 0.0, 0.0, 0.0)
(0.0, 0.0, 0.0, 0.0)
(0.0, 0.0, 0.0, 0.0)
(0.0, 0.0, 0.0, 0.0)
(0.0, 0.0, 0.0, 0.0)
(0.0, 0.0, 0.0, 0.0)
(0.0, 0.0, 0.0, 0.0)
(0.0, 0.0, 0.0, 0.0)
(0.0, 0.0, 0.0, 0.0)
(0.0, 0.0, 0.0, 0.0)
(0.0, 0.0, 0.0, 0.0)
(0.0, 0.0, 0.0, 0.0)
(0.0, 0.0, 0.0, 0.0)
(0.0, 0.0, 0.0, 0.0)
(0.0, 0.0, 0.0, 0.0)
(0.0, 0.0, 0.0, 0.0)
(0.0, 0.0, 0.0, 0.0)
(0.0, 0.0, 0.0, 0.0)
(0.0, 0.0, 0.0, 0.0)
(0.0, 0.0, 0.0, 0.0)
(0.0, 0.0, 0.0, 0.0)
(0.0, 0.0, 0.0, 0.0)
(0.0, 0.0, 0.0, 0.0)
(0.0, 0.0, 0.0, 0.0)
(0.0, 0.0, 0.0, 0.0)
(0.0, 0.0, 0.0, 0.0)
(0.0, 0.0, 0.0, 0.0)
(0.0, 0.0, 0.0, 0.0)
(0.0, 0.0, 0.0, 0.0)
(0.0, 0.0, 0.0, 0.0)
(0.0, 0.0, 0.0, 0.0)
(0.0, 0.0, 0.0, 0.0)
(0.0, 0.0, 0.0, 0.0)
(0.0, 0.0, 0.0, 0.0)
(0.0, 0.0, 0.0, 0.0)
(0.0, 0.0, 0.0, 0.0)
(0.0, 0.0, 0.0, 0.0)
(0.0, 0.0, 0.0, 0.0)
(0.0, 0.0, 0.0, 0.0)
(0.0, 0.0, 0.0, 0.0)
(0.0, 0.0, 0.0, 0.0)
(0.0, 0.0, 0.0, 0.0)
(0.0, 0.0, 0.0, 0.0)
(0.0, 0.0, 0.0, 0.0)
(0.0, 0.0, 0.0, 0.0)
(0.0, 0.0, 0.0, 0.0)
(0.0, 0.0, 0.0, 0.0)
(0.0, 0.0, 0.0, 0.0)
(0.0, 0.0, 0.0, 0.0)
(0.0, 0.0, 0.0, 0.0)
(0.0, 0.0, 0.0, 0.0)
(0.0, 0.0, 0.0, 0.0)
(0.0, 0.0, 0.0, 0.0)
(0.0, 0.0, 0.0, 0.0)
(0.0, 0.0, 0.0, 0.0)
(0.0, 0.0, 0.0, 0.0)
(0.0, 0.0, 0.0, 0.0)
(0.0, 0.0, 0.0, 0.0)
(0.0, 0.0, 0.0, 0.0)
(0.0, 0.0, 0.0, 0.0)
(0.0, 0.0, 0.0, 0.0)
(0.0, 0.0, 0.0, 0.0)
(0.0, 0.0, 0.0, 0.0)
(0.0, 0.0, 0.0, 0.0)
(0.0, 0.0, 0.0, 0.0)
(0.0, 0.0, 0.0, 0.0)
(0.0, 0.0, 0.0, 0.0)
(0.0, 0.0, 0.0, 0.0)
(0.0, 0.0, 0.0, 0.0)
(0.0, 0.0, 0.0, 0.0)
(0.0, 0.0, 0.0, 0.0)
(0.0, 0.0, 0.0, 0.0)
(0.0, 0.0, 0.0, 0.0)
(0.0, 0.0, 0.0, 0.0)
(0.0, 0.0, 0.0, 0.0)
(0.0, 0.0, 0.0, 0.0)
(0.0, 0.0, 0.0, 0.0)
(0.0, 0.0, 0.0, 0.0)
(0.0, 0.0, 0.0, 0.0)
(0.0, 0.0, 0.0, 0.0)
(0.0, 0.0, 0.0, 0.0)
(0.0, 0.0, 0.0, 0.0)
(0.0, 0.0, 0.0, 0.0)
(0.0, 0.0, 0.0, 0.0)
(0.0, 0.0, 0.0, 0.0)
(0.0, 0.0, 0.0, 0.0)
(0.0, 0.0, 0.0, 0.0)
(0.0, 0.0, 0.0, 0.0)
(0.0, 0.0, 0.0, 0.0)
(0.0, 0.0, 0.0, 0.0)
(0.0, 0.0, 0.0, 0.0)
(0.0, 0.0, 0.0, 0.0)
(0.0, 0.0, 0.0, 0.0)
(0.0, 0.0, 0.0, 0.0)
(0.0, 0.0, 0.0, 0.0)
(0.0, 0.0, 0.0, 0.0)
(0.0, 0.0, 0.0, 0.0)
(0.0, 0.0, 0.0, 0.0)
(0.0, 0.0, 0.0, 0.0)
(0.0, 0.0, 0.0, 0.0)
(0.0, 0.0, 0.0, 0.0)
(0.0, 0.0, 0.0, 0.0)
(0.0, 0.0, 0.0, 0.0)
(0.0, 0.0, 0.0, 0.0)
(0.0, 0.0, 0.0, 0.0)
(0.0, 0.0, 0.0, 0.0)
(0.0, 0.0, 0.0, 0.0)
(0.0, 0.0, 0.0, 0.0)
(0.0, 0.0, 0.0, 0.0)
(0.0, 0.0, 0.0, 0.0)
(0.0, 0.0, 0.0, 0.0)
(0.0, 0.0, 0.0, 0.0)
(0.0, 0.0, 0.0, 0.0)
(0.0, 0.0, 0.0, 0.0)
(0.0, 0.0, 0.0, 0.0)
(0.0, 0.0, 0.0, 0.0)
(0.0, 0.0, 0.0, 0.0)
(0.0, 0.0, 0.0, 0.0)
(0.0, 0.0, 0.0, 0.0)
(0.0, 0.0, 0.0, 0.0)
(0.0, 0.0, 0.0, 0.0)
(0.0, 0.0, 0.0, 0.0)
(0.0, 0.0, 0.0, 0.0)
(0.0, 0.0, 0.0, 0.0)
(0.0, 0.0, 0.0, 0.0)
(0.0, 0.0, 0.0, 0.0)
(0.0, 0.0, 0.0, 0.0)
(0.0, 0.0, 0.0, 0.0)
(0.0, 0.0, 0.0, 0.0)
(0.0, 0.0, 0.0, 0.0)
(0.0, 0.0, 0.0, 0.0)
(0.0, 0.0, 0.0, 0.0)
(0.0, 0.0, 0.0, 0.0)
(0.0, 0.0, 0.0, 0.0)
(0.0, 0.0, 0.0, 0.0)
(0.0, 0.0, 0.0, 0.0)
(0.0, 0.0, 0.0, 0.0)
(0.0, 0.0, 0.0, 0.0)
(0.0, 0.0, 0.0, 0.0)
(0.0, 0.0, 0.0, 0.0)
(0.0, 0.0, 0.0, 0.0)
(0.0, 0.0, 0.0, 0.0)
(0.0, 0.0, 0.0, 0.0)
(0.0, 0.0, 0.0, 0.0)
(0.0, 0.0, 0.0, 0.0)
(0.0, 0.0, 0.0, 0.0)
(0.0, 0.0, 0.0, 0.0)
(0.0, 0.0, 0.0, 0.0)
(0.0, 0.0, 0.0, 0.0)
(0.0, 0.0, 0.0, 0.0)
(0.0, 0.0, 0.0, 0.0)
(0.0, 0.0, 0.0, 0.0)
(0.0, 0.0, 0.0, 0.0)
(0.0, 0.0, 0.0, 0.0)
(0.0, 0.0, 0.0, 0.0)
(0.0, 0.0, 0.0, 0.0)
(0.0, 0.0, 0.0, 0.0)
(0.0, 0.0, 0.0, 0.0)
(0.0, 0.0, 0.0, 0.0)
(0.0, 0.0, 0.0, 0.0)
(0.0, 0.0, 0.0, 0.0)
(0.0, 0.0, 0.0, 0.0)
(0.0, 0.0, 0.0, 0.0)
(0.0, 0.0, 0.0, 0.0)
(0.0, 0.0, 0.0, 0.0)
(0.0, 0.0, 0.0, 0.0)
(0.0, 0.0, 0.0, 0.0)
(0.0, 0.0, 0.0, 0.0)
(0.0, 0.0, 0.0, 0.0)
(0.0, 0.0, 0.0, 0.0)
(0.0, 0.0, 0.0, 0.0)
(0.0, 0.0, 0.0, 0.0)
(0.0, 0.0, 0.0, 0.0)
(0.0, 0.0, 0.0, 0.0)
(0.0, 0.0, 0.0, 0.0)
(0.0, 0.0, 0.0, 0.0)
(0.0, 0.0, 0.0, 0.0)
(0.0, 0.0, 0.0, 0.0)
(0.0, 0.0, 0.0, 0.0)
(0.0, 0.0, 0.0, 0.0)
(0.0, 0.0, 0.0, 0.0)
(0.0, 0.0, 0.0, 0.0)
(0.0, 0.0, 0.0, 0.0)
(0.0, 0.0, 0.0, 0.0)
(0.0, 0.0, 0.0, 0.0)
(0.0, 0.0, 0.0, 0.0)
(0.0, 0.0, 0.0, 0.0)
(0.0, 0.0, 0.0, 0.0)
(0.0, 0.0, 0.0, 0.0)
(0.0, 0.0, 0.0, 0.0)
(0.0, 0.0, 0.0, 0.0)
(0.0, 0.0, 0.0, 0.0)
(0.0, 0.0, 0.0, 0.0)
(0.0, 0.0, 0.0, 0.0)
(0.0, 0.0, 0.0, 0.0)
(0.0, 0.0, 0.0, 0.0)
(0.0, 0.0, 0.0, 0.0)
(0.0, 0.0, 0.0, 0.0)
(0.0, 0.0, 0.0, 0.0)
(0.0, 0.0, 0.0, 0.0)
(0.0, 0.0, 0.0, 0.0)
(0.0, 0.0, 0.0, 0.0)
(0.0, 0.0, 0.0, 0.0)
(0.0, 0.0, 0.0, 0.0)
(0.0, 0.0, 0.0, 0.0)
(0.0, 0.0, 0.0, 0.0)
(0.0, 0.0, 0.0, 0.0)
(0.0, 0.0, 0.0, 0.0)
(0.0, 0.0, 0.0, 0.0)
(0.0, 0.0, 0.0, 0.0)
(0.0, 0.0, 0.0, 0.0)
(0.0, 0.0, 0.0, 0.0)
(0.0, 0.0, 0.0, 0.0)
(0.0, 0.0, 0.0, 0.0)
(0.0, 0.0, 0.0, 0.0)
(0.0, 0.0, 0.0, 0.0)
(0.0, 0.0, 0.0, 0.0)
(0.0, 0.0, 0.0, 0.0)
(0.0, 0.0, 0.0, 0.0)
(0.0, 0.0, 0.0, 0.0)
(0.0, 0.0, 0.0, 0.0)
(0.0, 0.0, 0.0, 0.0)
(0.0, 0.0, 0.0, 0.0)
(0.0, 0.0, 0.0, 0.0)
(0.0, 0.0, 0.0, 0.0)
(0.0, 0.0, 0.0, 0.0)
(0.0, 0.0, 0.0, 0.0)
(0.0, 0.0, 0.0, 0.0)
(0.0, 0.0, 0.0, 0.0)
(0.0, 0.0, 0.0, 0.0)
(0.0, 0.0, 0.0, 0.0)
(0.0, 0.0, 0.0, 0.0)
(0.0, 0.0, 0.0, 0.0)
(0.0, 0.0, 0.0, 0.0)
(0.0, 0.0, 0.0, 0.0)
(0.0, 0.0, 0.0, 0.0)
(0.0, 0.0, 0.0, 0.0)
(0.0, 0.0, 0.0, 0.0)
(0.0, 0.0, 0.0, 0.0)
(0.0, 0.0, 0.0, 0.0)
(0.0, 0.0, 0.0, 0.0)
(0.0, 0.0, 0.0, 0.0)
(0.0, 0.0, 0.0, 0.0)
(0.0, 0.0, 0.0, 0.0)
(0.0, 0.0, 0.0, 0.0)
(0.0, 0.0, 0.0, 0.0)
(0.0, 0.0, 0.0, 0.0)
(0.0, 0.0, 0.0, 0.0)
(0.0, 0.0, 0.0, 0.0)
(0.0, 0.0, 0.0, 0.0)
(0.0, 0.0, 0.0, 0.0)
(0.0, 0.0, 0.0, 0.0)
(0.0, 0.0, 0.0, 0.0)
(0.0, 0.0, 0.0, 0.0)
(0.0, 0.0, 0.0, 0.0)
(0.0, 0.0, 0.0, 0.0)
(0.0, 0.0, 0.0, 0.0)
(0.0, 0.0, 0.0, 0.0)
(0.0, 0.0, 0.0, 0.0)
(0.0, 0.0, 0.0, 0.0)
(0.0, 0.0, 0.0, 0.0)
(0.0, 0.0, 0.0, 0.0)
(0.0, 0.0, 0.0, 0.0)
(0.0, 0.0, 0.0, 0.0)
(0.0, 0.0, 0.0, 0.0)
(0.0, 0.0, 0.0, 0.0)
(0.0, 0.0, 0.0, 0.0)
(0.0, 0.0, 0.0, 0.0)
(0.0, 0.0, 0.0, 0.0)
(0.0, 0.0, 0.0, 0.0)
(0.0, 0.0, 0.0, 0.0)
(0.0, 0.0, 0.0, 0.0)
(0.0, 0.0, 0.0, 0.0)
(0.0, 0.0, 0.0, 0.0)
(0.0, 0.0, 0.0, 0.0)
(0.0, 0.0, 0.0, 0.0)
(0.0, 0.0, 0.0, 0.0)
(0.0, 0.0, 0.0, 0.0)
(0.0, 0.0, 0.0, 0.0)
(0.0, 0.0, 0.0, 0.0)
(0.0, 0.0, 0.0, 0.0)
(0.0, 0.0, 0.0, 0.0)
(0.0, 0.0, 0.0, 0.0)
(0.0, 0.0, 0.0, 0.0)
(0.0, 0.0, 0.0, 0.0)
(0.0, 0.0, 0.0, 0.0)
(0.0, 0.0, 0.0, 0.0)
(0.0, 0.0, 0.0, 0.0)
(0.0, 0.0, 0.0, 0.0)
(0.0, 0.0, 0.0, 0.0)
(0.0, 0.0, 0.0, 0.0)
(0.0, 0.0, 0.0, 0.0)
(0.0, 0.0, 0.0, 0.0)
(0.0, 0.0, 0.0, 0.0)
(0.0, 0.0, 0.0, 0.0)
(0.0, 0.0, 0.0, 0.0)
(0.0, 0.0, 0.0, 0.0)
(0.0, 0.0, 0.0, 0.0)
(0.0, 0.0, 0.0, 0.0)
(0.0, 0.0, 0.0, 0.0)
(0.0, 0.0, 0.0, 0.0)
(0.0, 0.0, 0.0, 0.0)
(0.0, 0.0, 0.0, 0.0)
(0.0, 0.0, 0.0, 0.0)
(0.0, 0.0, 0.0, 0.0)
(0.0, 0.0, 0.0, 0.0)
(0.0, 0.0, 0.0, 0.0)
(0.0, 0.0, 0.0, 0.0)
(0.0, 0.0, 0.0, 0.0)
(0.0, 0.0, 0.0, 0.0)
(0.0, 0.0, 0.0, 0.0)
(0.0, 0.0, 0.0, 0.0)
(0.0, 0.0, 0.0, 0.0)
(0.0, 0.0, 0.0, 0.0)
(0.0, 0.0, 0.0, 0.0)
(0.0, 0.0, 0.0, 0.0)
(0.0, 0.0, 0.0, 0.0)
(0.0, 0.0, 0.0, 0.0)
(0.0, 0.0, 0.0, 0.0)
(0.0, 0.0, 0.0, 0.0)
(0.0, 0.0, 0.0, 0.0)
(0.0, 0.0, 0.0, 0.0)
(0.0, 0.0, 0.0, 0.0)
(0.0, 0.0, 0.0, 0.0)
(0.0, 0.0, 0.0, 0.0)
(0.0, 0.0, 0.0, 0.0)
(0.0, 0.0, 0.0, 0.0)
(0.0, 0.0, 0.0, 0.0)
(0.0, 0.0, 0.0, 0.0)
(0.0, 0.0, 0.0, 0.0)
(0.0, 0.0, 0.0, 0.0)
(0.0, 0.0, 0.0, 0.0)
(0.0, 0.0, 0.0, 0.0)
(0.0, 0.0, 0.0, 0.0)
(0.0, 0.0, 0.0, 0.0)
(0.0, 0.0, 0.0, 0.0)
(0.0, 0.0, 0.0, 0.0)
(0.0, 0.0, 0.0, 0.0)
(0.0, 0.0, 0.0, 0.0)
(0.0, 0.0, 0.0, 0.0)
(0.0, 0.0, 0.0, 0.0)
(0.0, 0.0, 0.0, 0.0)
(0.0, 0.0, 0.0, 0.0)
(0.0, 0.0, 0.0, 0.0)
(0.0, 0.0, 0.0, 0.0)
(0.0, 0.0, 0.0, 0.0)
(0.0, 0.0, 0.0, 0.0)
(0.0, 0.0, 0.0, 0.0)
(0.0, 0.0, 0.0, 0.0)
(0.0, 0.0, 0.0, 0.0)
(0.0, 0.0, 0.0, 0.0)
(0.0, 0.0, 0.0, 0.0)
(0.0, 0.0, 0.0, 0.0)
(0.0, 0.0, 0.0, 0.0)
(0.0, 0.0, 0.0, 0.0)
(0.0, 0.0, 0.0, 0.0)
(0.0, 0.0, 0.0, 0.0)
(0.0, 0.0, 0.0, 0.0)
(0.0, 0.0, 0.0, 0.0)
(0.0, 0.0, 0.0, 0.0)
(0.0, 0.0, 0.0, 0.0)
(0.0, 0.0, 0.0, 0.0)
(0.0, 0.0, 0.0, 0.0)
(0.0, 0.0, 0.0, 0.0)
(0.0, 0.0, 0.0, 0.0)
(0.0, 0.0, 0.0, 0.0)
(0.0, 0.0, 0.0, 0.0)
(0.0, 0.0, 0.0, 0.0)
(0.0, 0.0, 0.0, 0.0)
(0.0, 0.0, 0.0, 0.0)
(0.0, 0.0, 0.0, 0.0)
(0.0, 0.0, 0.0, 0.0)
(0.0, 0.0, 0.0, 0.0)
(0.0, 0.0, 0.0, 0.0)
(0.0, 0.0, 0.0, 0.0)
(0.0, 0.0, 0.0, 0.0)
(0.0, 0.0, 0.0, 0.0)
(0.0, 0.0, 0.0, 0.0)
(0.0, 0.0, 0.0, 0.0)
(0.0, 0.0, 0.0, 0.0)
(0.0, 0.0, 0.0, 0.0)
(0.0, 0.0, 0.0, 0.0)
(0.0, 0.0, 0.0, 0.0)
(0.0, 0.0, 0.0, 0.0)
(0.0, 0.0, 0.0, 0.0)
(0.0, 0.0, 0.0, 0.0)
(0.0, 0.0, 0.0, 0.0)
(0.0, 0.0, 0.0, 0.0)
(0.0, 0.0, 0.0, 0.0)
(0.0, 0.0, 0.0, 0.0)
(0.0, 0.0, 0.0, 0.0)
(0.0, 0.0, 0.0, 0.0)
(0.0, 0.0, 0.0, 0.0)
(0.0, 0.0, 0.0, 0.0)
(0.0, 0.0, 0.0, 0.0)
(0.0, 0.0, 0.0, 0.0)
(0.0, 0.0, 0.0, 0.0)
(0.0, 0.0, 0.0, 0.0)
(0.0, 0.0, 0.0, 0.0)
(0.0, 0.0, 0.0, 0.0)
(0.0, 0.0, 0.0, 0.0)
(0.0, 0.0, 0.0, 0.0)
(0.0, 0.0, 0.0, 0.0)
(0.0, 0.0, 0.0, 0.0)
(0.0, 0.0, 0.0, 0.0)
(0.0, 0.0, 0.0, 0.0)
(0.0, 0.0, 0.0, 0.0)
(0.0, 0.0, 0.0, 0.0)
(0.0, 0.0, 0.0, 0.0)
(0.0, 0.0, 0.0, 0.0)
(0.0, 0.0, 0.0, 0.0)
(0.0, 0.0, 0.0, 0.0)
(0.0, 0.0, 0.0, 0.0)
(0.0, 0.0, 0.0, 0.0)
(0.0, 0.0, 0.0, 0.0)
(0.0, 0.0, 0.0, 0.0)
(0.0, 0.0, 0.0, 0.0)
(0.0, 0.0, 0.0, 0.0)
(0.0, 0.0, 0.0, 0.0)
(0.0, 0.0, 0.0, 0.0)
(0.0, 0.0, 0.0, 0.0)
(0.0, 0.0, 0.0, 0.0)
(0.0, 0.0, 0.0, 0.0)
(0.0, 0.0, 0.0, 0.0)
(0.0, 0.0, 0.0, 0.0)
(0.0, 0.0, 0.0, 0.0)
(0.0, 0.0, 0.0, 0.0)
(0.0, 0.0, 0.0, 0.0)
(0.0, 0.0, 0.0, 0.0)
(0.0, 0.0, 0.0, 0.0)
(0.0, 0.0, 0.0, 0.0)
(0.0, 0.0, 0.0, 0.0)
(0.0, 0.0, 0.0, 0.0)
(0.0, 0.0, 0.0, 0.0)
(0.0, 0.0, 0.0, 0.0)
(0.0, 0.0, 0.0, 0.0)
(0.0, 0.0, 0.0, 0.0)
(0.0, 0.0, 0.0, 0.0)
(0.0, 0.0, 0.0, 0.0)
(0.0, 0.0, 0.0, 0.0)
(0.0, 0.0, 0.0, 0.0)
(0.0, 0.0, 0.0, 0.0)
(0.0, 0.0, 0.0, 0.0)
(0.0, 0.0, 0.0, 0.0)
(0.0, 0.0, 0.0, 0.0)
(0.0, 0.0, 0.0, 0.0)
(0.0, 0.0, 0.0, 0.0)
(0.0, 0.0, 0.0, 0.0)
(0.0, 0.0, 0.0, 0.0)
(0.0, 0.0, 0.0, 0.0)
(0.0, 0.0, 0.0, 0.0)
(0.0, 0.0, 0.0, 0.0)
(0.0, 0.0, 0.0, 0.0)
(0.0, 0.0, 0.0, 0.0)
(0.0, 0.0, 0.0, 0.0)
(0.0, 0.0, 0.0, 0.0)
(0.0, 0.0, 0.0, 0.0)
(0.0, 0.0, 0.0, 0.0)
(0.0, 0.0, 0.0, 0.0)
(0.0, 0.0, 0.0, 0.0)
(0.0, 0.0, 0.0, 0.0)
(0.0, 0.0, 0.0, 0.0)
(0.0, 0.0, 0.0, 0.0)
(0.0, 0.0, 0.0, 0.0)
