(207, 117, 29, 103)
(205.1662288312938, 114.8375873891002, 29.116394876474907, 103.41340249230743)
(203.4014933094795, 113.1388179382298, 29.271613600767555, 103.96469658203648)
(202.19611453370982, 111.81422997539873, 29.17248345699445, 103.61261365760097)
(201.45584377063432, 110.58186696403024, 29.029138874746998, 103.10349324479107)
(200.75748695691655, 109.52670999275665, 29.17736312229973, 103.62994488265078)
(200.79168066631993, 108.36522630743525, 29.335019404664802, 104.18989650622326)
(201.87569425685413, 107.69129306039261, 29.20999149117455, 103.74583184796478)
(203.3961439942727, 107.31476611922253, 29.213678197978002, 103.75892601350809)
(204.82517640331474, 106.38729482667407, 29.34111753028457, 104.21155536618313)
(206.05539726996582, 104.55716578774367, 29.749389175888652, 105.66162362470797)
(208.75384451804155, 104.35191531816166, 29.78041216020596, 105.7718087069384)
(212.2036532171981, 104.68305539148602, 29.689388511892844, 105.44851781810216)
(214.66358732780247, 105.7758219429968, 29.460346706699728, 104.63502451000248)
(214.4494066441399, 106.10616937809726, 29.519018132618587, 104.84340922964533)
(213.66446804917462, 105.72560319112993, 29.987607480752338, 106.50770932818935)
(213.0268039976873, 105.24482427642864, 30.130092566148832, 107.01377704528724)
(212.41812509304418, 104.41225622667386, 30.29431927191943, 107.59706500026557)
(210.69307927048519, 103.16222091478187, 30.589442655318713, 108.64526184475268)
(209.66456471158685, 101.77859117319633, 30.797716890302862, 109.384994472455)
(210.32476537843982, 100.16245170102218, 31.16499866206567, 110.68947800664705)
(211.1762129460285, 99.3961748783428, 31.35755030423206, 111.37336832192769)
(211.85700953559112, 98.5447298895597, 31.705475557724036, 112.6091028429509)
(212.60928946724604, 97.96472832837337, 31.820788741289142, 113.01866346044076)
(213.53606731537673, 97.94008169807935, 31.766412122176227, 112.82553270979834)
(214.36667065919735, 97.96752072936971, 31.818614858363112, 113.01094242797934)
(214.78149220347981, 97.89796456902181, 31.743412077415396, 112.7438428956478)
(214.73319191826693, 97.44781925712884, 31.5310374281146, 111.98954672744154)
(214.79791425236021, 97.11367530538409, 31.42820408805301, 111.62431107136072)
(215.44289821957324, 96.37250537475009, 31.336844552064445, 111.29982720215996)
(215.96010471997013, 94.80870861794311, 31.268251863770683, 111.05620489546143)
(217.21449053627663, 94.01810112467737, 31.545704596392028, 112.0416404630476)
(218.4704504706378, 94.0782989136284, 31.792589048958778, 112.91850593250881)
(219.8255005720396, 94.88697581607488, 31.91827375826456, 113.364903348319)
(220.87681106956467, 94.36190827271764, 32.23523894485506, 114.49067625241629)
(224.44525274096088, 94.52852084143069, 32.463132213390736, 115.30009027514645)
(226.7161982647727, 95.27127062380802, 32.41197908080621, 115.11840845941522)
(230.5767809171918, 94.89736604965489, 32.31726336092892, 114.78200435088552)
(234.29735528063918, 93.8444451926463, 32.75427320337009, 116.33414275679725)
(238.32944260951012, 93.13324889518799, 33.07451321847972, 117.47154694839354)
(242.310839065236, 94.98537186977441, 33.016139252340494, 117.26421872383007)
(245.913328256, 98.45807145231953, 33.206546613000015, 117.94049314272422)
(249.62610798381, 101.785678927285, 33.28471030191129, 118.21810900334013)
(254.38299141720987, 105.53829718142873, 33.23090437261153, 118.02700518548238)
(258.7765544238204, 109.14308305101474, 33.159903847671714, 117.77483090724785)
(262.1801804613097, 110.50160103705915, 33.26421183128681, 118.14530409043249)
(265.31740496931513, 111.9542009093769, 33.08686974886972, 117.51543393564074)
(269.50792641604534, 114.11118827398917, 32.77046308587809, 116.39164475329117)
(272.41861926715853, 114.89598945150848, 32.588359610214155, 115.74486344317445)
(273.59001807457423, 115.18703906730683, 32.54472581374215, 115.58988823501525)
(274.6064402974638, 115.29793964120918, 32.4827065632756, 115.3696129661168)
(275.0758318894767, 115.16037843743723, 32.39560794956223, 115.06026271741071)
(275.06355932912595, 114.97983863669594, 32.33473436909184, 114.84405655229172)
(274.52493552511606, 114.5312152631681, 32.262964643127276, 114.58915028421067)
(275.03664636377766, 114.40524743333643, 32.01493359080403, 113.70821240871776)
(277.173508957585, 114.47560885386602, 31.920407621939372, 113.37248224343983)
(279.67507265966344, 114.67415611942762, 31.903699895516866, 113.31314100821507)
(282.46235147539863, 115.7813729269345, 31.978220633187075, 113.57781811097477)
(286.4544310309709, 118.69068749826788, 32.0507326646207, 113.835360843308)
(290.9434459703948, 120.57497407948819, 32.11426772717914, 114.06101985860175)
(295.60868754601694, 121.4209110878906, 32.20166177320049, 114.37141940136725)
(300.57792277993457, 123.93964937012599, 32.00977333661519, 113.68988460935739)
(305.7194810044931, 127.02636267951567, 32.03940102812315, 113.7951139964374)
(310.9470361950562, 128.3449335033327, 32.08532824465322, 113.95823479997523)
(315.6909417293804, 129.49101067336377, 31.961286707254803, 113.5176734774912)
(317.0918032221208, 130.16418264685575, 31.916155518648967, 113.35737994554634)
(318.74620801118647, 131.75923408601705, 31.553573967861386, 112.06959029964563)
(323.99712521776877, 132.90125728316977, 31.72807012110305, 112.68935249909015)
(328.98226588304215, 133.5519575036611, 31.78549875149385, 112.89332315185747)
(335.9116482072609, 133.57762278686425, 31.78549875149385, 112.89332315185747)
(231.96113246019058, 115.3896955407705, 31.78549875149385, 112.89332315185747)
(242.38314708143255, 113.18538455003551, 32.21797402561146, 114.42935602199934)
(248.01090737020078, 110.19234362245143, 31.974050127762496, 113.56300562619094)
(251.27496544124273, 107.92333927612322, 32.090312647787954, 113.97593802490206)
(251.27635646738352, 107.91917137250387, 32.09161995097515, 113.98058120518763)
(251.2324474336357, 107.83604984999418, 32.13573684659575, 114.13727224825388)
(248.39247341858362, 108.51359832232802, 32.39197882201243, 115.04737305749245)
(244.61327648970314, 109.36788302033841, 32.95662878328905, 117.05285395444042)
(243.3568625550388, 110.6423054261955, 32.69260118386774, 116.11510075649576)
(243.33739078052463, 109.59423798966168, 32.741005182114826, 116.28701840544232)
(245.62601645457417, 105.76520276815384, 32.6046870615548, 115.80285404621189)
(249.152093532105, 99.30947256530945, 32.68504023071187, 116.08824633666632)
(254.9942203905752, 94.48203339897623, 32.4881217188496, 115.38884610487963)
(260.4521444174827, 92.30107806714668, 32.56504099901894, 115.66204216892936)
(262.64771560659324, 92.38121838765676, 32.46253387470411, 115.29796514119046)
(264.53869232622884, 93.82314774088294, 32.07926207605793, 113.93668944255057)
(269.4024382236533, 95.01956701176621, 32.03267848433407, 113.77123737539341)
(273.49428960046026, 97.20690647801044, 31.988441062751306, 113.61411825735809)
(277.3343631030049, 101.20032934928537, 32.004216909224674, 113.67014971207385)
(279.4869873467279, 109.25968256129909, 31.95263053115354, 113.48692912789018)
(281.3234525249558, 117.9163755596172, 32.07535447157271, 113.92281070937895)
(284.31672475346033, 126.11449864596975, 31.965976762610605, 113.53433126030666)
(287.8076388357055, 132.3112897569801, 31.403704262182746, 111.5372944484422)
(290.51622028768014, 135.1954827489713, 31.70968588948343, 112.62405677988946)
(294.5966554620025, 138.52045820715168, 31.834948353338767, 113.06895449634116)
(300.4319083037744, 142.3731342907106, 31.810743939326233, 112.98298709484837)
(306.30663135558655, 146.4856918227261, 31.72926658570191, 112.69360201128612)
(310.2832369776834, 151.49884757345998, 31.733819013383304, 112.7097709785683)
(312.6848736511516, 160.14319734191508, 30.568973400821815, 108.5725606994706)
(315.0722909474999, 162.53451495053056, 31.79432191359401, 112.92466058966151)
(258.8230844045311, 165.10818438412434, 31.79432191359401, 112.92466058966151)
(261.4496739708732, 168.63076365797394, 31.54230244887849, 112.02955697360294)
(264.3064010689974, 171.3234061916774, 31.718191514348803, 112.65426641303198)
(266.48439996304035, 173.72623009817994, 31.305308960637866, 111.18782148088624)
(266.49022057796304, 173.7146112466385, 31.31655591438624, 111.22776755799254)
(268.3205187269148, 173.40444989675123, 31.59309340554507, 112.20995244038424)
(270.8661602071694, 173.70480678675008, 31.437845601286007, 111.65855506663654)
(273.67394530185504, 173.3156689443364, 31.206003439258485, 110.83511566357326)
(277.7415832589319, 171.1762569017653, 31.380664048542307, 111.45546196551236)
(281.6608007554369, 169.33881525276823, 31.316948293813414, 111.22916118147525)
(286.12100223870544, 167.8319381344121, 31.318054116338892, 111.23308875803126)
(289.20290025538964, 166.06087608449675, 31.302573512658032, 111.17810592426821)
(292.74220545678673, 164.46790758964084, 31.538843480957503, 112.01727167374564)
(295.054763045963, 164.23555766189295, 31.427033966667484, 111.62015512299142)
(298.9264009419523, 164.12229198564978, 31.446087276251397, 111.68782722254808)
(301.8254936866032, 164.3361802395835, 31.277296318199664, 111.08832830257124)
(305.71609184686963, 165.3777287784314, 31.305273581651083, 111.1876958244849)
(310.8392744419448, 165.83916042049634, 31.584787297750882, 112.18045143683936)
(314.2722592192653, 166.31645182114136, 31.68305114154725, 112.5294575027368)
(318.35128351941404, 168.5736255372238, 31.136788429921733, 110.58928304420479)
(322.98519480271824, 169.82539240810414, 31.28266215237579, 111.10738626533471)
(327.0875659383094, 171.45703548421102, 30.984780232755977, 110.04939186116779)
(330.9129859760928, 172.77345959352175, 30.799150118126658, 109.39008490231194)
(335.66723403062025, 176.42142736046404, 29.684147661415533, 105.42990376295863)
(341.6259807862303, 183.09669140049303, 27.099265234179857, 96.24911445243193)
(343.0644268311521, 187.4495203799852, 27.099265234179857, 96.24911445243193)
(317.50574152841773, 198.8092921085008, 27.099265234179857, 96.24911445243193)
(322.89757883351524, 201.1748970676955, 26.46842265523483, 94.0085356375582)
(327.55650909966414, 201.86980039747925, 26.560230091686996, 94.33461032564693)
(332.50179690389217, 203.21641473442827, 26.61841546955908, 94.54126873670985)
(338.08149252776246, 203.01277358632234, 27.194314749162267, 96.58670410909359)
(333.09922324065315, 204.39103896718171, 27.194314749162267, 96.58670410909359)
(0.0, 0.0, 0.0, 0.0)
(347.6066390121375, 205.58072097401765, 27.194314749162267, 96.58670410909359)
(0.0, 0.0, 0.0, 0.0)
(0.0, 0.0, 0.0, 0.0)
(0.0, 0.0, 0.0, 0.0)
(0.0, 0.0, 0.0, 0.0)
(0.0, 0.0, 0.0, 0.0)
(0.0, 0.0, 0.0, 0.0)
(0.0, 0.0, 0.0, 0.0)
(0.0, 0.0, 0.0, 0.0)
(0.0, 0.0, 0.0, 0.0)
(0.0, 0.0, 0.0, 0.0)
(0.0, 0.0, 0.0, 0.0)
(0.0, 0.0, 0.0, 0.0)
(0.0, 0.0, 0.0, 0.0)
(0.0, 0.0, 0.0, 0.0)
(0.0, 0.0, 0.0, 0.0)
(0.0, 0.0, 0.0, 0.0)
(0.0, 0.0, 0.0, 0.0)
(0.0, 0.0, 0.0, 0.0)
(0.0, 0.0, 0.0, 0.0)
(0.0, 0.0, 0.0, 0.0)
(0.0, 0.0, 0.0, 0.0)
(0.0, 0.0, 0.0, 0.0)
(0.0, 0.0, 0.0, 0.0)
(0.0, 0.0, 0.0, 0.0)
(0.0, 0.0, 0.0, 0.0)
(0.0, 0.0, 0.0, 0.0)
(0.0, 0.0, 0.0, 0.0)
(0.0, 0.0, 0.0, 0.0)
(0.0, 0.0, 0.0, 0.0)
(0.0, 0.0, 0.0, 0.0)
(0.0, 0.0, 0.0, 0.0)
(0.0, 0.0, 0.0, 0.0)
(0.0, 0.0, 0.0, 0.0)
(0.0, 0.0, 0.0, 0.0)
(0.0, 0.0, 0.0, 0.0)
(0.0, 0.0, 0.0, 0.0)
(0.0, 0.0, 0.0, 0.0)
(0.0, 0.0, 0.0, 0.0)
(0.0, 0.0, 0.0, 0.0)
(0.0, 0.0, 0.0, 0.0)
(0.0, 0.0, 0.0, 0.0)
(0.0, 0.0, 0.0, 0.0)
(0.0, 0.0, 0.0, 0.0)
(0.0, 0.0, 0.0, 0.0)
(0.0, 0.0, 0.0, 0.0)
(0.0, 0.0, 0.0, 0.0)
(0.0, 0.0, 0.0, 0.0)
(0.0, 0.0, 0.0, 0.0)
(0.0, 0.0, 0.0, 0.0)
(0.0, 0.0, 0.0, 0.0)
(0.0, 0.0, 0.0, 0.0)
(0.0, 0.0, 0.0, 0.0)
(0.0, 0.0, 0.0, 0.0)
(0.0, 0.0, 0.0, 0.0)
(0.0, 0.0, 0.0, 0.0)
(0.0, 0.0, 0.0, 0.0)
(0.0, 0.0, 0.0, 0.0)
(0.0, 0.0, 0.0, 0.0)
(0.0, 0.0, 0.0, 0.0)
(0.0, 0.0, 0.0, 0.0)
(0.0, 0.0, 0.0, 0.0)
(0.0, 0.0, 0.0, 0.0)
(0.0, 0.0, 0.0, 0.0)
(0.0, 0.0, 0.0, 0.0)
(0.0, 0.0, 0.0, 0.0)
(0.0, 0.0, 0.0, 0.0)
(0.0, 0.0, 0.0, 0.0)
(0.0, 0.0, 0.0, 0.0)
(0.0, 0.0, 0.0, 0.0)
(0.0, 0.0, 0.0, 0.0)
(0.0, 0.0, 0.0, 0.0)
(0.0, 0.0, 0.0, 0.0)
(0.0, 0.0, 0.0, 0.0)
(0.0, 0.0, 0.0, 0.0)
(0.0, 0.0, 0.0, 0.0)
(0.0, 0.0, 0.0, 0.0)
(0.0, 0.0, 0.0, 0.0)
(0.0, 0.0, 0.0, 0.0)
(0.0, 0.0, 0.0, 0.0)
(0.0, 0.0, 0.0, 0.0)
(0.0, 0.0, 0.0, 0.0)
(0.0, 0.0, 0.0, 0.0)
(0.0, 0.0, 0.0, 0.0)
(0.0, 0.0, 0.0, 0.0)
(0.0, 0.0, 0.0, 0.0)
(0.0, 0.0, 0.0, 0.0)
(0.0, 0.0, 0.0, 0.0)
(0.0, 0.0, 0.0, 0.0)
(0.0, 0.0, 0.0, 0.0)
(0.0, 0.0, 0.0, 0.0)
(0.0, 0.0, 0.0, 0.0)
(0.0, 0.0, 0.0, 0.0)
(0.0, 0.0, 0.0, 0.0)
(0.0, 0.0, 0.0, 0.0)
(0.0, 0.0, 0.0, 0.0)
(0.0, 0.0, 0.0, 0.0)
(0.0, 0.0, 0.0, 0.0)
(0.0, 0.0, 0.0, 0.0)
(0.0, 0.0, 0.0, 0.0)
(0.0, 0.0, 0.0, 0.0)
(0.0, 0.0, 0.0, 0.0)
(0.0, 0.0, 0.0, 0.0)
(0.0, 0.0, 0.0, 0.0)
(0.0, 0.0, 0.0, 0.0)
(0.0, 0.0, 0.0, 0.0)
(0.0, 0.0, 0.0, 0.0)
(0.0, 0.0, 0.0, 0.0)
(0.0, 0.0, 0.0, 0.0)
(0.0, 0.0, 0.0, 0.0)
(0.0, 0.0, 0.0, 0.0)
(0.0, 0.0, 0.0, 0.0)
(0.0, 0.0, 0.0, 0.0)
(0.0, 0.0, 0.0, 0.0)
(0.0, 0.0, 0.0, 0.0)
(0.0, 0.0, 0.0, 0.0)
(0.0, 0.0, 0.0, 0.0)
(0.0, 0.0, 0.0, 0.0)
(0.0, 0.0, 0.0, 0.0)
(0.0, 0.0, 0.0, 0.0)
(0.0, 0.0, 0.0, 0.0)
(0.0, 0.0, 0.0, 0.0)
(195.63291464690315, 102.08836562733796, 27.194314749162267, 96.58670410909359)
(198.22580802022276, 101.3162033368196, 26.881132372640224, 95.47436670282565)
(200.50998519365015, 100.77187709627324, 26.59137299648853, 94.44522133235584)
(202.644376733173, 101.04683473746417, 26.26868061568499, 93.29910701432946)
(204.66684721661352, 101.33753541952362, 25.82991030310085, 91.74071590411684)
(207.08900814497542, 102.5629177710587, 25.225700751064554, 89.59473025378104)
(208.65167982813838, 103.07119929311772, 25.00320467477768, 88.80448556903801)
(209.1614005591111, 103.64313538403572, 24.702330107363565, 87.73586210546372)
(209.17122365276106, 104.95628884185668, 24.134511922993283, 85.71912855407962)
(208.25682449814892, 106.03488713336895, 23.697471609170684, 84.16688192222693)
(206.7696233117609, 106.37723472123545, 23.659209187024832, 84.03098435391581)
(205.98898395601438, 107.45778690825401, 23.467161482502245, 83.3488838861287)
(205.3002257852821, 108.55593253700954, 23.392132657951194, 83.08240219893014)
(204.68772804334196, 108.86796942874878, 23.207795866440875, 82.42768876701417)
(205.05541699373836, 109.78532645625117, 22.857839718577726, 81.18474106943125)
(204.84871757448963, 110.30428730461449, 22.59469436762208, 80.25012137465775)
(204.48379141008203, 110.15225674684075, 22.715156437648226, 80.67796941647475)
(203.98482735464353, 110.45655217029142, 22.73038801532209, 80.73206777855779)
(202.97380357126366, 110.82780149113789, 22.53064908305842, 80.02265019155234)
(201.3215325311384, 111.50574254737134, 22.12745800901206, 78.59062672166355)
(198.64534795311954, 112.33289911516484, 21.752776383799766, 77.25986094935783)
(196.07391409127288, 112.12587079816286, 21.637190738352455, 76.84933262242427)
(194.47956319561592, 111.35520504631981, 21.65047749060388, 76.89652350111037)
(193.11561398855503, 110.48280780158565, 21.72966374652253, 77.17777123764901)
(191.10508918004754, 109.91015036951055, 21.600032821545327, 76.71735795238516)
(189.85240128282166, 109.82767826396747, 21.0972604226377, 74.93164908729945)
(189.28352867629337, 109.48699216589867, 20.719350118116143, 73.58941593675736)
(188.67615093798057, 109.73366308318288, 20.33690710841363, 72.23108386781395)
(187.2023664210347, 108.82981763863422, 20.250540595430405, 71.92433383894249)
(185.49597815996833, 106.94773890698886, 20.353289041391243, 72.2892679745965)
(184.7215330172853, 105.26585608938503, 20.003558721288535, 71.04712235492136)
(184.3873022093491, 103.58665714762014, 19.867241284426612, 70.56296042399798)
(183.5883228280328, 101.97783356258543, 19.722493748231052, 70.04885710578615)
(182.28502502665646, 101.99232086451951, 19.367205806061868, 68.78697234566802)
(179.23550752449552, 101.31930806438085, 19.537682460774352, 69.39245839516408)
(176.70677341964435, 100.4152904860247, 19.373532018132973, 68.80944130578264)
(175.93730223630996, 98.04932130166846, 19.62011598636422, 69.68523953777637)
(176.41919197965777, 95.214816812777, 19.558771802402987, 69.46736191887958)
(176.33044347280978, 92.22944847565176, 19.420900163755213, 68.97767989195818)
(175.7238848658751, 90.20891934767619, 19.431319623718288, 69.01468693941324)
(175.76567550805942, 89.20960758598983, 19.33672149364657, 68.67870047743439)
(175.87772830277893, 88.83543454465956, 19.294699034090367, 68.52944829349339)
(174.75724559031343, 88.59583887123858, 19.32835855081821, 68.64899761152675)
(172.5856587873928, 88.42196122895858, 19.274727347089197, 68.45851437069612)
(170.90057033143378, 87.96891011510795, 19.14835274533533, 68.0096666472255)
(169.20319147148518, 87.26688250645705, 19.195469474021564, 68.17701226980076)
(167.11456645165987, 86.5368868747721, 19.29608987500033, 68.53438817672534)
(165.2088348324406, 85.40177118057773, 19.342019666173268, 68.69751812468441)
(164.1933202472796, 84.39633738011298, 19.486238533760893, 69.20974375784046)
(163.49219234495496, 82.49368704668481, 20.030919875519515, 71.14430162684522)
(162.92800589838043, 82.04651988551464, 20.177664350699843, 71.6654975214512)
(162.3620661368217, 81.92785459494954, 20.158252980262592, 71.5965536885189)
(161.63608179100854, 82.5052733029706, 20.221030998060808, 71.81952388966428)
(160.9531474711877, 83.51708218025554, 20.347351908210346, 72.26818091536782)
(159.95879158417407, 85.32113061935175, 20.34956771055787, 72.27605083405041)
(158.52603015482504, 87.08814158437892, 20.506411370037227, 72.83311624530468)
(156.7446570168975, 88.44740545481626, 20.58490471620479, 73.11190295755497)
(154.65737858706956, 89.4894462835201, 20.64183157097783, 73.31409144174887)
(153.63141948492435, 89.69566758701347, 20.924554218627648, 74.3182442937465)
(153.16114894666876, 88.15957636813236, 21.285932697482572, 75.60176096002434)
(152.90715361940235, 86.50497837404416, 21.778176281702898, 77.35007437984136)
(152.1088727912277, 85.21204178189416, 22.19497414410688, 78.83042540837964)
(151.1739155892191, 84.315842543857, 22.65079553054596, 80.44937722918051)
(150.53335147651677, 82.79989974112463, 23.517983326263128, 83.52938905534839)
(150.36959030412655, 82.25247925206577, 23.839753107567017, 84.6722265544622)
(150.00313199948474, 82.00378373138354, 24.204093667045928, 85.96626371399074)
(149.36396377420746, 81.99003400098405, 24.3886190824442, 86.62164708592253)
(148.23792427808198, 81.2846734226116, 24.771282791492066, 87.98076301805806)
(147.14809846035234, 80.93328694934652, 25.12459470527164, 89.23562947044758)
(146.3508567758884, 79.97648105776906, 25.491355906230833, 90.53826408075092)
(146.03481015079615, 79.83256412815814, 25.3759973741887, 90.12854239798058)
(145.53745069237738, 79.12209660144259, 25.728748517588755, 91.38141714867733)
(145.67119233249235, 79.54715444753151, 25.591148049858802, 90.89269824605026)
(145.9834485132011, 80.48404300105598, 25.257880195277252, 89.70902276253648)
(147.52842899665578, 80.91627141526769, 25.13555533676635, 89.2745586098943)
(149.84566699373096, 81.55650466730549, 25.29188134456909, 89.8297854651937)
(152.24221195470852, 83.24096025894158, 25.62046500659835, 90.99682398895278)
(154.84057660253285, 84.7310451149938, 26.400771233410644, 93.76825644969989)
(157.9385739942057, 87.26885338317878, 26.4939610203774, 94.09924086547838)
(161.0686450688633, 91.01484824503004, 26.9237297597341, 95.62566087077975)
(164.75182392012255, 94.13018882499082, 27.222197496668734, 96.68573593644415)
(169.47601603502702, 95.84944231639382, 27.418252964125433, 97.38207087258345)
(174.92457293045678, 97.31706597782193, 27.53478053068776, 97.79594464347724)
(183.29070938937673, 96.73027898635692, 27.94090482964473, 99.23838611908302)
(195.75467506008044, 96.30435292629699, 28.07724350776859, 99.72262349310914)
(205.70108617374598, 95.8797752110502, 28.258151749187515, 100.3651596609074)
(209.5758335330295, 95.40492281227104, 28.62541728452668, 101.66958552780167)
(212.5651162849229, 95.54581975866789, 28.539216282693, 101.36342334887516)
(215.63098771366595, 95.67158735219508, 28.744845251378848, 102.09376072041455)
(217.32270808056785, 95.81207468341402, 29.06526193945003, 103.23179240563289)
(217.5350335244168, 96.02518835490639, 29.15449654979899, 103.54872912514816)
(217.05546743233455, 96.48455334656023, 29.551632274002518, 104.95924566283655)
(216.4394466672239, 97.0034688271721, 29.729505103051938, 105.59100088325346)
(216.5926765560805, 98.30061539236542, 29.4160415411591, 104.47766478411683)
(216.25619015327246, 98.81726314788912, 29.71816473740015, 105.55072303283504)
(216.30300433370854, 99.53969680651161, 29.82990441852019, 105.94759155543379)
(217.87509988633536, 99.83031411192835, 30.153578303500947, 107.09719190553785)
(219.10826810731322, 100.4248657195684, 30.351914713107675, 107.80162811896865)
(220.10807359245717, 101.04545118576257, 30.413094758444785, 108.01892276275218)
(222.4093093328527, 101.10334035049841, 30.862045396794386, 109.61347158171802)
(225.77834323954656, 100.96789209422874, 31.154251020906646, 110.65130535011673)
(229.2073393309421, 101.06042394200855, 31.256021411357775, 111.01276570240867)
(231.9058194754667, 101.25975700633703, 31.61214339769921, 112.2776127573455)
(234.8256802663413, 101.80735583564491, 31.880331972199983, 113.2301445909172)
(237.86590182076526, 102.40787224486513, 32.013328804758316, 113.70251265138302)
(239.80527924044193, 103.24902244887032, 32.04460814509247, 113.81360823946639)
(241.12194121243968, 102.50941746033811, 32.381743185471954, 115.01101890012455)
(244.7575800541124, 100.5518031636787, 32.35726115642345, 114.92406548660746)
(248.33723077492732, 98.35941400186545, 32.52858715619981, 115.53256817546834)
(250.24717152321134, 98.6192158368099, 32.417339082483366, 115.13744570675131)
(253.66386101485637, 99.61976593721184, 32.41071180817766, 115.11390745663103)
(259.4133339329992, 99.5543925955954, 32.768791118376406, 116.38570638595762)
(269.9831683754269, 99.75348822924087, 33.18203971398973, 117.85345139796358)
(276.88527485569233, 101.19053803179185, 33.39714438041202, 118.61744383387723)
(280.96586509477885, 104.16317211792922, 33.38470657802019, 118.57326819089937)
(285.95313401549777, 107.86350953015864, 33.47614774048863, 118.89804197483897)
(289.99516133917194, 111.84866610979265, 33.45230427478092, 118.81335656215298)
(292.63985082033156, 116.23646880904076, 33.63771779293035, 119.47189423006303)
(295.64552419443964, 119.77122725467062, 33.83324970682362, 120.1663696483736)
(298.97467430677654, 123.9254437429485, 33.77419264621228, 119.95661526068503)
(301.708510885659, 127.99367449449373, 33.74347017204118, 119.84749750759457)
(304.1960052148513, 131.39704380394872, 33.86400153318773, 120.27559165235647)
(307.24560534895295, 133.26502329930048, 33.94906640170325, 120.57771859915296)
(309.1139553464721, 134.871813302612, 34.04232246135247, 120.90893839721743)
(310.0930609367272, 136.31146762694488, 34.2595263199047, 121.68038658448914)
(311.1187546989006, 138.2269266949659, 33.87455114907355, 120.313060977744)
(312.7816805343675, 139.58241190234617, 33.941338638296, 120.5502717153272)
(313.3338533211989, 140.74448400541323, 33.89244350408637, 120.37660968692747)
(313.4445079425407, 141.7807211092206, 33.712302474293374, 119.73679844317991)
(314.90657569054093, 141.4331092723429, 33.54317186110543, 119.13609316185719)
(318.58668579704346, 139.35997004578155, 33.41525145278787, 118.68175515990174)
(321.0296168573631, 136.3513221464529, 33.51614470324228, 119.040100152895)
(323.1568063472957, 132.37723894314837, 33.50212216868963, 118.99029597844935)
(326.5661332526307, 128.22366725578297, 33.720272557238296, 119.76510597915669)
(330.5204998381732, 125.34213121171408, 33.62831184709096, 119.43848690518513)
(335.62133571101725, 122.12834248362321, 32.99829537484025, 117.2008421933981)
(335.53899928523606, 123.30888447581071, 32.99829537484025, 117.2008421933981)
(340.6149776356457, 117.55702483391958, 34.58776323456793, 122.84619355725849)
(0.0, 0.0, 0.0, 0.0)
(0.0, 0.0, 0.0, 0.0)
(0.0, 0.0, 0.0, 0.0)
(291.6535823719738, 18.24382674431996, 34.58776323456793, 122.84619355725849)
(294.14850223995177, 20.08960277064925, 34.62343619392445, 122.97289406807647)
(295.1055023697596, 23.527308728643362, 34.68471669602751, 123.19054550658043)
(294.80544574924465, 28.486432747738405, 34.695962749557424, 123.2304883863591)
(293.49349884524634, 34.47433253488115, 34.86197081536653, 123.82010324078455)
(291.9578632602912, 39.4380710167851, 34.8091575126204, 123.63252495861727)
(290.03593371000665, 43.347615217936216, 34.867921398345835, 123.84123806998691)
(287.93211346853747, 47.71531508464419, 34.90689122698737, 123.9796481510241)
(286.1389954727464, 52.272658697771405, 34.71584450372573, 123.3011028925431)
(285.13105513984436, 56.19980737274136, 34.6705984605454, 123.14040142883366)
(285.183495257132, 59.06130673778415, 34.51338057948577, 122.5820068857598)
(286.2093401556241, 60.99409450305572, 34.2400721301579, 121.6112906691815)
(288.7389460408895, 62.06386999026671, 34.19202979322075, 121.44065754143921)
(292.1062888235957, 62.97098247520035, 34.11951463796458, 121.18310371415005)
(296.20898648670874, 62.90624250450074, 34.12212712423858, 121.19238254470943)
(300.7945878148485, 61.89565225771861, 34.13506753436529, 121.23834331171119)
(305.85053892532125, 61.10840720236709, 34.0071741024823, 120.78410112260954)
(309.85776803176014, 59.80671619816872, 34.13096051851072, 121.22375632436565)
(312.2579389662908, 58.52384484324932, 34.236197262730734, 121.59752820900914)
(315.9605855729426, 56.357775678522835, 34.04342846348957, 120.9128666117043)
(320.9910991719607, 54.0435874198982, 33.82068861896907, 120.12175612944185)
(324.4784593385788, 51.86990543494385, 34.05309108846722, 120.9471855900732)
(327.42172463148364, 51.236203677072766, 34.102473588595025, 121.1225786077685)
(330.720223680762, 49.53316479474807, 34.197980372850836, 121.46179235874602)
(333.672562651012, 47.77081879575701, 34.065854922585146, 120.99251920780236)
(335.75221249038793, 46.88220268529299, 33.809265204770746, 120.08118331349603)
(338.52528250144906, 45.82352678682633, 33.904604674836094, 120.41980281062466)
(342.2006742556935, 46.17054602060112, 33.19978674251896, 117.91648394756726)
(0.0, 0.0, 0.0, 0.0)
(336.0504667361622, 31.49407049569878, 33.19978674251896, 117.91648394756726)
(336.8449580874577, 31.657215035075794, 33.79799886414669, 120.04116837955542)
(337.0652353044387, 30.331236740062785, 34.524589205575346, 122.6218168335951)
(336.8017878940991, 29.83002126341315, 34.896820940317035, 123.94388127078109)
(337.0224446034973, 29.941516543203264, 34.886141066442505, 123.90594930495087)
(337.98400990156614, 31.200506478477756, 34.52850119296117, 122.63571113362063)
(337.98199746491224, 31.065415622385807, 34.59780316587828, 122.88185262363656)
(337.627245730617, 32.32636157004418, 34.28472362665625, 121.76988046708935)
(337.60864824846686, 32.29299138877513, 34.32307825892531, 121.90610554032081)
(337.605565867961, 32.2900965809992, 34.326435402749524, 121.9180291890758)
(337.76980876849785, 33.28417669234998, 34.049188615347695, 120.93332508209689)
(338.36788094320576, 32.68907133214289, 34.44728254718192, 122.34724490895638)
(339.8987108013592, 33.31825668914923, 34.35101589728128, 122.00533232482651)
(341.74228231043156, 32.52652411106226, 34.62554280101157, 122.98037615531686)
(342.74109212488474, 31.309513613015383, 34.62554280101157, 122.98037615531686)
(0.0, 0.0, 0.0, 0.0)
(0.0, 0.0, 0.0, 0.0)
(321.2624239119941, 40.963947817116946, 34.62554280101157, 122.98037615531686)
(323.26085995565916, 40.713381252720765, 34.3002405379002, 121.82499225530063)
(325.963225767522, 40.06895330059911, 34.52331653136206, 122.61729664587206)
(328.95232231877947, 40.542099122569354, 34.48610243275337, 122.4851224335722)
(332.4469737901394, 40.63836922691087, 34.49570085722099, 122.51921338943995)
(336.40873179711485, 40.01878654045356, 34.75791482373886, 123.4505250636241)
(341.44802877683446, 41.107848757313285, 34.84280353031518, 123.75202633180895)
(0.0, 0.0, 0.0, 0.0)
(266.88037130613134, 38.35995447020392, 34.84280353031518, 123.75202633180895)
(267.81510970897654, 44.08989805203779, 35.07775787696854, 124.5865193561295)
(270.86132763161066, 49.1386313837092, 34.99795630904408, 124.30308620108745)
(273.5998354184587, 52.336466935448115, 35.06351275683233, 124.535924619094)
(275.12258454135997, 57.60257169882157, 34.80960997001425, 123.63413196246428)
(276.9216933490003, 60.09267514615258, 34.816372823483576, 123.65815175237258)
(279.61781989252415, 60.65229147869068, 35.09202745127955, 124.63720094764794)
(281.7610054179195, 62.56358270846877, 34.885490384864, 123.90363826348238)
(283.4235888851602, 64.52213311363492, 34.747243616398165, 123.41262387893133)
(284.4720937132368, 66.58665236629186, 34.70565388211987, 123.26490861580496)
(286.5329694168118, 68.72301630276341, 34.653543588251175, 123.07982722723685)
(288.60470520964265, 70.9055124842004, 34.752015361964524, 123.42957180283943)
(288.9912385543543, 73.67862743220451, 34.764471133478665, 123.47381126718277)
(288.0852867805566, 77.22375876770462, 34.79024186857403, 123.56534180907319)
(288.0126671560306, 81.02506298879464, 34.71532730903237, 123.29926595966658)
(288.0882864226155, 84.00263271528132, 34.47680850242495, 122.45211295688853)
(287.8798495880566, 87.13134429042273, 34.38113944693346, 122.11232286324633)
(287.83593999221586, 89.62632630340372, 34.56112172455248, 122.7515702630656)
(288.7989862374353, 91.49606542486073, 34.57851067942605, 122.81333103382346)
(289.6345300441738, 94.61958663173448, 34.51780514602718, 122.5977217255447)
(290.5430532585226, 97.41306453578879, 34.52137639311083, 122.61040581001421)
(292.0829584037769, 99.12261586989979, 34.50345575103975, 122.54675663300316)
(293.5118373536605, 100.48917676958735, 34.50263144502258, 122.54382892542492)
(295.58412995667754, 102.58598634475469, 34.44270200070713, 122.33097607147695)
(297.75538740493306, 103.80744788275321, 34.34573153778988, 121.98656373766741)
(299.63191128637015, 104.84884419700197, 34.341951353040734, 121.97313756424802)
(301.28517850328586, 106.37387050197691, 34.19368107936552, 121.44652245429812)
(303.6691156068863, 107.24772730730231, 34.235499254977185, 121.59504907802231)
(305.52136014154274, 108.07167554306758, 34.251530205195536, 121.65198659086678)
(306.94138065998783, 108.27804375331272, 34.15599600424288, 121.31267546334529)
(309.1356427479456, 108.3675094537803, 33.980667629108524, 120.68995744131635)
(311.2583803453769, 107.49840003672985, 33.93023027604288, 120.51081787697976)
(312.73995047801003, 107.4999433116349, 33.78508317483914, 119.99529541408371)
(314.5034871376164, 107.24334718335183, 33.8350972579701, 120.17293164037643)
(316.6464726268414, 105.92089308244735, 33.96123565452007, 120.62094042812286)
(318.594949326736, 104.82368328748441, 33.845318631684044, 120.20923514011906)
(320.54264738293574, 103.7976917821806, 33.887544589597084, 120.35921009408607)
(323.53910036814347, 101.3654378656037, 34.28880365824408, 121.78437161376331)
(328.4621919040647, 98.76790098695618, 34.40929539108913, 122.21232500973022)
(333.59408685754045, 98.39377224808554, 33.33810191968445, 118.40774130094806)
(335.8993855697544, 95.95655022616748, 33.89269614564733, 120.3775070000576)
(337.84108065013146, 93.66953762089355, 34.297239334502464, 121.81433280875)
(340.316868449146, 94.30193134985234, 33.40883512319216, 118.65896612719962)
(342.19932487095167, 95.16408313277549, 33.26242203544023, 118.13894722932207)
(343.7697210656046, 95.45073195875152, 33.055406501603116, 117.4036851608661)
(345.0601568566202, 96.07508346021638, 33.055406501603116, 117.4036851608661)
(346.65360168083896, 97.2648112434195, 33.055406501603116, 117.4036851608661)
(0.0, 0.0, 0.0, 0.0)
(0.0, 0.0, 0.0, 0.0)
(0.0, 0.0, 0.0, 0.0)
(0.0, 0.0, 0.0, 0.0)
(0.0, 0.0, 0.0, 0.0)
(0.0, 0.0, 0.0, 0.0)
(0.0, 0.0, 0.0, 0.0)
(323.8710699425577, 130.9545085090445, 33.055406501603116, 117.4036851608661)
(325.9457103713824, 131.51087627520818, 32.81976089786, 116.56673698205434)
(328.08333327808043, 131.20505396632, 32.9848227016514, 117.1529909748307)
(329.6654745177055, 131.3892656724668, 32.91386297630752, 116.90096160550588)
(329.690616797178, 131.48361477253152, 32.86357841736254, 116.72236472373578)
(329.6738046880002, 131.4611163542529, 32.86485400290566, 116.72689525169929)
(329.57357620511334, 132.41014062992838, 32.828708185476216, 116.5985152794499)
(328.5612123551893, 133.39899668447475, 32.8596004361056, 116.70823603168529)
(327.6465629554396, 133.19929218124543, 32.86120148169869, 116.7139225039642)
(327.72467895224, 133.48595864438985, 32.7006970271603, 116.14385495853475)
(327.24003652973045, 133.70572142938008, 33.03893939171071, 117.3451985291793)
(326.9789390452686, 133.96965989731643, 33.2012100442282, 117.92153912260346)
(326.17769942106077, 134.98625455587478, 33.123513511393924, 117.64558247150242)
(326.08713077637384, 135.0096567028839, 33.10878898436149, 117.5932850134217)
(326.07426210129154, 135.03793137924507, 33.09033688140104, 117.5277482339415)
(326.1693753820965, 135.40870360498465, 32.886652067837964, 116.80431596507954)
(326.17499306363175, 135.42464983871577, 32.87810225164259, 116.77394937652355)
(326.1943773231252, 135.44737821727836, 32.86881371312441, 116.74095905006244)
(326.20004444910893, 135.46521799323335, 32.85775411936, 116.70167842393367)
(326.37215035402346, 135.37641271232496, 32.90843977046846, 116.88169987442234)
(326.36898073607995, 135.34153607679366, 32.9279931176836, 116.95114796970368)
(326.68614848650407, 135.60529833973243, 32.85792763636668, 116.70229470847462)
(326.97301850321435, 136.50986423337025, 32.493873882242944, 115.40927620244894)
(327.02102927122485, 136.51443433030602, 32.49978105715943, 115.4302568581868)
(327.10450847405434, 136.59324202051118, 32.465787739391054, 115.3095219709405)
(328.13035955533013, 137.76196222674497, 32.14327258855827, 114.16403712487923)
(330.1609549967551, 139.9014381312598, 31.309101969380233, 111.20129320159172)
(332.41655121705617, 141.49118751409242, 30.56853941159054, 108.57101928944213)
(332.9544886442203, 143.1977404927883, 31.33217261390293, 111.28323376662063)
(336.0567492565451, 148.8323216460792, 31.601345236909484, 112.23926066902321)
(0.0, 0.0, 0.0, 0.0)
(0.0, 0.0, 0.0, 0.0)
(0.0, 0.0, 0.0, 0.0)
(0.0, 0.0, 0.0, 0.0)
(0.0, 0.0, 0.0, 0.0)
(0.0, 0.0, 0.0, 0.0)
(0.0, 0.0, 0.0, 0.0)
(0.0, 0.0, 0.0, 0.0)
(0.0, 0.0, 0.0, 0.0)
(0.0, 0.0, 0.0, 0.0)
(0.0, 0.0, 0.0, 0.0)
(0.0, 0.0, 0.0, 0.0)
(297.75151244013887, 151.87576341854015, 31.601345236909484, 112.23926066902321)
(299.1758249830428, 147.32050419886946, 31.72913006321108, 112.69311712105991)
(300.4666735086814, 145.73436941038483, 31.49643203537126, 111.86663791873227)
(301.27905726187305, 143.59785234467316, 31.589132790706785, 112.19588542906189)
(301.8303679926146, 141.39398971646636, 31.663940528442463, 112.46158187688171)
(303.6101854100903, 140.1194382038384, 31.720821806772268, 112.66360848612206)
(304.99466544422785, 140.79092500039536, 31.89070451193467, 113.26698499066437)
(307.2206555504096, 140.3505954014326, 32.66900994410241, 116.0313111807774)
(308.3611415233111, 140.7777323359985, 34.22412808618999, 121.55466182336431)
(315.1733098643364, 141.30595648284037, 36.74182021273323, 130.49680972108683)
(328.70621434304513, 144.3306481371329, 38.92295949750321, 138.24361476699397)
(234.0431589231232, 82.67683954338293, 38.92295949750321, 138.24361476699397)
(243.40434266229968, 73.05244009020494, 43.93611142832985, 156.0489474868265)
(261.7888657962571, 58.08713522750476, 50.06574680104005, 177.81972139679718)
(0.0, 0.0, 0.0, 0.0)
(0.0, 0.0, 0.0, 0.0)
(0.0, 0.0, 0.0, 0.0)
(157.32135175817115, -7.991859523471817, 50.06574680104005, 177.81972139679718)
(183.95309307232785, -6.847575953740687, 49.75320716589071, 176.7096668305771)
(175.70177258499717, -5.844278707869762, 50.28548070891146, 178.60015562130596)
(170.33462765505493, -3.619248081509923, 51.39434332270219, 182.5385297323558)
(187.9978105914897, 0.8911911732431577, 51.47788955920766, 182.8352629171856)
(204.03385427092385, 0.794393010856993, 51.47306294252683, 182.81812010621573)
(204.51931008820566, 1.8494037033019595, 52.03813153257261, 184.82508785706798)
(202.06099709145803, 5.022762491812088, 52.72169478192724, 187.2529159496034)
(200.38150842593345, 8.453916111021442, 52.49735912469516, 186.4561375808136)
(195.73530420438055, 17.310441055479387, 51.37179881780094, 182.45845787012036)
(199.85804769966876, 33.88729385333227, 50.96058611921669, 180.9979438027349)
(208.7357259972315, 40.25415819092949, 50.28695559830996, 178.6053940215834)
(209.4167735018702, 47.29042218386634, 50.08980809879819, 177.9051804888347)
(203.8357379823234, 61.843216745671256, 49.97325364961056, 177.49121123827175)
(192.77985744945633, 77.36652916569228, 49.966347112805636, 177.4666811247922)
(180.03534798955525, 89.75091715549942, 49.708600895889056, 176.55123766470916)
(173.05179102511536, 95.35181782403552, 49.67748484430005, 176.44072203320337)
(168.75107982279934, 97.33805694106552, 48.69300026651025, 172.9441043948465)
(165.3098325365505, 98.76549931460949, 48.17916305189857, 171.11909635674294)
(160.98598074110274, 100.1547883916076, 47.5990224045128, 169.05859681602797)
(157.53510985870787, 98.71027974707799, 47.28741578063066, 167.95185604844656)
(160.18603869686947, 96.08952855730763, 46.691216063291854, 165.83431912134665)
(164.6769855820779, 93.65217566892876, 46.39431985146879, 164.7798256793544)
(166.34641772790079, 89.15468401716537, 46.00537621411984, 163.39840517428743)
(171.0541671743973, 86.1390579520684, 45.83032531917369, 162.77667268534074)
(178.14984309000047, 85.49050381752154, 45.77746225749861, 162.58891767318445)
(182.57338194265986, 86.81619996111641, 45.7704266664376, 162.56392919458847)
(182.8080199788965, 86.41559547593151, 46.508288655487796, 165.18461143155983)
(182.51885057124224, 88.17650043319473, 46.81291531259322, 166.2665612826584)
(183.1547376380657, 94.08624020536969, 46.94700970921967, 166.74282758791784)
(177.43968640673486, 99.10322584624967, 47.264426014654816, 167.87020274170476)
(174.74423783150712, 101.32945184465278, 47.30504240339157, 168.01446094997667)
(175.7651182992287, 104.4767665083796, 47.24947226384682, 167.8170911440074)
(171.3394193240724, 108.20031059486648, 46.808847509081296, 166.25211356673677)
