(207, 117, 29, 103)
(210.23999999999998, 120.96, 28.799999999999997, 102.24)
(210.23999999999998, 120.96, 28.799999999999997, 102.24)
(210.12808379929393, 119.07570636810874, 28.95422180570897, 102.78748741026685)
(209.57726712344083, 117.28365021692589, 29.127296807805823, 103.40190366771068)
(208.49625316625585, 115.54246027585283, 29.58900733936327, 105.04097605473962)
(208.18042057270728, 115.29667876309136, 29.3162535811479, 104.07270021307505)
(204.48, 120.96, 28.799999999999997, 102.24)
(204.48, 110.88, 28.799999999999997, 102.24)
(204.48, 110.88, 28.799999999999997, 102.24)
(205.8785826545893, 109.82990647310845, 28.82394064785263, 102.32498929987685)
(213.12, 110.88, 28.799999999999997, 102.24)
(218.17321773416873, 110.88133750708022, 28.888022539475045, 102.55248001513642)
(216.0, 109.2, 24.0, 85.2)
(215.3398857531264, 109.9870860617823, 23.856361306247212, 84.6900826371776)
(214.27199999999996, 120.95999999999998, 34.559999999999995, 122.68799999999999)
(214.27199999999996, 120.95999999999998, 34.559999999999995, 122.68799999999999)
(216.0, 105.0, 20.0, 71.0)
(214.0, 105.0, 20.0, 71.0)
(214.0, 119.0, 20.0, 71.0)
(214.58846915978694, 117.34161907559326, 20.376497959722993, 72.33656775701662)
(213.6, 100.8, 24.0, 85.2)
(216.0, 98.0, 20.0, 71.0)
(213.6, 100.8, 24.0, 85.2)
(214.56767996852614, 100.59468580904422, 23.988574999471133, 85.15944124812252)
(216.0, 100.8, 24.0, 85.2)
(216.0, 100.8, 24.0, 85.2)
(215.73335636023128, 100.1363763520144, 23.971061937740572, 85.09726987897903)
(220.0, 98.0, 20.0, 71.0)
(220.0, 98.0, 20.0, 71.0)
(218.4, 92.39999999999999, 24.0, 85.2)
(220.79999999999998, 92.39999999999999, 24.0, 85.2)
(223.2, 92.39999999999999, 24.0, 85.2)
(223.90733350821648, 91.72048677399277, 24.78500949723888, 87.98678371519804)
(224.44999708991844, 90.97736088503086, 25.212713339694318, 89.50513235591484)
(213.12, 90.72, 28.799999999999997, 102.24)
(213.29844674786426, 91.49310730806752, 28.586859556029307, 101.48335142390404)
(213.93160578949602, 92.19610907627035, 28.054672332140825, 99.59408677909992)
(213.12, 90.72, 28.799999999999997, 102.24)
(225.6, 92.39999999999999, 24.0, 85.2)
(223.2, 92.39999999999999, 24.0, 85.2)
(222.7142412221478, 94.78037201245283, 24.239278786173145, 86.04943969091467)
(218.88, 110.88, 28.799999999999997, 102.24)
(220.79999999999998, 100.8, 24.0, 85.2)
(216.0, 109.2, 24.0, 85.2)
(218.88, 110.88, 28.799999999999997, 102.24)
(221.76, 110.88, 28.799999999999997, 102.24)
(223.2, 117.6, 24.0, 85.2)
(220.79999999999998, 109.2, 24.0, 85.2)
(223.2, 109.2, 24.0, 85.2)
(220.79999999999998, 109.2, 24.0, 85.2)
(216.56570514384543, 108.0887961683662, 24.129844595121604, 85.6609483126817)
(212.06898238278157, 105.79249961097429, 24.67202668951493, 87.58569474777799)
(207.46175385921555, 103.5704557534379, 24.79087216438139, 88.00759618355393)
(199.2, 100.8, 24.0, 85.2)
(192.95999999999998, 100.8, 28.799999999999997, 102.24)
(193.53599999999997, 108.86399999999999, 34.559999999999995, 122.68799999999999)
(200.44799999999998, 108.86399999999999, 34.559999999999995, 122.68799999999999)
(201.85974928670237, 111.00938306349661, 35.0254418562827, 124.34031858980357)
(205.05202888309555, 112.32384361164947, 35.12544076896508, 124.69531472982602)
(201.6, 110.88, 28.799999999999997, 102.24)
(203.31490892207802, 112.64039066263481, 28.761234401937692, 102.10238212687881)
(204.53837714925382, 115.12181703536865, 28.80944565266423, 102.27353206695803)
(205.5993226415299, 114.35862488792927, 29.44542820326828, 104.5312701216024)
(206.32823187995473, 113.51350121949356, 29.614684921731172, 105.13213147214569)
(201.6, 110.88, 28.799999999999997, 102.24)
(207.35999999999999, 120.96, 28.799999999999997, 102.24)
(208.96245229838925, 120.80421560801233, 28.94500995400273, 102.7547853367097)
(210.74877769677272, 120.89520461626776, 29.09889113965768, 103.30106354578477)
(196.99199999999996, 84.67199999999998, 34.559999999999995, 122.68799999999999)
(207.35999999999996, 84.67199999999998, 34.559999999999995, 122.68799999999999)
(224.64, 110.88, 28.799999999999997, 102.24)
(228.7823579645097, 107.11261915657784, 29.033197889339952, 103.06785250715684)
(228.79245433977215, 105.0964982455466, 29.11673438686195, 103.36440707335994)
(225.4629269379862, 105.18173044308344, 29.033754278324466, 103.06982768805187)
(212.0, 119.0, 20.0, 71.0)
(82.94399999999999, 120.95999999999998, 34.559999999999995, 122.68799999999999)
(79.80429879170566, 123.28585522044278, 34.61547968709648, 122.8849528891925)
(72.576, 133.05599999999998, 34.559999999999995, 122.68799999999999)
(72.576, 120.95999999999998, 34.559999999999995, 122.68799999999999)
(70.5024, 116.1216, 41.471999999999994, 147.2256)
(74.31566460362245, 109.77597869527675, 41.41753805349725, 147.03226008991524)
(201.6, 90.72, 28.799999999999997, 102.24)
(205.48734900587147, 87.22163049000869, 28.991320665014904, 102.91918836080292)
(204.48, 80.64, 28.799999999999997, 102.24)
(201.6, 80.64, 28.799999999999997, 102.24)
(207.35999999999999, 80.64, 28.799999999999997, 102.24)
(208.4426824118129, 80.4821172274632, 28.874686445905407, 102.5051368829642)
(208.41080297183592, 82.8869051917412, 28.77638172722656, 102.15615513165429)
(110.59199999999998, 120.95999999999998, 34.559999999999995, 122.68799999999999)
(112.00513471600314, 128.7174592354635, 34.62459970861869, 122.91732896559635)
(114.27035642677063, 136.34605380380532, 34.58548929489619, 122.77848699688148)
(117.32239309035934, 141.3404729091302, 34.59065363861722, 122.79682041709113)
(120.56161763318467, 143.8305189863554, 34.379294396716574, 122.04649510834383)
(124.03717219944902, 146.65113325018274, 34.453926841336305, 122.31144028674387)
(129.04842340486837, 149.73528203015383, 34.41576891291949, 122.17597964086418)
(133.94553165483876, 152.90516112345688, 34.3858041219631, 122.06960463296899)
(137.34063665803015, 157.19965896108033, 34.51040429624434, 122.5119352516674)
(139.52026957249868, 163.30397606196016, 34.495575112815125, 122.45929165049368)
(141.50407151883743, 167.4798691201444, 34.616868925215734, 122.88988468451585)
(143.34149356763393, 168.5524125990605, 35.65541899266177, 126.5767374239493)
(145.9206129454953, 171.39884348885698, 35.693499817017184, 126.71192435041101)
(148.71145330063337, 174.43602493074945, 35.654482680959795, 126.57341351740727)
(213.6, 142.79999999999998, 24.0, 85.2)
(213.44036107721877, 142.6518632145075, 24.171176038921825, 85.80767493817248)
(207.35999999999999, 141.12, 28.799999999999997, 102.24)
(209.01205627887813, 141.01814176999787, 28.846656485212467, 102.40563052250427)
(204.48, 141.12, 28.799999999999997, 102.24)
(216.0, 140.0, 20.0, 71.0)
(216.92768081679097, 137.41302054645854, 20.17379791231648, 71.61698258872352)
(213.6, 134.4, 24.0, 85.2)
(213.6474199064553, 132.23157537860968, 24.05454373201127, 85.39363024864001)
(204.0, 140.0, 20.0, 71.0)
(212.0, 133.0, 20.0, 71.0)
(216.0, 133.0, 20.0, 71.0)
(218.0, 133.0, 20.0, 71.0)
(190.0, 210.0, 20.0, 71.0)
(193.97400835885767, 210.8970820909369, 19.944439336972177, 70.80275964625123)
(197.9374652989463, 211.782007624858, 19.994591496833962, 70.98079981376057)
(194.4, 193.2, 24.0, 85.2)
(208.0, 210.0, 20.0, 71.0)
(212.01131762395147, 211.4192013077035, 19.877145025534553, 70.56386484064767)
(215.78455293535055, 212.34361972286263, 19.90014766933796, 70.64552422614976)
(220.07692043531517, 213.39224860615988, 20.036802439916528, 71.13064866170367)
(222.0, 203.0, 20.0, 71.0)
(227.23985035449994, 204.1280129479279, 19.89102683006262, 70.61314524672231)
(231.2777571220034, 205.33751330801445, 19.82577237708693, 70.38149193865861)
(235.74382943587247, 206.52446176114117, 19.818264590169147, 70.35483929510048)
(240.18675576987513, 207.4210854000489, 19.830345882124742, 70.39772788154285)
(244.9452150457994, 209.08026164256825, 19.682995201370005, 69.87463296486354)
(250.0, 210.0, 20.0, 71.0)
(254.88662365449346, 211.08472405645955, 19.9400095269506, 70.78703382067462)
(259.2739940132786, 212.19598349567406, 19.94303980547413, 70.79779130943315)
(263.83681937198475, 213.36906539896387, 19.94885881462424, 70.81844879191604)
(267.9935344944825, 214.1519681097097, 19.908194682910025, 70.67409112433057)
(272.7145860862473, 215.28833547678343, 19.738491401724133, 70.07164447612065)
(276.7561398054719, 215.96069935507956, 19.85835637538432, 70.49716513261431)
(281.11172423765225, 216.617064006312, 19.769868175086113, 70.18303202155568)
(38.0, 175.0, 20.0, 71.0)
(236.0, 77.0, 20.0, 71.0)
(240.01997931017635, 76.57810504844055, 19.968159055428522, 70.88696464677125)
(2.0, 98.0, 20.0, 71.0)
(6.159146893233851, 96.53797237887812, 19.939755224762767, 70.78613104790783)
(9.579051996433524, 94.3560568743263, 20.06826014287514, 71.24232350720676)
(13.23892778893545, 93.55788183736635, 20.02637110669941, 71.09361742878293)
(16.87568330330342, 92.63918167002547, 20.06817532454551, 71.24202240213658)
(20.263879281568656, 91.58126131010337, 20.11713126840566, 71.41581600284012)
(23.641488207547127, 90.83968395466339, 20.091230127874496, 71.32386695395448)
(324.0, 210.0, 20.0, 71.0)
(326.8910981604285, 209.92454577787072, 20.049438200627417, 71.17550561222733)
(329.7288801508398, 208.62449276668247, 20.51504853621103, 72.82842230354915)
(32.0, 84.0, 20.0, 71.0)
(240.0, 126.0, 20.0, 71.0)
(240.37692582426106, 124.8875835175574, 20.371590856360704, 72.31914754008051)
(240.53733594537775, 123.69162616321994, 20.658146712760114, 73.33642083029841)
(52.0, 91.0, 20.0, 71.0)
(11.52, 50.4, 28.799999999999997, 102.24)
(15.201401307869808, 49.77464876670186, 28.795403179548465, 102.22368128739706)
(23.04, 50.4, 28.799999999999997, 102.24)
(27.300042736857698, 50.24411433562632, 28.79648938590374, 102.22753731995829)
(31.712088311721633, 49.5163370524492, 28.863805249115323, 102.4665086343594)
(37.44, 50.4, 28.799999999999997, 102.24)
(40.32, 50.4, 28.799999999999997, 102.24)
(44.32542979549656, 50.4940991535294, 28.772737210764685, 102.14321709821463)
(48.672207350732265, 50.53234636426459, 28.78471798896515, 102.18574886082628)
(52.52949863969211, 50.53545105164427, 28.700842198154852, 101.88798980344973)
(56.26267601759855, 50.43481811503832, 28.71144667085759, 101.92563568154445)
(60.48, 50.4, 28.799999999999997, 102.24)
(63.36, 50.4, 28.799999999999997, 102.24)
(66.26404549580252, 50.41910195809701, 28.808223705660573, 102.26919415509504)
(68.75099221984398, 51.06755843696471, 28.758799251718273, 102.09373734359987)
(70.77195090572751, 51.433005244141285, 28.7838221875684, 102.18256876586781)
(72.0, 50.4, 28.799999999999997, 102.24)
(73.1195847819817, 50.8100583551854, 28.805367789552236, 102.25905565291045)
(74.88, 50.4, 28.799999999999997, 102.24)
(76.16958415139126, 50.36475927210696, 28.87305337690497, 102.49933948801264)
(77.75999999999999, 50.4, 28.799999999999997, 102.24)
(79.09036548814316, 50.42010163635064, 28.79803672390897, 102.23303036987684)
(80.64, 50.4, 28.799999999999997, 102.24)
(83.52, 50.4, 28.799999999999997, 102.24)
(86.25567193317679, 49.82673927513114, 28.74793713950578, 102.05517684524553)
(88.7329158596099, 49.81751206821675, 28.80287921828017, 102.25022122489462)
(92.16, 50.4, 28.799999999999997, 102.24)
(95.03999999999999, 50.4, 28.799999999999997, 102.24)
(98.04158415669505, 50.81252378068148, 28.829424460047402, 102.34445683316828)
(100.96673941584464, 51.73625900217621, 28.85170305307634, 102.423545838421)
(100.22399999999999, 36.288, 34.559999999999995, 122.68799999999999)
(103.68590876225643, 37.28749366582482, 34.577375102440236, 122.74968161366284)
(107.13599999999998, 36.288, 34.559999999999995, 122.68799999999999)
(110.59199999999998, 36.288, 34.559999999999995, 122.68799999999999)
(113.60493827875092, 37.26762344022497, 34.58189871105283, 122.76574042423753)
(116.77798483871737, 38.77621782661663, 34.60615166045586, 122.85183839461828)
(120.19909899361548, 39.689814739102566, 34.626899424878395, 122.92549295831829)
(123.56303278904352, 40.195916980938506, 34.644149021522324, 122.98672902640422)
(218.4, 109.2, 24.0, 85.2)
(135.35999999999999, 60.48, 28.799999999999997, 102.24)
(138.24, 60.48, 28.799999999999997, 102.24)
(141.7238084093705, 60.6724607254576, 28.737092043563717, 102.0166767546512)
(144.95606349515344, 60.60821429634451, 28.714934166919683, 101.93801629256488)
(147.94152275291478, 60.695148280782014, 28.684048610381385, 101.82837256685393)
(149.76, 60.48, 28.799999999999997, 102.24)
(151.81572013840048, 60.94582635826506, 28.805167389214663, 102.25834423171206)
(153.24355162805128, 61.73001358353709, 28.812358413819332, 102.28387236905863)
(154.90188327358507, 62.844227918590306, 28.79165459540797, 102.21037381369828)
(155.51999999999998, 48.38399999999999, 34.559999999999995, 122.68799999999999)
(157.61439333738997, 49.16085316841316, 34.447827705102824, 122.28978835311504)
(160.17914274266943, 49.73671499148138, 34.3988647832158, 122.11596998041611)
(163.14892307387186, 49.777791032728466, 34.478133466514095, 122.39737380612506)
(169.34399999999997, 48.38399999999999, 34.559999999999995, 122.68799999999999)
(169.34399999999997, 48.38399999999999, 34.559999999999995, 122.68799999999999)
(172.35746884375448, 51.11879101886363, 34.652416560537866, 123.01607878990941)
(175.83004131789198, 54.319448051807676, 34.580410039997204, 122.76045564199008)
(179.58956122542156, 57.779193583156854, 34.592467637047406, 122.80326011151828)
(184.32, 80.64, 28.799999999999997, 102.24)
(187.2, 75.6, 24.0, 85.2)
(190.07999999999998, 70.56, 28.799999999999997, 102.24)
(190.07999999999998, 100.8, 28.799999999999997, 102.24)
(193.0992649541517, 103.75159027901098, 28.75773168837629, 102.08994749373582)
(195.99930854789116, 105.1854596363955, 28.698580780194202, 101.87996176968942)
(214.0, 140.0, 20.0, 71.0)
(214.7259590597557, 140.23391659450576, 20.464555269160492, 72.64917120551975)
(216.0, 140.0, 20.0, 71.0)
(214.0, 140.0, 20.0, 71.0)
(216.30233256786448, 140.10979680549414, 20.34206643165383, 72.21433583237109)
(216.0, 140.0, 20.0, 71.0)
(213.6, 134.4, 24.0, 85.2)
(215.41080610942254, 133.86266993124786, 24.27720675088148, 86.18408396562926)
(237.6, 117.6, 24.0, 85.2)
(240.60993676214986, 118.03474526271205, 23.99651441515341, 85.18762617379461)
(243.11093458503515, 118.94267290993145, 24.0117306834453, 85.24164392623082)
(236.16, 100.8, 28.799999999999997, 102.24)
(238.46399999999997, 96.76799999999999, 34.559999999999995, 122.68799999999999)
(239.92967381003666, 97.15513479296425, 34.61745242875472, 122.89195612207926)
(240.84801994727462, 97.73354895003197, 34.55404506638822, 122.66685998567819)
(241.92, 110.88, 28.799999999999997, 102.24)
(243.05527450433232, 110.96840854189344, 28.790711977663463, 102.20702752070531)
(244.79999999999998, 110.88, 28.799999999999997, 102.24)
(246.09984127601263, 111.28193996307238, 28.8702545817638, 102.4894037652615)
(248.0826974723518, 111.6727464827816, 28.879853468382276, 102.52347981275709)
(251.42024018855838, 112.48243021454834, 28.95875057991444, 102.80356455869627)
(255.17613427571965, 112.99497600436632, 28.951585818677863, 102.7781296563064)
(259.0489604486094, 113.21179581387705, 28.9060372326639, 102.61643217595683)
(262.5090202669269, 114.1825028283278, 28.91545250813839, 102.64985640389128)
(266.3070968038644, 115.54485696853801, 28.887597774107107, 102.55097209808022)
(270.8481060119205, 116.28882375137545, 29.001074963463658, 102.95381612029598)
(276.7699388609123, 117.23359675323577, 29.03201253696444, 103.06364450622377)
(282.70243227295106, 117.69364166431316, 29.212741044918204, 103.70523070945963)
(288.13544364127137, 118.58642131628382, 29.19028520280885, 103.62551246997143)
(292.99148074991746, 119.01272182639167, 29.261902391766576, 103.87975349077135)
(297.7151148388163, 119.10391440692399, 29.279538999125133, 103.94236344689422)
(301.5428759851682, 118.98953526309421, 29.327141706421394, 104.11135305779594)
(304.6435154857619, 119.0804694306315, 29.267220127109024, 103.89863145123702)
(308.07675176662815, 118.33141751725748, 29.29765918647026, 104.0066901119694)
(311.2310793018802, 117.45826891486308, 29.209585170653725, 103.69402735582071)
(314.218878721658, 116.63105335165618, 29.048378420941948, 103.1217433943439)
(317.08041217750645, 115.70857823564094, 29.06511863815124, 103.18117116543688)
(319.68656546530747, 114.71658238047911, 29.051969777392937, 103.1344927097449)
(322.10190635482826, 114.21595403730136, 29.039708408507604, 103.09096485020197)
(324.23615044233986, 113.78789103136597, 28.99601271395316, 102.9358451345337)
(218.88, 110.88, 28.799999999999997, 102.24)
(221.76, 110.88, 28.799999999999997, 102.24)
(221.76, 110.88, 28.799999999999997, 102.24)
(222.95899726168253, 110.6414962787288, 28.968930525463087, 102.83970336539396)
(207.35999999999999, 116.1216, 41.471999999999994, 147.2256)
(208.72587262388112, 116.76648129256121, 41.514088980753364, 147.37501588167444)
(207.35999999999999, 116.1216, 41.471999999999994, 147.2256)
(199.2, 159.6, 24.0, 85.2)
(201.14343843625943, 160.75070791356478, 24.165613361856103, 85.78792743458918)
(202.53116873631566, 161.1080609707077, 24.4094703886968, 86.65361987987365)
(204.0, 175.0, 20.0, 71.0)
(235.00799999999998, 145.152, 34.559999999999995, 122.68799999999999)
(206.4, 168.0, 24.0, 85.2)
(208.79999999999998, 117.6, 24.0, 85.2)
(238.46399999999997, 145.152, 34.559999999999995, 122.68799999999999)
(206.4, 117.6, 24.0, 85.2)
(204.0, 117.6, 24.0, 85.2)
(201.6, 117.6, 24.0, 85.2)
(200.1034828084808, 116.56184478980899, 23.938148518780576, 84.98042724167105)
(198.54258183203524, 116.0861835853901, 23.533613801749848, 83.54432899621196)
(196.56476928303798, 116.07183532795374, 23.045086067713118, 81.81005554038157)
(241.91999999999996, 145.152, 34.559999999999995, 122.68799999999999)
(243.39921088973432, 144.9912189832641, 34.57673691193746, 122.74741603737799)
(200.0, 133.0, 20.0, 71.0)
(245.37599999999998, 145.152, 34.559999999999995, 122.68799999999999)
(248.83199999999997, 145.152, 34.559999999999995, 122.68799999999999)
(250.22903108687024, 142.92294030834057, 34.559120199306356, 122.68487670753757)
(252.39971397286456, 141.09725978677477, 34.57703787458331, 122.74848445477075)
(254.41135433214293, 139.80938689522077, 34.57707258571407, 122.74860767928496)
(255.63374895646285, 140.0693925722987, 34.41182435269922, 122.16197645208223)
(12.0, 147.0, 20.0, 71.0)
(12.0, 147.0, 20.0, 71.0)
(13.823999999999998, 120.95999999999998, 34.559999999999995, 122.68799999999999)
(20.735999999999997, 120.95999999999998, 34.559999999999995, 122.68799999999999)
(23.375642971169302, 118.93853436649869, 34.57160761234888, 122.72920702383851)
(25.227202416722456, 117.58956579387278, 34.62126963554921, 122.9055072061997)
(27.334235653636814, 116.91141959004875, 34.42847582102225, 122.221089164629)
(29.34452962940804, 116.78556562865819, 34.46160643637433, 122.33870284912888)
(30.38179003504427, 116.52471625122296, 34.51686925547297, 122.53488585692904)
(25.919999999999998, 131.04, 28.799999999999997, 102.24)
(28.799999999999997, 131.04, 28.799999999999997, 102.24)
(29.946871793277015, 131.3655069190509, 28.49318726061393, 101.15081477517946)
(30.793963655665713, 131.5931694807261, 28.384513789742783, 100.76502395358689)
(31.68, 131.04, 28.799999999999997, 102.24)
(33.31264537108481, 131.402202522124, 28.648776335467097, 101.7031559909082)
(31.68, 131.04, 28.799999999999997, 102.24)
(40.32, 120.96, 28.799999999999997, 102.24)
(40.32, 120.96, 28.799999999999997, 102.24)
(41.37113128932306, 121.8337297077731, 28.835806574185916, 102.36711333836001)
(42.88521246456655, 122.70066467249006, 28.964397763737985, 102.82361206126986)
(43.77494706457179, 124.55065555075693, 29.046687749518533, 103.1157415107908)
(44.84364724183362, 126.77856446494856, 28.962113322729234, 102.81550229568879)
(38.01599999999999, 120.95999999999998, 34.559999999999995, 122.68799999999999)
(40.32, 141.12, 28.799999999999997, 102.24)
(41.61957330120167, 142.3413058254976, 28.90451626991111, 102.61103275818445)
(138.0, 154.0, 20.0, 71.0)
(139.9112691577146, 153.93798249963297, 20.34585768066453, 72.22779476635908)
(141.81099509340598, 154.1971829111811, 20.641620653031772, 73.2777533182628)
(143.32976570203328, 154.62003462100233, 20.730284880113114, 73.59251132440156)
(146.4, 100.8, 24.0, 85.2)
(144.0, 100.8, 24.0, 85.2)
(144.0, 100.8, 24.0, 85.2)
(143.31902856912563, 100.87029327220264, 24.15030345745185, 85.73357727395408)
(142.20816030706305, 100.44727826365786, 24.458648868295743, 86.82820348244991)
(140.97393513608912, 100.15475137984494, 24.774450284462358, 87.94929850984138)
(141.6, 100.8, 24.0, 85.2)
(58.751999999999995, 145.152, 34.559999999999995, 122.68799999999999)
(60.585508912211324, 145.7996384315631, 34.87055175565547, 123.79045873257692)
(63.36, 151.2, 28.799999999999997, 102.24)
(139.2, 100.8, 24.0, 85.2)
(138.24, 100.8, 28.799999999999997, 102.24)
(144.0, 100.8, 28.799999999999997, 102.24)
(141.12, 100.8, 28.799999999999997, 102.24)
(135.35999999999999, 80.64, 28.799999999999997, 102.24)
(138.0, 105.0, 20.0, 71.0)
(141.12, 110.88, 28.799999999999997, 102.24)
(138.24, 90.72, 28.799999999999997, 102.24)
(140.07950678172605, 92.61082494182665, 28.765578721704184, 102.11780446204985)
(116.1216, 14.5152, 41.471999999999994, 147.2256)
(128.5632, 29.0304, 41.471999999999994, 147.2256)
(141.69599999999997, 36.288, 34.559999999999995, 122.68799999999999)
(151.72654394080706, 36.18003236925971, 34.52654578537799, 122.56923753809188)
(172.79999999999998, 100.8, 28.799999999999997, 102.24)
(169.92, 100.8, 28.799999999999997, 102.24)
(169.99194719020787, 99.46588119894399, 29.54357205024832, 104.87968077838153)
(165.88799999999998, 96.76799999999999, 34.559999999999995, 122.68799999999999)
(172.79999999999998, 100.8, 28.799999999999997, 102.24)
(169.92, 100.8, 28.799999999999997, 102.24)
(166.34665754757847, 100.4248706525462, 29.039549895077396, 103.09040212752475)
(180.0, 112.0, 20.0, 71.0)
(180.0, 119.0, 20.0, 71.0)
(178.77936880875177, 117.78214890424744, 20.959374565113677, 74.40577970615355)
(148.60799999999998, 108.86399999999999, 34.559999999999995, 122.68799999999999)
(146.88, 110.88, 28.799999999999997, 102.24)
(145.152, 108.86399999999999, 34.559999999999995, 122.68799999999999)
(145.152, 108.86399999999999, 34.559999999999995, 122.68799999999999)
(140.0, 189.0, 20.0, 71.0)
(164.0, 112.0, 20.0, 71.0)
(60.0, 142.79999999999998, 24.0, 85.2)
(61.9521039965644, 143.11677052599939, 24.146214675328242, 85.71906209741526)
(63.751398479054544, 143.3182193384976, 24.418322731832326, 86.68504569800476)
(64.58762957446666, 143.84722695713006, 24.70285364403543, 87.69513043632577)
(65.25594048838066, 142.94621156700327, 24.780324833785556, 87.97015315993872)
(68.1816509990127, 140.0505655447861, 24.91999267970896, 88.46597401296681)
(71.97138895294248, 138.13687263170067, 24.8580186029041, 88.24596604030955)
(74.30047022311652, 138.25882131537907, 24.818844099665398, 88.10689655381216)
(77.61720315417685, 138.90351645642204, 24.911658449947083, 88.43638749731214)
(83.36913929337453, 139.18017238912358, 25.089228432293915, 89.0667609346434)
(94.11457875896933, 140.9749363951834, 25.083136488408996, 89.04513453385194)
(100.8, 142.79999999999998, 24.0, 85.2)
(158.0, 112.0, 20.0, 71.0)
(160.5749351163175, 116.24794524581287, 19.805741949982185, 70.31038392243676)
(109.44, 151.2, 28.799999999999997, 102.24)
(111.8739323994612, 155.5027425803431, 28.81900653896824, 102.30747321333725)
(115.19999999999999, 161.28, 28.799999999999997, 102.24)
(118.08, 161.28, 28.799999999999997, 102.24)
(118.08, 171.35999999999999, 28.799999999999997, 102.24)
(123.83999999999999, 171.35999999999999, 28.799999999999997, 102.24)
(132.0, 176.4, 24.0, 85.2)
(133.88077697956655, 177.69929322008815, 24.142285152195054, 85.70511229029245)
(134.73943588132505, 178.84010205399684, 24.385935366256174, 86.57007055020942)
(135.3473466411282, 179.54519834333914, 24.592507645477944, 87.30340214144671)
(160.0, 182.0, 20.0, 71.0)
(136.79999999999998, 184.79999999999998, 24.0, 85.2)
(139.2, 184.79999999999998, 24.0, 85.2)
(140.2952017991214, 183.77462333878523, 23.988154751366576, 85.15794936735135)
(143.61752295969734, 181.9620313360271, 23.761572732949055, 84.35358320196914)
(144.0, 184.79999999999998, 24.0, 85.2)
(146.1321899651004, 179.95478539295215, 24.037042188939807, 85.33149977073631)
(151.2, 176.4, 24.0, 85.2)
(155.14876942580386, 173.08870030925996, 24.05998067964227, 85.41293141273006)
(158.4, 161.28, 28.799999999999997, 102.24)
(163.75740404069933, 157.02924699096693, 28.687242699851385, 101.83971158447243)
(169.2538981281737, 153.74695999808296, 28.888529427246407, 102.55427946672475)
(175.68, 151.2, 28.799999999999997, 102.24)
(182.4, 151.2, 24.0, 85.2)
(185.3291497640938, 152.38864928033084, 24.003410066538958, 85.2121057362133)
(188.58150258196957, 153.58501180881422, 23.941834923951497, 84.99351398002781)
(190.89182497100535, 155.3187428530016, 23.85788753357526, 84.69550074419216)
(189.6, 159.6, 24.0, 85.2)
(175.68, 161.28, 28.799999999999997, 102.24)
(181.44, 171.35999999999999, 28.799999999999997, 102.24)
(169.92, 171.35999999999999, 28.799999999999997, 102.24)
(186.0, 189.0, 20.0, 71.0)
(183.97177374711967, 194.0322568242475, 19.734247915916903, 70.056580101505)
(182.0, 196.0, 20.0, 71.0)
(182.0, 203.0, 20.0, 71.0)
(181.64314170890475, 205.74358473775447, 19.913454131018607, 70.69276216511605)
(182.36363919235734, 207.16289331499743, 19.858231869191588, 70.49672313563012)
(185.02705962663265, 208.73242108006346, 19.75517640103159, 70.13087622366213)
(188.33210270085942, 209.40947682559982, 19.64594474476551, 69.74310384391755)
(156.0, 133.0, 20.0, 71.0)
(156.0, 133.0, 20.0, 71.0)
(6.0, 168.0, 20.0, 71.0)
(8.0, 175.0, 20.0, 71.0)
(10.0, 175.0, 20.0, 71.0)
(13.755603343017272, 173.17939492233015, 19.952617586121217, 70.83179243073032)
(18.522302195774948, 170.33218666810134, 19.882247834707428, 70.58197981321136)
(22.0, 168.0, 20.0, 71.0)
(25.011805463913515, 167.77770117545742, 19.973734042876096, 70.90675585221014)
(28.3895831300417, 165.87093543681283, 19.973195037524025, 70.9048423832103)
(34.0, 154.0, 20.0, 71.0)
(36.364720053532494, 153.11127211258673, 19.897810564321738, 70.63722750334216)
(36.0, 154.0, 20.0, 71.0)
(39.458953974496254, 153.58601983623782, 19.866222147443036, 70.52508862342277)
(41.845896437245514, 153.6816845838195, 19.806532473409355, 70.31319028060321)
(44.0, 161.0, 20.0, 71.0)
(44.865851429383675, 161.65895857895072, 19.90937990490453, 70.67829866241108)
(45.68746645562424, 161.67488358775415, 19.982229564337455, 70.93691495339797)
(44.0, 161.0, 20.0, 71.0)
(44.12647027658423, 161.05414297430565, 19.997822386284675, 70.9922694713106)
(45.183897691488845, 162.16222458402123, 19.92647799348715, 70.7389968768794)
(48.0, 154.0, 20.0, 71.0)
(48.0, 154.0, 20.0, 71.0)
(48.0026717734592, 154.82857182428356, 19.913288960405826, 70.69217580944068)
(48.04209198604959, 154.83801850756834, 19.91066618659222, 70.68286496240239)
(45.6, 142.79999999999998, 24.0, 85.2)
(46.31512791745467, 143.19786205068962, 24.030300195364102, 85.30756569354257)
(45.6, 159.6, 24.0, 85.2)
(47.5474486898497, 159.2510748374918, 24.159088216003724, 85.76476316681322)
(56.0, 154.0, 20.0, 71.0)
(54.0, 154.0, 20.0, 71.0)
(56.65038005553784, 151.5345553929906, 19.96232048584816, 70.86623772476098)
(59.314637345005664, 149.4006521690389, 20.064347899099996, 71.228435041805)
(61.23358585858727, 148.84222694840594, 20.108103703968045, 71.38376814908656)
(64.00544744112077, 148.50753965270354, 20.0857275847995, 71.30433292603823)
(67.30643457671619, 149.32747106231437, 20.092105974741465, 71.32697621033219)
(70.34167959226164, 149.50509903095292, 20.104974708298975, 71.37266021446135)
(74.24656220661176, 150.6263325728211, 20.033299994735476, 71.11821498131093)
(80.14511963837734, 152.74756254506647, 19.989862499368368, 70.9640118727577)
(87.30429045938504, 154.745929277637, 20.01382127239201, 71.04906551699163)
(88.8, 159.6, 24.0, 85.2)
(96.0, 168.0, 20.0, 71.0)
(98.0, 168.0, 20.0, 71.0)
(100.72966100830037, 172.07502138720557, 19.934308964844575, 70.76679682519824)
(102.11124602653966, 176.94309920598337, 19.889354870748804, 70.60720979115825)
(103.72770464442013, 178.8157352157188, 19.8589828010035, 70.49938894356242)
(106.66998599007758, 180.11507002338135, 19.95611719220814, 70.84421603233889)
(106.0, 182.0, 20.0, 71.0)
(107.44037792325945, 183.60115901038355, 19.836773450356095, 70.42054574876414)
(108.4299804445969, 185.2259197903551, 19.89841618600152, 70.6393774603054)
(110.41433782947249, 187.07494897724453, 19.73834094261752, 70.0711103462922)
(112.0, 189.0, 20.0, 71.0)
(112.10239202900044, 191.3746357688085, 19.86207232627646, 70.51035675828143)
(110.97504448300216, 194.3500910430146, 19.856635582335525, 70.49105631729111)
(114.0, 196.0, 20.0, 71.0)
(113.90578927806929, 198.19417361072996, 19.9099485434708, 70.68031732932134)
(112.0, 203.0, 20.0, 71.0)
(110.0, 210.0, 20.0, 71.0)
(110.7124806055222, 211.38661568176934, 20.018665192764193, 71.06626143431289)
(116.0, 203.0, 20.0, 71.0)
(114.0, 210.0, 20.0, 71.0)
(116.0, 210.0, 20.0, 71.0)
(116.0, 210.0, 20.0, 71.0)
(117.65301065895804, 210.5768975560979, 19.942574873490184, 70.79614080089016)
(118.0, 210.0, 20.0, 71.0)
(119.47749361501221, 210.47339498923816, 20.108054456987308, 71.38359332230495)
(122.0, 210.0, 20.0, 71.0)
(122.0, 210.0, 20.0, 71.0)
(124.0, 210.0, 20.0, 71.0)
(125.47866948361079, 210.26081994074406, 19.864621481997183, 70.51940626109)
(127.11479234692814, 209.21804368486636, 19.758849144034354, 70.14391446132196)
(132.0, 210.0, 20.0, 71.0)
(133.4087734389823, 210.21383033973487, 19.858539547816626, 70.49781539474903)
(134.8028593818574, 209.33274891960744, 19.962854234332074, 70.86813253187886)
(140.0, 203.0, 20.0, 71.0)
(136.0, 203.0, 20.0, 71.0)
(137.92966936527236, 202.25939530799616, 19.90576747062716, 70.66547452072642)
(140.7788893248935, 199.7070798084501, 19.981894201775475, 70.93572441630293)
(150.0, 196.0, 20.0, 71.0)
(154.5186536188612, 194.03042856839278, 19.982925916574487, 70.93938700383943)
(157.0351812883973, 192.53034019856625, 19.86136960093978, 70.50786208333622)
(159.5780268181883, 191.20124981272284, 19.744794752295242, 70.09402137064811)
(158.0, 189.0, 20.0, 71.0)
(160.0, 189.0, 20.0, 71.0)
(162.10073342242734, 189.4675222439774, 19.98018903893438, 70.92967108821705)
(163.2, 193.2, 24.0, 85.2)
(163.2, 193.2, 24.0, 85.2)
(165.6, 193.2, 24.0, 85.2)
(167.16755073178604, 194.12484728839217, 23.913619849904496, 84.89335046716096)
(170.0, 203.0, 20.0, 71.0)
(172.0, 196.0, 20.0, 71.0)
(176.0, 196.0, 20.0, 71.0)
(180.0, 196.0, 20.0, 71.0)
(180.0, 196.0, 20.0, 71.0)
(182.41247513404736, 196.0365714243544, 19.963776538545925, 70.87140671183803)
(188.0, 196.0, 20.0, 71.0)
(190.0, 196.0, 20.0, 71.0)
(192.0, 196.0, 20.0, 71.0)
(192.9195091243213, 196.68572498167268, 19.975373841201137, 70.91257713626403)
(193.50204009715472, 196.92860693840515, 20.013589483424916, 71.04824266615844)
(193.52464187914387, 197.50723651397834, 19.98932097804037, 70.9620894720433)
(192.57068464843255, 198.20127878379589, 20.050418422861483, 71.17898540115826)
(191.82730611883508, 198.65180831915458, 20.096135442993894, 71.34128082262832)
(191.53838597378703, 199.16470839358948, 20.027308252621253, 71.09694429680545)
(191.04520070947038, 199.40418581573897, 20.129843942387378, 71.46094599547519)
(186.0, 203.0, 20.0, 71.0)
(184.0, 203.0, 20.0, 71.0)
(182.69889779327877, 203.09928403503613, 19.948243231801822, 70.81626347289647)
(182.0, 210.0, 20.0, 71.0)
(182.0, 210.0, 20.0, 71.0)
(181.51736272698477, 210.11975497510747, 19.922534677866384, 70.72499810642566)
(182.0, 210.0, 20.0, 71.0)
(182.0, 203.0, 20.0, 71.0)
(182.0, 203.0, 20.0, 71.0)
(184.0, 203.0, 20.0, 71.0)
(188.0, 203.0, 20.0, 71.0)
(188.93735448706238, 203.6996444092961, 20.009293711422092, 71.03299267554843)
(189.96091640315112, 204.0392111474462, 19.98957466440091, 70.96299005862323)
(191.39872379383777, 204.37729464817778, 20.037559126191656, 71.13333489798039)
(192.71118253682488, 205.36303533177812, 20.02842533162367, 71.10090992726404)
(194.6750632322176, 206.32479936450923, 20.07858447306478, 71.27897487937999)
(196.88258278901574, 207.84375392297852, 20.087617625093515, 71.31104256908199)
(199.28699395608533, 210.99378696390272, 20.032014895446522, 71.11365287883517)
(202.307131097568, 216.37051177698166, 19.863978771660857, 70.51712463939604)
(206.47990935617142, 221.73974388823666, 19.802754529844666, 70.29977858094857)
(148.0, 112.0, 20.0, 71.0)
(152.0, 119.0, 20.0, 71.0)
(151.2, 126.0, 24.0, 85.2)
(156.0, 126.0, 24.0, 85.2)
(158.2556624445764, 127.40553907143467, 24.207013123542524, 85.93489658857595)
(158.0002173401745, 127.82908614807349, 24.29059620344011, 86.23161652221238)
(158.21554030808244, 126.58648118878538, 24.433284007858585, 86.73815822789797)
(158.4, 126.0, 24.0, 85.2)
(156.04020360458307, 120.7047639644828, 24.435138445130733, 86.7447414802141)
(162.0, 119.0, 20.0, 71.0)
(162.0924167860327, 114.65008734188089, 20.498393966997128, 72.7692985828398)
(151.2, 100.8, 24.0, 85.2)
(156.0, 105.0, 20.0, 71.0)
(155.833521920905, 103.87031187072651, 19.782510601549326, 70.2279126355001)
(155.03623474395766, 101.92694495603997, 19.699167474975276, 69.93204453616224)
(154.03883383907734, 100.237901327455, 19.456145798407828, 69.0693175843478)
(156.0, 98.0, 20.0, 71.0)
(156.0, 98.0, 20.0, 71.0)
(242.0, 210.0, 20.0, 71.0)
(240.5370196012699, 213.93774282669557, 20.604549664647745, 73.14615130949949)
(242.66397462769396, 218.36560487765433, 22.172432214338667, 78.71213436090225)
(144.0, 98.0, 20.0, 71.0)
(140.0, 84.0, 20.0, 71.0)
(136.0, 77.0, 20.0, 71.0)
(137.12989917547597, 67.43728953387719, 23.011502918579314, 81.69083536095657)
(157.91286805899034, 54.051426467203804, 26.307976650574002, 93.3933171095377)
(169.34399999999997, 60.47999999999999, 34.559999999999995, 122.68799999999999)
(174.1824, 29.0304, 41.471999999999994, 147.2256)
(235.00799999999998, 48.38399999999999, 34.559999999999995, 122.68799999999999)
(264.96, 50.4, 28.799999999999997, 102.24)
(253.90042511174605, 51.11463295651309, 29.44530334096093, 104.53082686041131)
(235.00799999999998, 36.288, 34.559999999999995, 122.68799999999999)
(252.14920260820804, 42.47864227549594, 33.4937507894433, 118.90281530252372)
(266.11199999999997, 36.288, 34.559999999999995, 122.68799999999999)
(266.22648266380395, 36.572335514609634, 34.803751957548265, 123.55331944929634)
(252.9792, 43.5456, 41.471999999999994, 147.2256)
(12.0, 42.0, 20.0, 71.0)
(236.3904, 43.5456, 41.471999999999994, 147.2256)
(240.5376, 58.0608, 41.471999999999994, 147.2256)
(248.832, 58.0608, 41.471999999999994, 147.2256)
(247.49351685012434, 62.644058780343755, 42.01529930756381, 149.15431254185154)
(232.0, 140.0, 20.0, 71.0)
(244.79999999999998, 80.64, 28.799999999999997, 102.24)
(224.63999999999996, 108.86399999999999, 34.559999999999995, 122.68799999999999)
(221.76, 100.8, 28.799999999999997, 102.24)
(207.35999999999996, 133.05599999999998, 34.559999999999995, 122.68799999999999)
(216.0, 126.0, 20.0, 71.0)
(201.6, 110.88, 28.799999999999997, 102.24)
(206.0, 126.0, 20.0, 71.0)
(206.0, 119.0, 20.0, 71.0)
(210.04744986163468, 115.59985722608829, 20.18958514001188, 71.67302724704217)
(211.74260297692007, 108.74308032026349, 20.613884622331742, 73.1792904092777)
(216.37472081819436, 104.37015911210955, 20.716073500330005, 73.54206092617153)
(222.1639208772984, 102.6011005566701, 20.697655681926616, 73.47667767083949)
(226.0, 105.0, 20.0, 71.0)
(225.86561324739105, 105.02748025089444, 19.83456940365542, 70.41272138297674)
(207.35999999999999, 87.0912, 41.471999999999994, 147.2256)
(208.57437756687796, 92.70341338182604, 41.48896935354871, 147.28584120509794)
(204.79995758109317, 98.20420030704591, 41.63946337785266, 147.82009499137695)
(186.624, 101.6064, 41.471999999999994, 147.2256)
(187.80150715167986, 104.716400394567, 41.32148398765591, 146.6912681561785)
(120.0, 84.0, 20.0, 71.0)
