(336, 165, 25, 60)
(338.0, 164.0, 25.0, 60.0)
(339.0, 164.0, 25.0, 60.0)
(338.0, 164.0, 25.0, 60.0)
(334.0, 163.0, 25.0, 60.0)
(344.0, 149.0, 25.0, 60.0)
(337.0, 154.0, 25.0, 60.0)
(335.0, 153.0, 25.0, 60.0)
(327.0, 153.0, 25.0, 60.0)
(320.0, 149.0, 25.0, 60.0)
(315.0, 150.0, 25.0, 60.0)
(310.0, 147.0, 25.0, 60.0)
(306.0, 147.0, 25.0, 60.0)
(297.0, 143.0, 25.0, 60.0)
(290.0, 143.0, 25.0, 60.0)
(290.0, 143.0, 25.0, 60.0)
(279.0, 140.0, 25.0, 60.0)
(274.0, 137.0, 25.0, 60.0)
(266.0, 139.0, 25.0, 60.0)
(265.0, 135.0, 25.0, 60.0)
(258.0, 132.0, 25.0, 60.0)
(252.0, 130.0, 25.0, 60.0)
(246.0, 129.0, 25.0, 60.0)
(242.0, 126.0, 25.0, 60.0)
(234.0, 125.0, 25.0, 60.0)
(228.0, 123.0, 25.0, 60.0)
(221.0, 122.0, 25.0, 60.0)
(216.0, 117.0, 25.0, 60.0)
(203.0, 115.0, 25.0, 60.0)
(200.0, 111.0, 25.0, 60.0)
(194.0, 111.0, 25.0, 60.0)
(188.0, 109.0, 25.0, 60.0)
(179.0, 104.0, 25.0, 60.0)
(173.0, 104.0, 25.0, 60.0)
(170.0, 101.0, 25.0, 60.0)
(163.0, 100.0, 25.0, 60.0)
(154.0, 98.0, 25.0, 60.0)
(147.0, 94.0, 25.0, 60.0)
(143.0, 96.0, 25.0, 60.0)
(133.0, 92.0, 25.0, 60.0)
(126.0, 88.0, 25.0, 60.0)
(120.0, 86.0, 25.0, 60.0)
(112.0, 84.0, 25.0, 60.0)
(104.0, 82.0, 25.0, 60.0)
(95.0, 81.0, 25.0, 60.0)
(88.0, 79.0, 25.0, 60.0)
(79.0, 77.0, 25.0, 60.0)
(69.0, 76.0, 25.0, 60.0)
(63.0, 74.0, 25.0, 60.0)
(55.0, 72.0, 25.0, 60.0)
(47.0, 71.0, 25.0, 60.0)
(33.0, 65.0, 25.0, 60.0)
(26.0, 61.0, 25.0, 60.0)
(22.0, 60.0, 25.0, 60.0)
(15.0, 59.0, 25.0, 60.0)
(3.0, 55.0, 25.0, 60.0)
(14.0, 74.0, 25.0, 60.0)
(11.0, 71.0, 25.0, 60.0)
(23.0, 50.0, 25.0, 60.0)
(9.0, 47.0, 25.0, 60.0)
(1.0, 43.0, 25.0, 60.0)
(0.0, 43.0, 25.0, 60.0)
(2.0, 20.0, 25.0, 60.0)
(11.0, 17.0, 25.0, 60.0)
(0.0, 17.0, 25.0, 60.0)
(15.0, 18.0, 25.0, 60.0)
(13.0, 42.0, 25.0, 60.0)
(0.0, 38.0, 25.0, 60.0)
(2.0, 51.0, 25.0, 60.0)
(24.0, 40.0, 25.0, 60.0)
(0.0, 39.0, 25.0, 60.0)
(0.0, 31.0, 25.0, 60.0)
(0.0, 32.0, 25.0, 60.0)
(2.0, 48.0, 25.0, 60.0)
(2.0, 50.0, 25.0, 60.0)
(0.0, 26.0, 25.0, 60.0)
(0.0, 50.0, 25.0, 60.0)
(0.0, 57.0, 25.0, 60.0)
(0.0, 64.0, 25.0, 60.0)
(2.0, 40.0, 25.0, 60.0)
(2.0, 38.0, 25.0, 60.0)
(2.0, 44.0, 25.0, 60.0)
(0.0, 67.0, 25.0, 60.0)
(0.0, 70.0, 25.0, 60.0)
(0.0, 75.0, 25.0, 60.0)
(0.0, 76.0, 25.0, 60.0)
(0.0, 94.0, 25.0, 60.0)
(1.0, 79.0, 25.0, 60.0)
(0.0, 81.0, 25.0, 60.0)
(0.0, 84.0, 25.0, 60.0)
(0.0, 82.0, 25.0, 60.0)
(0.0, 82.0, 25.0, 60.0)
(0.0, 81.0, 25.0, 60.0)
(1.0, 79.0, 25.0, 60.0)
(0.0, 82.0, 25.0, 60.0)
(0.0, 80.0, 25.0, 60.0)
(1.0, 83.0, 25.0, 60.0)
(0.0, 78.0, 25.0, 60.0)
(2.0, 75.0, 25.0, 60.0)
(0.0, 77.0, 25.0, 60.0)
(0.0, 77.0, 25.0, 60.0)
(0.0, 74.0, 25.0, 60.0)
(0.0, 80.0, 25.0, 60.0)
(0.0, 81.0, 25.0, 60.0)
(1.0, 63.0, 25.0, 60.0)
(1.0, 48.0, 25.0, 60.0)
(1.0, 49.0, 25.0, 60.0)
(1.0, 49.0, 25.0, 60.0)
(1.0, 50.0, 25.0, 60.0)
(1.0, 50.0, 25.0, 60.0)
(1.0, 52.0, 25.0, 60.0)
(1.0, 51.0, 25.0, 60.0)
(0.0, 75.0, 25.0, 60.0)
(0.0, 51.0, 25.0, 60.0)
(1.0, 53.0, 25.0, 60.0)
(0.0, 52.0, 25.0, 60.0)
(1.0, 51.0, 25.0, 60.0)
(1.0, 53.0, 25.0, 60.0)
(1.0, 52.0, 25.0, 60.0)
(0.0, 76.0, 25.0, 60.0)
(0.0, 52.0, 25.0, 60.0)
(0.0, 76.0, 25.0, 60.0)
(1.0, 53.0, 25.0, 60.0)
(1.0, 53.0, 25.0, 60.0)
(1.0, 52.0, 25.0, 60.0)
(1.0, 54.0, 25.0, 60.0)
(1.0, 56.0, 25.0, 60.0)
(0.0, 56.0, 25.0, 60.0)
(1.0, 57.0, 25.0, 60.0)
(0.0, 80.0, 25.0, 60.0)
(1.0, 59.0, 25.0, 60.0)
(1.0, 58.0, 25.0, 60.0)
(0.0, 80.0, 25.0, 60.0)
(1.0, 60.0, 25.0, 60.0)
(0.0, 84.0, 25.0, 60.0)
(0.0, 84.0, 25.0, 60.0)
(1.0, 60.0, 25.0, 60.0)
(1.0, 62.0, 25.0, 60.0)
(1.0, 63.0, 25.0, 60.0)
(0.0, 87.0, 25.0, 60.0)
(0.0, 90.0, 25.0, 60.0)
(0.0, 66.0, 25.0, 60.0)
(0.0, 66.0, 25.0, 60.0)
(0.0, 67.0, 25.0, 60.0)
(0.0, 67.0, 25.0, 60.0)
(0.0, 69.0, 25.0, 60.0)
(0.0, 70.0, 25.0, 60.0)
(0.0, 68.0, 25.0, 60.0)
(0.0, 70.0, 25.0, 60.0)
(0.0, 66.0, 25.0, 60.0)
(0.0, 70.0, 25.0, 60.0)
(0.0, 68.0, 25.0, 60.0)
(0.0, 89.0, 25.0, 60.0)
(0.0, 112.0, 25.0, 60.0)
(0.0, 89.0, 25.0, 60.0)
(1.0, 89.0, 25.0, 60.0)
(0.0, 90.0, 25.0, 60.0)
(1.0, 70.0, 25.0, 60.0)
(2.0, 92.0, 25.0, 60.0)
(1.0, 91.0, 25.0, 60.0)
(0.0, 73.0, 25.0, 60.0)
(0.0, 77.0, 25.0, 60.0)
(0.0, 75.0, 25.0, 60.0)
(23.0, 80.0, 25.0, 60.0)
(1.0, 78.0, 25.0, 60.0)
(0.0, 84.0, 25.0, 60.0)
(1.0, 60.0, 25.0, 60.0)
(1.0, 80.0, 25.0, 60.0)
(1.0, 83.0, 25.0, 60.0)
(0.0, 105.0, 25.0, 60.0)
(0.0, 83.0, 25.0, 60.0)
(1.0, 81.0, 25.0, 60.0)
(1.0, 79.0, 25.0, 60.0)
(0.0, 103.0, 25.0, 60.0)
(0.0, 109.0, 25.0, 60.0)
(0.0, 132.0, 25.0, 60.0)
(1.0, 112.0, 25.0, 60.0)
(1.0, 94.0, 25.0, 60.0)
(1.0, 94.0, 25.0, 60.0)
(1.0, 74.0, 25.0, 60.0)
(11.0, 81.0, 25.0, 60.0)
(0.0, 101.0, 25.0, 60.0)
(4.0, 80.0, 25.0, 60.0)
(1.0, 78.0, 25.0, 60.0)
(0.0, 84.0, 25.0, 60.0)
(0.0, 86.0, 25.0, 60.0)
(0.0, 89.0, 25.0, 60.0)
(1.0, 68.0, 25.0, 60.0)
(0.0, 92.0, 25.0, 60.0)
(0.0, 95.0, 25.0, 60.0)
(1.0, 74.0, 25.0, 60.0)
(0.0, 76.0, 25.0, 60.0)
(1.0, 78.0, 25.0, 60.0)
(0.0, 102.0, 25.0, 60.0)
(0.0, 101.0, 25.0, 60.0)
(1.0, 84.0, 25.0, 60.0)
(0.0, 105.0, 25.0, 60.0)
(0.0, 106.0, 25.0, 60.0)
(0.0, 112.0, 25.0, 60.0)
(0.0, 108.0, 25.0, 60.0)
(0.0, 109.0, 25.0, 60.0)
(0.0, 112.0, 25.0, 60.0)
(0.0, 110.0, 25.0, 60.0)
(1.0, 132.0, 25.0, 60.0)
(0.0, 137.0, 25.0, 60.0)
(0.0, 132.0, 25.0, 60.0)
(1.0, 112.0, 25.0, 60.0)
(0.0, 136.0, 25.0, 60.0)
(0.0, 137.0, 25.0, 60.0)
(1.0, 115.0, 25.0, 60.0)
(1.0, 115.0, 25.0, 60.0)
(1.0, 117.0, 25.0, 60.0)
(1.0, 120.0, 25.0, 60.0)
(0.0, 144.0, 25.0, 60.0)
(0.0, 139.0, 25.0, 60.0)
(1.0, 123.0, 25.0, 60.0)
(0.0, 147.0, 25.0, 60.0)
(1.0, 126.0, 25.0, 60.0)
(0.0, 150.0, 25.0, 60.0)
(0.0, 153.0, 25.0, 60.0)
(1.0, 132.0, 25.0, 60.0)
(1.0, 137.0, 25.0, 60.0)
(1.0, 135.0, 25.0, 60.0)
(1.0, 136.0, 25.0, 60.0)
(1.0, 138.0, 25.0, 60.0)
(1.0, 142.0, 25.0, 60.0)
(0.0, 164.0, 25.0, 60.0)
(0.0, 164.0, 25.0, 60.0)
(1.0, 143.0, 25.0, 60.0)
(0.0, 167.0, 25.0, 60.0)
(1.0, 144.0, 25.0, 60.0)
(2.0, 167.0, 25.0, 60.0)
(0.0, 149.0, 25.0, 60.0)
(1.0, 152.0, 25.0, 60.0)
(1.0, 149.0, 25.0, 60.0)
(0.0, 172.0, 25.0, 60.0)
(12.0, 155.0, 25.0, 60.0)
(0.0, 159.0, 25.0, 60.0)
(0.0, 154.0, 25.0, 60.0)
(1.0, 159.0, 25.0, 60.0)
(1.0, 156.0, 25.0, 60.0)
(0.0, 180.0, 25.0, 60.0)
(0.0, 160.0, 25.0, 60.0)
(1.0, 158.0, 25.0, 60.0)
(1.0, 165.0, 25.0, 60.0)
(1.0, 160.0, 25.0, 60.0)
(15.0, 140.0, 25.0, 60.0)
(0.0, 144.0, 25.0, 60.0)
(1.0, 146.0, 25.0, 60.0)
(1.0, 144.0, 25.0, 60.0)
(1.0, 146.0, 25.0, 60.0)
(1.0, 149.0, 25.0, 60.0)
(0.0, 173.0, 25.0, 60.0)
(1.0, 173.0, 25.0, 60.0)
(1.0, 177.0, 25.0, 60.0)
(1.0, 180.0, 25.0, 60.0)
(0.0, 203.0, 25.0, 60.0)
(0.0, 185.0, 25.0, 60.0)
(0.0, 187.0, 25.0, 60.0)
(0.0, 190.0, 25.0, 60.0)
(0.0, 192.0, 25.0, 60.0)
(0.0, 194.0, 25.0, 60.0)
(1.0, 195.0, 25.0, 60.0)
(1.0, 197.0, 25.0, 60.0)
(1.0, 198.0, 25.0, 60.0)
(0.0, 222.0, 25.0, 60.0)
(1.0, 199.0, 25.0, 60.0)
(0.0, 218.0, 25.0, 60.0)
(1.0, 198.0, 25.0, 60.0)
(1.0, 197.0, 25.0, 60.0)
(1.0, 198.0, 25.0, 60.0)
(1.0, 195.0, 25.0, 60.0)
(1.0, 197.0, 25.0, 60.0)
(1.0, 197.0, 25.0, 60.0)
(1.0, 196.0, 25.0, 60.0)
(2.0, 213.0, 25.0, 60.0)
(1.0, 195.0, 25.0, 60.0)
(1.0, 173.0, 25.0, 60.0)
(0.0, 166.0, 25.0, 60.0)
(1.0, 172.0, 25.0, 60.0)
(0.0, 176.0, 25.0, 60.0)
(0.0, 195.0, 25.0, 60.0)
(0.0, 186.0, 25.0, 60.0)
(0.0, 189.0, 25.0, 60.0)
(0.0, 213.0, 25.0, 60.0)
(1.0, 200.0, 25.0, 60.0)
(2.0, 202.0, 25.0, 60.0)
(0.0, 203.0, 25.0, 60.0)
(2.0, 202.0, 25.0, 60.0)
(0.0, 204.0, 25.0, 60.0)
(0.0, 200.0, 25.0, 60.0)
(0.0, 207.0, 25.0, 60.0)
(0.0, 208.0, 25.0, 60.0)
(0.0, 210.0, 25.0, 60.0)
(0.0, 209.0, 25.0, 60.0)
(0.0, 231.0, 25.0, 60.0)
(1.0, 232.0, 25.0, 60.0)
(0.0, 215.0, 25.0, 60.0)
(1.0, 233.0, 25.0, 60.0)
(0.0, 216.0, 25.0, 60.0)
(0.0, 216.0, 25.0, 60.0)
(1.0, 202.0, 25.0, 60.0)
(1.0, 216.0, 25.0, 60.0)
(0.0, 216.0, 25.0, 60.0)
(0.0, 217.0, 25.0, 60.0)
(0.0, 216.0, 25.0, 60.0)
(0.0, 217.0, 25.0, 60.0)
(15.0, 205.0, 25.0, 60.0)
(1.0, 215.0, 25.0, 60.0)
(0.0, 218.0, 25.0, 60.0)
(0.0, 220.0, 25.0, 60.0)
(0.0, 221.0, 25.0, 60.0)
(0.0, 222.0, 25.0, 60.0)
(0.0, 224.0, 25.0, 60.0)
(0.0, 225.0, 25.0, 60.0)
(0.0, 224.0, 25.0, 60.0)
(0.0, 226.0, 25.0, 60.0)
(0.0, 229.0, 25.0, 60.0)
(0.0, 229.0, 25.0, 60.0)
(0.0, 231.0, 25.0, 60.0)
(1.0, 230.0, 25.0, 60.0)
(0.0, 233.0, 25.0, 60.0)
(0.0, 237.0, 25.0, 60.0)
(2.0, 239.0, 25.0, 60.0)
(0.0, 240.0, 25.0, 60.0)
(0.0, 244.0, 25.0, 60.0)
(0.0, 245.0, 25.0, 60.0)
(0.0, 245.0, 25.0, 60.0)
(1.0, 246.0, 25.0, 60.0)
(0.0, 251.0, 25.0, 60.0)
(0.0, 253.0, 25.0, 60.0)
(0.0, 257.0, 25.0, 60.0)
(0.0, 258.0, 25.0, 60.0)
(0.0, 259.0, 25.0, 60.0)
(1.0, 265.0, 25.0, 60.0)
(0.0, 267.0, 25.0, 60.0)
(1.0, 269.0, 25.0, 60.0)
(0.0, 270.0, 25.0, 60.0)
(0.0, 276.0, 25.0, 60.0)
(0.0, 278.0, 25.0, 60.0)
(1.0, 284.0, 25.0, 60.0)
(0.0, 284.0, 25.0, 60.0)
(1.0, 286.0, 25.0, 60.0)
(0.0, 288.0, 25.0, 60.0)
(0.0, 292.0, 25.0, 60.0)
(0.0, 297.0, 25.0, 60.0)
(0.0, 297.0, 25.0, 60.0)
(0.0, 298.0, 25.0, 60.0)
(0.0, 297.0, 25.0, 60.0)
(0.0, 299.0, 25.0, 60.0)
