(257, 163, 57, 36)
(258.0, 163.0, 57.0, 36.0)
(257.0, 162.0, 57.0, 36.0)
(257.0, 162.0, 57.0, 36.0)
(256.0, 162.0, 57.0, 36.0)
(255.0, 162.0, 57.0, 36.0)
(255.0, 162.0, 57.0, 36.0)
(254.0, 161.0, 57.0, 36.0)
(253.0, 160.0, 57.0, 36.0)
(252.0, 161.0, 57.0, 36.0)
(252.0, 161.0, 57.0, 36.0)
(251.0, 159.0, 57.0, 36.0)
(252.0, 160.0, 57.0, 36.0)
(251.0, 160.0, 57.0, 36.0)
(250.0, 159.0, 57.0, 36.0)
(249.0, 158.0, 57.0, 36.0)
(249.0, 158.0, 57.0, 36.0)
(248.0, 158.0, 57.0, 36.0)
(248.0, 157.0, 57.0, 36.0)
(247.0, 157.0, 57.0, 36.0)
(247.0, 157.0, 57.0, 36.0)
(247.0, 157.0, 57.0, 36.0)
(246.0, 157.0, 57.0, 36.0)
(245.0, 157.0, 57.0, 36.0)
(245.0, 158.0, 57.0, 36.0)
(245.0, 156.0, 57.0, 36.0)
(243.0, 156.0, 57.0, 36.0)
(243.0, 156.0, 57.0, 36.0)
(243.0, 157.0, 57.0, 36.0)
(243.0, 157.0, 57.0, 36.0)
(243.0, 157.0, 57.0, 36.0)
(241.0, 155.0, 57.0, 36.0)
(242.0, 157.0, 57.0, 36.0)
(242.0, 156.0, 57.0, 36.0)
(241.0, 156.0, 57.0, 36.0)
(241.0, 156.0, 57.0, 36.0)
(240.0, 155.0, 57.0, 36.0)
(240.0, 155.0, 57.0, 36.0)
(240.0, 155.0, 57.0, 36.0)
(239.0, 155.0, 57.0, 36.0)
(239.0, 155.0, 57.0, 36.0)
(238.0, 154.0, 57.0, 36.0)
(238.0, 154.0, 57.0, 36.0)
(237.0, 154.0, 57.0, 36.0)
(237.0, 154.0, 57.0, 36.0)
(237.0, 154.0, 57.0, 36.0)
(237.0, 154.0, 57.0, 36.0)
(236.0, 153.0, 57.0, 36.0)
(236.0, 153.0, 57.0, 36.0)
(236.0, 153.0, 57.0, 36.0)
(235.0, 153.0, 57.0, 36.0)
(235.0, 152.0, 57.0, 36.0)
(235.0, 153.0, 57.0, 36.0)
(235.0, 152.0, 57.0, 36.0)
(235.0, 152.0, 57.0, 36.0)
(235.0, 151.0, 57.0, 36.0)
(235.0, 151.0, 57.0, 36.0)
(235.0, 151.0, 57.0, 36.0)
(234.0, 152.0, 57.0, 36.0)
(235.0, 151.0, 57.0, 36.0)
(235.0, 151.0, 57.0, 36.0)
(235.0, 150.0, 57.0, 36.0)
(234.0, 150.0, 57.0, 36.0)
(235.0, 150.0, 57.0, 36.0)
(234.0, 150.0, 57.0, 36.0)
(232.0, 150.0, 57.0, 36.0)
(233.0, 150.0, 57.0, 36.0)
(233.0, 149.0, 57.0, 36.0)
(232.0, 149.0, 57.0, 36.0)
(232.0, 149.0, 57.0, 36.0)
(233.0, 149.0, 57.0, 36.0)
(232.0, 149.0, 57.0, 36.0)
(233.0, 148.0, 57.0, 36.0)
(233.0, 148.0, 57.0, 36.0)
(233.0, 148.0, 57.0, 36.0)
(233.0, 148.0, 57.0, 36.0)
(233.0, 148.0, 57.0, 36.0)
(233.0, 147.0, 57.0, 36.0)
(233.0, 147.0, 57.0, 36.0)
(231.0, 147.0, 57.0, 36.0)
(232.0, 147.0, 57.0, 36.0)
(231.0, 147.0, 57.0, 36.0)
(233.0, 146.0, 57.0, 36.0)
(233.0, 146.0, 57.0, 36.0)
(231.0, 146.0, 57.0, 36.0)
(230.0, 146.0, 57.0, 36.0)
(230.0, 146.0, 57.0, 36.0)
(230.0, 146.0, 57.0, 36.0)
(230.0, 145.0, 57.0, 36.0)
(230.0, 145.0, 57.0, 36.0)
(230.0, 145.0, 57.0, 36.0)
(230.0, 145.0, 57.0, 36.0)
(230.0, 143.0, 57.0, 36.0)
(228.0, 143.0, 57.0, 36.0)
(229.0, 144.0, 57.0, 36.0)
(230.0, 144.0, 57.0, 36.0)
(230.0, 143.0, 57.0, 36.0)
(230.0, 143.0, 57.0, 36.0)
(231.0, 143.0, 57.0, 36.0)
(230.0, 143.0, 57.0, 36.0)
(230.0, 143.0, 57.0, 36.0)
(230.0, 143.0, 57.0, 36.0)
(230.0, 143.0, 57.0, 36.0)
(230.0, 143.0, 57.0, 36.0)
(230.0, 143.0, 57.0, 36.0)
(230.0, 143.0, 57.0, 36.0)
(230.0, 143.0, 57.0, 36.0)
(230.0, 143.0, 57.0, 36.0)
(230.0, 143.0, 57.0, 36.0)
(231.0, 142.0, 57.0, 36.0)
(231.0, 143.0, 57.0, 36.0)
(231.0, 143.0, 57.0, 36.0)
(230.0, 143.0, 57.0, 36.0)
(230.0, 143.0, 57.0, 36.0)
(230.0, 143.0, 57.0, 36.0)
(230.0, 143.0, 57.0, 36.0)
(230.0, 143.0, 57.0, 36.0)
(230.0, 143.0, 57.0, 36.0)
(230.0, 143.0, 57.0, 36.0)
(230.0, 143.0, 57.0, 36.0)
(230.0, 143.0, 57.0, 36.0)
(230.0, 143.0, 57.0, 36.0)
(230.0, 143.0, 57.0, 36.0)
(230.0, 143.0, 57.0, 36.0)
(230.0, 142.0, 57.0, 36.0)
(231.0, 143.0, 57.0, 36.0)
(230.0, 143.0, 57.0, 36.0)
(230.0, 143.0, 57.0, 36.0)
(230.0, 143.0, 57.0, 36.0)
(230.0, 143.0, 57.0, 36.0)
(231.0, 143.0, 57.0, 36.0)
(231.0, 143.0, 57.0, 36.0)
(231.0, 143.0, 57.0, 36.0)
(230.0, 143.0, 57.0, 36.0)
(231.0, 143.0, 57.0, 36.0)
(231.0, 143.0, 57.0, 36.0)
(230.0, 143.0, 57.0, 36.0)
(230.0, 143.0, 57.0, 36.0)
(230.0, 143.0, 57.0, 36.0)
(230.0, 143.0, 57.0, 36.0)
(230.0, 143.0, 57.0, 36.0)
(230.0, 143.0, 57.0, 36.0)
(230.0, 143.0, 57.0, 36.0)
(230.0, 143.0, 57.0, 36.0)
(230.0, 145.0, 57.0, 36.0)
(230.0, 143.0, 57.0, 36.0)
(230.0, 143.0, 57.0, 36.0)
(230.0, 143.0, 57.0, 36.0)
(231.0, 143.0, 57.0, 36.0)
(230.0, 143.0, 57.0, 36.0)
(230.0, 143.0, 57.0, 36.0)
(230.0, 143.0, 57.0, 36.0)
(230.0, 145.0, 57.0, 36.0)
(230.0, 145.0, 57.0, 36.0)
(230.0, 145.0, 57.0, 36.0)
(230.0, 145.0, 57.0, 36.0)
(231.0, 145.0, 57.0, 36.0)
(230.0, 145.0, 57.0, 36.0)
(230.0, 145.0, 57.0, 36.0)
(230.0, 145.0, 57.0, 36.0)
(230.0, 145.0, 57.0, 36.0)
(231.0, 143.0, 57.0, 36.0)
(231.0, 143.0, 57.0, 36.0)
(231.0, 143.0, 57.0, 36.0)
(231.0, 143.0, 57.0, 36.0)
(231.0, 143.0, 57.0, 36.0)
(231.0, 143.0, 57.0, 36.0)
(231.0, 143.0, 57.0, 36.0)
(231.0, 143.0, 57.0, 36.0)
(230.0, 143.0, 57.0, 36.0)
(231.0, 143.0, 57.0, 36.0)
(231.0, 143.0, 57.0, 36.0)
(230.0, 143.0, 57.0, 36.0)
(230.0, 143.0, 57.0, 36.0)
(230.0, 142.0, 57.0, 36.0)
(230.0, 143.0, 57.0, 36.0)
(230.0, 143.0, 57.0, 36.0)
(230.0, 143.0, 57.0, 36.0)
(230.0, 143.0, 57.0, 36.0)
(230.0, 143.0, 57.0, 36.0)
(230.0, 143.0, 57.0, 36.0)
(230.0, 143.0, 57.0, 36.0)
(230.0, 143.0, 57.0, 36.0)
(230.0, 143.0, 57.0, 36.0)
(230.0, 143.0, 57.0, 36.0)
(230.0, 143.0, 57.0, 36.0)
(230.0, 143.0, 57.0, 36.0)
(229.0, 143.0, 57.0, 36.0)
(229.0, 143.0, 57.0, 36.0)
(229.0, 143.0, 57.0, 36.0)
(228.0, 143.0, 57.0, 36.0)
(228.0, 143.0, 57.0, 36.0)
(228.0, 143.0, 57.0, 36.0)
(228.0, 143.0, 57.0, 36.0)
(227.0, 143.0, 57.0, 36.0)
(226.0, 144.0, 57.0, 36.0)
(227.0, 143.0, 57.0, 36.0)
(227.0, 143.0, 57.0, 36.0)
(227.0, 143.0, 57.0, 36.0)
(226.0, 143.0, 57.0, 36.0)
(225.0, 143.0, 57.0, 36.0)
(226.0, 143.0, 57.0, 36.0)
(225.0, 142.0, 57.0, 36.0)
(224.0, 143.0, 57.0, 36.0)
(224.0, 143.0, 57.0, 36.0)
(223.0, 143.0, 57.0, 36.0)
(222.0, 143.0, 57.0, 36.0)
(222.0, 143.0, 57.0, 36.0)
(222.0, 143.0, 57.0, 36.0)
(221.0, 145.0, 57.0, 36.0)
(220.0, 145.0, 57.0, 36.0)
(219.0, 145.0, 57.0, 36.0)
(219.0, 145.0, 57.0, 36.0)
(218.0, 146.0, 57.0, 36.0)
(217.0, 146.0, 57.0, 36.0)
(216.0, 146.0, 57.0, 36.0)
(216.0, 146.0, 57.0, 36.0)
(215.0, 146.0, 57.0, 36.0)
(214.0, 146.0, 57.0, 36.0)
(213.0, 146.0, 57.0, 36.0)
(212.0, 147.0, 57.0, 36.0)
(210.0, 147.0, 57.0, 36.0)
(211.0, 146.0, 57.0, 36.0)
(209.0, 147.0, 57.0, 36.0)
(207.0, 147.0, 57.0, 36.0)
(206.0, 147.0, 57.0, 36.0)
(204.0, 148.0, 57.0, 36.0)
(203.0, 148.0, 57.0, 36.0)
(201.0, 148.0, 57.0, 36.0)
(201.0, 148.0, 57.0, 36.0)
(198.0, 150.0, 57.0, 36.0)
(197.0, 150.0, 57.0, 36.0)
(196.0, 150.0, 57.0, 36.0)
(195.0, 150.0, 57.0, 36.0)
(195.0, 150.0, 57.0, 36.0)
(192.0, 150.0, 57.0, 36.0)
(191.0, 150.0, 57.0, 36.0)
(190.0, 150.0, 57.0, 36.0)
(188.0, 150.0, 57.0, 36.0)
(187.0, 151.0, 57.0, 36.0)
(185.0, 151.0, 57.0, 36.0)
(185.0, 151.0, 57.0, 36.0)
(184.0, 152.0, 57.0, 36.0)
(183.0, 152.0, 57.0, 36.0)
(182.0, 152.0, 57.0, 36.0)
(181.0, 152.0, 57.0, 36.0)
(178.0, 152.0, 57.0, 36.0)
(177.0, 152.0, 57.0, 36.0)
(175.0, 152.0, 57.0, 36.0)
(174.0, 152.0, 57.0, 36.0)
(172.0, 152.0, 57.0, 36.0)
(170.0, 152.0, 57.0, 36.0)
(168.0, 152.0, 57.0, 36.0)
(167.0, 152.0, 57.0, 36.0)
(165.0, 152.0, 57.0, 36.0)
(164.0, 152.0, 57.0, 36.0)
(162.0, 152.0, 57.0, 36.0)
(160.0, 153.0, 57.0, 36.0)
(158.0, 152.0, 57.0, 36.0)
(160.0, 150.0, 57.0, 36.0)
(155.0, 152.0, 57.0, 36.0)
(151.0, 151.0, 57.0, 36.0)
(149.0, 151.0, 57.0, 36.0)
(148.0, 152.0, 57.0, 36.0)
(148.0, 151.0, 57.0, 36.0)
(146.0, 151.0, 57.0, 36.0)
(143.0, 150.0, 57.0, 36.0)
(143.0, 150.0, 57.0, 36.0)
(143.0, 150.0, 57.0, 36.0)
(140.0, 148.0, 57.0, 36.0)
(140.0, 148.0, 57.0, 36.0)
(137.0, 149.0, 57.0, 36.0)
(136.0, 149.0, 57.0, 36.0)
(135.0, 149.0, 57.0, 36.0)
(131.0, 148.0, 57.0, 36.0)
(130.0, 148.0, 57.0, 36.0)
(131.0, 148.0, 57.0, 36.0)
(130.0, 149.0, 57.0, 36.0)
(128.0, 148.0, 57.0, 36.0)
(127.0, 146.0, 57.0, 36.0)
(124.0, 147.0, 57.0, 36.0)
(124.0, 145.0, 57.0, 36.0)
(123.0, 145.0, 57.0, 36.0)
(124.0, 145.0, 57.0, 36.0)
(119.0, 145.0, 57.0, 36.0)
(119.0, 144.0, 57.0, 36.0)
(116.0, 144.0, 57.0, 36.0)
(115.0, 145.0, 57.0, 36.0)
(112.0, 145.0, 57.0, 36.0)
(111.0, 142.0, 57.0, 36.0)
(110.0, 143.0, 57.0, 36.0)
(111.0, 142.0, 57.0, 36.0)
(111.0, 142.0, 57.0, 36.0)
(111.0, 142.0, 57.0, 36.0)
(108.0, 142.0, 57.0, 36.0)
(106.0, 142.0, 57.0, 36.0)
(105.0, 141.0, 57.0, 36.0)
(103.0, 141.0, 57.0, 36.0)
(102.0, 141.0, 57.0, 36.0)
(102.0, 139.0, 57.0, 36.0)
(98.0, 140.0, 57.0, 36.0)
(96.0, 139.0, 57.0, 36.0)
(95.0, 139.0, 57.0, 36.0)
(94.0, 139.0, 57.0, 36.0)
(92.0, 138.0, 57.0, 36.0)
(91.0, 139.0, 57.0, 36.0)
(89.0, 137.0, 57.0, 36.0)
(87.0, 138.0, 57.0, 36.0)
(85.0, 136.0, 57.0, 36.0)
(84.0, 136.0, 57.0, 36.0)
(82.0, 136.0, 57.0, 36.0)
(81.0, 135.0, 57.0, 36.0)
(80.0, 136.0, 57.0, 36.0)
(78.0, 136.0, 57.0, 36.0)
(76.0, 135.0, 57.0, 36.0)
(74.0, 135.0, 57.0, 36.0)
(72.0, 135.0, 57.0, 36.0)
(70.0, 134.0, 57.0, 36.0)
(70.0, 134.0, 57.0, 36.0)
(67.0, 135.0, 57.0, 36.0)
(66.0, 135.0, 57.0, 36.0)
(64.0, 134.0, 57.0, 36.0)
(63.0, 134.0, 57.0, 36.0)
(62.0, 135.0, 57.0, 36.0)
(59.0, 133.0, 57.0, 36.0)
(59.0, 133.0, 57.0, 36.0)
(59.0, 133.0, 57.0, 36.0)
(54.0, 131.0, 57.0, 36.0)
(53.0, 131.0, 57.0, 36.0)
(51.0, 131.0, 57.0, 36.0)
(50.0, 131.0, 57.0, 36.0)
(50.0, 131.0, 57.0, 36.0)
(48.0, 131.0, 57.0, 36.0)
(45.0, 131.0, 57.0, 36.0)
(45.0, 131.0, 57.0, 36.0)
(44.0, 131.0, 57.0, 36.0)
(41.0, 130.0, 57.0, 36.0)
(39.0, 130.0, 57.0, 36.0)
(38.0, 130.0, 57.0, 36.0)
(36.0, 130.0, 57.0, 36.0)
(35.0, 130.0, 57.0, 36.0)
(35.0, 130.0, 57.0, 36.0)
(35.0, 130.0, 57.0, 36.0)
(33.0, 130.0, 57.0, 36.0)
(32.0, 130.0, 57.0, 36.0)
(30.0, 130.0, 57.0, 36.0)
(29.0, 130.0, 57.0, 36.0)
(29.0, 130.0, 57.0, 36.0)
(28.0, 130.0, 57.0, 36.0)
(28.0, 130.0, 57.0, 36.0)
(25.0, 129.0, 57.0, 36.0)
(23.0, 129.0, 57.0, 36.0)
(24.0, 129.0, 57.0, 36.0)
(24.0, 129.0, 57.0, 36.0)
(23.0, 128.0, 57.0, 36.0)
(22.0, 128.0, 57.0, 36.0)
(20.0, 128.0, 57.0, 36.0)
(19.0, 128.0, 57.0, 36.0)
(16.0, 127.0, 57.0, 36.0)
(18.0, 126.0, 57.0, 36.0)
(16.0, 125.0, 57.0, 36.0)
(14.0, 125.0, 57.0, 36.0)
(14.0, 125.0, 57.0, 36.0)
(13.0, 125.0, 57.0, 36.0)
(12.0, 125.0, 57.0, 36.0)
(8.0, 125.0, 57.0, 36.0)
(7.0, 125.0, 57.0, 36.0)
(7.0, 125.0, 57.0, 36.0)
(6.0, 125.0, 57.0, 36.0)
(5.0, 125.0, 57.0, 36.0)
(4.0, 124.0, 57.0, 36.0)
(1.0, 124.0, 57.0, 36.0)
(1.0, 124.0, 57.0, 36.0)
(0.0, 124.0, 57.0, 36.0)
