(257, 163, 57, 36)
(255.0, 163.0, 60.0, 36.0)
(254.0, 163.0, 60.0, 36.0)
(253.0, 163.0, 60.0, 36.0)
(252.0, 163.0, 60.0, 36.0)
(251.0, 162.0, 60.0, 36.0)
(251.0, 162.0, 60.0, 36.0)
(250.0, 162.0, 60.0, 36.0)
(249.0, 162.0, 60.0, 36.0)
(248.0, 162.0, 60.0, 36.0)
(248.0, 162.0, 60.0, 36.0)
(247.0, 161.0, 60.0, 36.0)
(246.0, 161.0, 60.0, 36.0)
(246.0, 161.0, 60.0, 36.0)
(245.0, 161.0, 60.0, 36.0)
(244.0, 161.0, 60.0, 36.0)
(244.0, 161.0, 60.0, 36.0)
(243.0, 161.0, 60.0, 36.0)
(243.0, 160.0, 60.0, 36.0)
(242.0, 160.0, 60.0, 36.0)
(242.0, 160.0, 60.0, 36.0)
(241.0, 160.0, 60.0, 36.0)
(241.0, 160.0, 60.0, 36.0)
(240.0, 160.0, 60.0, 36.0)
(240.0, 159.0, 60.0, 36.0)
(239.0, 159.0, 60.0, 36.0)
(239.0, 159.0, 60.0, 36.0)
(238.0, 159.0, 60.0, 36.0)
(238.0, 159.0, 60.0, 36.0)
(237.0, 158.0, 60.0, 36.0)
(237.0, 158.0, 60.0, 36.0)
(237.0, 158.0, 60.0, 36.0)
(236.0, 158.0, 60.0, 36.0)
(236.0, 158.0, 60.0, 36.0)
(235.0, 157.0, 60.0, 36.0)
(235.0, 157.0, 60.0, 36.0)
(235.0, 157.0, 60.0, 36.0)
(234.0, 157.0, 60.0, 36.0)
(234.0, 157.0, 60.0, 36.0)
(234.0, 156.0, 60.0, 36.0)
(233.0, 156.0, 60.0, 36.0)
(233.0, 156.0, 60.0, 36.0)
(233.0, 156.0, 60.0, 36.0)
(232.0, 156.0, 60.0, 36.0)
(232.0, 155.0, 60.0, 36.0)
(232.0, 155.0, 60.0, 36.0)
(231.0, 155.0, 60.0, 36.0)
(231.0, 155.0, 60.0, 36.0)
(231.0, 155.0, 60.0, 36.0)
(230.0, 155.0, 60.0, 36.0)
(230.0, 155.0, 60.0, 36.0)
(230.0, 154.0, 60.0, 36.0)
(230.0, 154.0, 60.0, 36.0)
(229.0, 154.0, 60.0, 36.0)
(229.0, 154.0, 60.0, 36.0)
(229.0, 154.0, 60.0, 36.0)
(228.0, 154.0, 60.0, 36.0)
(228.0, 154.0, 60.0, 36.0)
(228.0, 154.0, 60.0, 36.0)
(228.0, 153.0, 60.0, 36.0)
(227.0, 153.0, 60.0, 36.0)
(227.0, 153.0, 60.0, 36.0)
(227.0, 153.0, 60.0, 36.0)
(227.0, 153.0, 60.0, 36.0)
(226.0, 153.0, 60.0, 36.0)
(226.0, 153.0, 60.0, 36.0)
(226.0, 152.0, 60.0, 36.0)
(226.0, 152.0, 60.0, 36.0)
(226.0, 152.0, 60.0, 36.0)
(225.0, 152.0, 60.0, 36.0)
(225.0, 152.0, 60.0, 36.0)
(225.0, 152.0, 60.0, 36.0)
(225.0, 152.0, 60.0, 36.0)
(224.0, 151.0, 60.0, 36.0)
(224.0, 151.0, 60.0, 36.0)
(224.0, 151.0, 60.0, 36.0)
(224.0, 151.0, 60.0, 36.0)
(224.0, 151.0, 60.0, 36.0)
(223.0, 151.0, 60.0, 36.0)
(223.0, 150.0, 60.0, 36.0)
(223.0, 150.0, 60.0, 36.0)
(223.0, 150.0, 60.0, 36.0)
(223.0, 150.0, 60.0, 36.0)
(223.0, 150.0, 60.0, 36.0)
(222.0, 150.0, 60.0, 36.0)
(222.0, 150.0, 60.0, 36.0)
(222.0, 149.0, 60.0, 36.0)
(222.0, 149.0, 60.0, 36.0)
(222.0, 149.0, 60.0, 36.0)
(222.0, 149.0, 60.0, 36.0)
(222.0, 149.0, 60.0, 36.0)
(222.0, 149.0, 60.0, 36.0)
(222.0, 149.0, 60.0, 36.0)
(222.0, 149.0, 60.0, 36.0)
(221.0, 148.0, 60.0, 36.0)
(221.0, 148.0, 60.0, 36.0)
(221.0, 148.0, 60.0, 36.0)
(221.0, 148.0, 60.0, 36.0)
(221.0, 148.0, 60.0, 36.0)
(221.0, 148.0, 60.0, 36.0)
(221.0, 148.0, 60.0, 36.0)
(221.0, 148.0, 60.0, 36.0)
(221.0, 148.0, 60.0, 36.0)
(221.0, 148.0, 60.0, 36.0)
(221.0, 147.0, 60.0, 36.0)
(221.0, 147.0, 60.0, 36.0)
(221.0, 147.0, 60.0, 36.0)
(221.0, 147.0, 60.0, 36.0)
(221.0, 147.0, 60.0, 36.0)
(221.0, 147.0, 60.0, 36.0)
(221.0, 147.0, 60.0, 36.0)
(221.0, 147.0, 60.0, 36.0)
(221.0, 147.0, 60.0, 36.0)
(221.0, 147.0, 60.0, 36.0)
(221.0, 147.0, 60.0, 36.0)
(221.0, 147.0, 60.0, 36.0)
(221.0, 147.0, 60.0, 36.0)
(221.0, 147.0, 60.0, 36.0)
(221.0, 147.0, 60.0, 36.0)
(221.0, 147.0, 60.0, 36.0)
(221.0, 147.0, 60.0, 36.0)
(221.0, 147.0, 60.0, 36.0)
(221.0, 147.0, 60.0, 36.0)
(221.0, 147.0, 60.0, 36.0)
(221.0, 147.0, 60.0, 36.0)
(221.0, 147.0, 60.0, 36.0)
(221.0, 147.0, 60.0, 36.0)
(221.0, 147.0, 60.0, 36.0)
(221.0, 147.0, 60.0, 36.0)
(221.0, 147.0, 60.0, 36.0)
(221.0, 147.0, 60.0, 36.0)
(221.0, 147.0, 60.0, 36.0)
(221.0, 147.0, 60.0, 36.0)
(221.0, 147.0, 60.0, 36.0)
(221.0, 147.0, 60.0, 36.0)
(221.0, 147.0, 60.0, 36.0)
(221.0, 147.0, 60.0, 36.0)
(221.0, 147.0, 60.0, 36.0)
(221.0, 147.0, 60.0, 36.0)
(221.0, 147.0, 60.0, 36.0)
(221.0, 147.0, 60.0, 36.0)
(221.0, 147.0, 60.0, 36.0)
(221.0, 147.0, 60.0, 36.0)
(221.0, 147.0, 60.0, 36.0)
(221.0, 147.0, 60.0, 36.0)
(221.0, 147.0, 60.0, 36.0)
(221.0, 147.0, 60.0, 36.0)
(221.0, 147.0, 60.0, 36.0)
(221.0, 147.0, 60.0, 36.0)
(221.0, 147.0, 60.0, 36.0)
(221.0, 147.0, 60.0, 36.0)
(221.0, 147.0, 60.0, 36.0)
(221.0, 147.0, 60.0, 36.0)
(221.0, 147.0, 60.0, 36.0)
(221.0, 147.0, 60.0, 36.0)
(221.0, 147.0, 60.0, 36.0)
(221.0, 147.0, 60.0, 36.0)
(221.0, 147.0, 60.0, 36.0)
(221.0, 147.0, 60.0, 36.0)
(221.0, 147.0, 60.0, 36.0)
(221.0, 147.0, 60.0, 36.0)
(221.0, 147.0, 60.0, 36.0)
(221.0, 147.0, 60.0, 36.0)
(221.0, 147.0, 60.0, 36.0)
(221.0, 147.0, 60.0, 36.0)
(221.0, 147.0, 60.0, 36.0)
(221.0, 147.0, 60.0, 36.0)
(221.0, 147.0, 60.0, 36.0)
(221.0, 147.0, 60.0, 36.0)
(221.0, 147.0, 60.0, 36.0)
(221.0, 147.0, 60.0, 36.0)
(221.0, 147.0, 60.0, 36.0)
(221.0, 147.0, 60.0, 36.0)
(221.0, 147.0, 60.0, 36.0)
(221.0, 147.0, 60.0, 36.0)
(221.0, 147.0, 60.0, 36.0)
(220.0, 147.0, 60.0, 36.0)
(220.0, 147.0, 60.0, 36.0)
(220.0, 147.0, 60.0, 36.0)
(220.0, 147.0, 60.0, 36.0)
(220.0, 147.0, 60.0, 36.0)
(219.0, 147.0, 60.0, 36.0)
(219.0, 147.0, 60.0, 36.0)
(219.0, 147.0, 60.0, 36.0)
(218.0, 147.0, 60.0, 36.0)
(218.0, 147.0, 60.0, 36.0)
(218.0, 147.0, 60.0, 36.0)
(217.0, 147.0, 60.0, 36.0)
(217.0, 147.0, 60.0, 36.0)
(216.0, 147.0, 60.0, 36.0)
(216.0, 147.0, 60.0, 36.0)
(215.0, 147.0, 60.0, 36.0)
(215.0, 147.0, 60.0, 36.0)
(214.0, 148.0, 60.0, 36.0)
(214.0, 148.0, 60.0, 36.0)
(213.0, 148.0, 60.0, 36.0)
(212.0, 148.0, 60.0, 36.0)
(212.0, 148.0, 60.0, 36.0)
(211.0, 148.0, 60.0, 36.0)
(210.0, 148.0, 60.0, 36.0)
(209.0, 148.0, 60.0, 36.0)
(208.0, 148.0, 60.0, 36.0)
(208.0, 148.0, 60.0, 36.0)
(207.0, 148.0, 60.0, 36.0)
(206.0, 148.0, 60.0, 36.0)
(205.0, 148.0, 60.0, 36.0)
(204.0, 148.0, 60.0, 36.0)
(203.0, 148.0, 60.0, 36.0)
(202.0, 148.0, 60.0, 36.0)
(201.0, 148.0, 60.0, 36.0)
(200.0, 148.0, 60.0, 36.0)
(199.0, 148.0, 60.0, 36.0)
(198.0, 148.0, 60.0, 36.0)
(197.0, 148.0, 60.0, 36.0)
(196.0, 148.0, 60.0, 36.0)
(195.0, 148.0, 60.0, 36.0)
(193.0, 148.0, 60.0, 36.0)
(192.0, 148.0, 60.0, 36.0)
(191.0, 148.0, 60.0, 36.0)
(189.0, 148.0, 60.0, 36.0)
(188.0, 148.0, 60.0, 36.0)
(187.0, 148.0, 60.0, 36.0)
(186.0, 148.0, 60.0, 36.0)
(184.0, 148.0, 60.0, 36.0)
(183.0, 148.0, 60.0, 36.0)
(181.0, 148.0, 60.0, 36.0)
(180.0, 148.0, 60.0, 36.0)
(179.0, 148.0, 60.0, 36.0)
(177.0, 148.0, 60.0, 36.0)
(176.0, 148.0, 60.0, 36.0)
(174.0, 148.0, 60.0, 36.0)
(173.0, 148.0, 60.0, 36.0)
(172.0, 148.0, 60.0, 36.0)
(169.0, 148.0, 60.0, 36.0)
(168.0, 148.0, 60.0, 36.0)
(167.0, 148.0, 60.0, 36.0)
(166.0, 148.0, 60.0, 36.0)
(164.0, 148.0, 60.0, 36.0)
(162.0, 148.0, 60.0, 36.0)
(161.0, 148.0, 60.0, 36.0)
(160.0, 148.0, 60.0, 36.0)
(158.0, 148.0, 60.0, 36.0)
(156.0, 148.0, 60.0, 36.0)
(155.0, 148.0, 60.0, 36.0)
(153.0, 148.0, 60.0, 36.0)
(152.0, 148.0, 60.0, 36.0)
(150.0, 148.0, 60.0, 36.0)
(148.0, 148.0, 60.0, 36.0)
(147.0, 148.0, 60.0, 36.0)
(145.0, 148.0, 60.0, 36.0)
(144.0, 148.0, 60.0, 36.0)
(142.0, 147.0, 60.0, 36.0)
(140.0, 147.0, 60.0, 36.0)
(139.0, 147.0, 60.0, 36.0)
(137.0, 147.0, 60.0, 36.0)
(136.0, 146.0, 60.0, 36.0)
(134.0, 146.0, 60.0, 36.0)
(133.0, 146.0, 60.0, 36.0)
(131.0, 145.0, 60.0, 36.0)
(130.0, 145.0, 60.0, 36.0)
(129.0, 145.0, 60.0, 36.0)
(127.0, 145.0, 60.0, 36.0)
(126.0, 144.0, 60.0, 36.0)
(124.0, 144.0, 60.0, 36.0)
(123.0, 144.0, 60.0, 36.0)
(122.0, 144.0, 60.0, 36.0)
(120.0, 143.0, 60.0, 36.0)
(119.0, 143.0, 60.0, 36.0)
(118.0, 143.0, 60.0, 36.0)
(116.0, 142.0, 60.0, 36.0)
(115.0, 142.0, 60.0, 36.0)
(114.0, 142.0, 60.0, 36.0)
(113.0, 142.0, 60.0, 36.0)
(112.0, 142.0, 60.0, 36.0)
(110.0, 141.0, 60.0, 36.0)
(109.0, 141.0, 60.0, 36.0)
(108.0, 141.0, 60.0, 36.0)
(107.0, 141.0, 60.0, 36.0)
(106.0, 141.0, 60.0, 36.0)
(105.0, 141.0, 60.0, 36.0)
(104.0, 141.0, 60.0, 36.0)
(103.0, 141.0, 60.0, 36.0)
(102.0, 141.0, 60.0, 36.0)
(101.0, 141.0, 60.0, 36.0)
(100.0, 141.0, 60.0, 36.0)
(99.0, 141.0, 60.0, 36.0)
(97.0, 140.0, 60.0, 36.0)
(96.0, 140.0, 60.0, 36.0)
(95.0, 140.0, 60.0, 36.0)
(94.0, 140.0, 60.0, 36.0)
(92.0, 139.0, 60.0, 36.0)
(91.0, 139.0, 60.0, 36.0)
(90.0, 139.0, 60.0, 36.0)
(89.0, 139.0, 60.0, 36.0)
(88.0, 138.0, 60.0, 36.0)
(87.0, 138.0, 60.0, 36.0)
(86.0, 138.0, 60.0, 36.0)
(85.0, 138.0, 60.0, 36.0)
(84.0, 138.0, 60.0, 36.0)
(82.0, 137.0, 60.0, 36.0)
(81.0, 137.0, 60.0, 36.0)
(79.0, 137.0, 60.0, 36.0)
(78.0, 137.0, 60.0, 36.0)
(77.0, 136.0, 60.0, 36.0)
(75.0, 136.0, 60.0, 36.0)
(74.0, 136.0, 60.0, 36.0)
(73.0, 136.0, 60.0, 36.0)
(71.0, 135.0, 60.0, 36.0)
(70.0, 135.0, 60.0, 36.0)
(68.0, 135.0, 60.0, 36.0)
(67.0, 135.0, 60.0, 36.0)
(66.0, 135.0, 60.0, 36.0)
(64.0, 134.0, 60.0, 36.0)
(63.0, 134.0, 60.0, 36.0)
(62.0, 134.0, 60.0, 36.0)
(60.0, 133.0, 60.0, 36.0)
(59.0, 133.0, 60.0, 36.0)
(57.0, 133.0, 60.0, 36.0)
(56.0, 133.0, 60.0, 36.0)
(55.0, 133.0, 60.0, 36.0)
(53.0, 132.0, 60.0, 36.0)
(52.0, 132.0, 60.0, 36.0)
(50.0, 132.0, 60.0, 36.0)
(49.0, 132.0, 60.0, 36.0)
(47.0, 131.0, 60.0, 36.0)
(46.0, 131.0, 60.0, 36.0)
(45.0, 131.0, 60.0, 36.0)
(43.0, 131.0, 60.0, 36.0)
(42.0, 130.0, 60.0, 36.0)
(40.0, 130.0, 60.0, 36.0)
(39.0, 130.0, 60.0, 36.0)
(38.0, 130.0, 60.0, 36.0)
(36.0, 129.0, 60.0, 36.0)
(35.0, 129.0, 60.0, 36.0)
(34.0, 129.0, 60.0, 36.0)
(32.0, 129.0, 60.0, 36.0)
(31.0, 128.0, 60.0, 36.0)
(29.0, 128.0, 60.0, 36.0)
(28.0, 128.0, 60.0, 36.0)
(27.0, 128.0, 60.0, 36.0)
(26.0, 128.0, 60.0, 36.0)
(24.0, 127.0, 60.0, 36.0)
(23.0, 127.0, 60.0, 36.0)
(22.0, 127.0, 60.0, 36.0)
(21.0, 127.0, 60.0, 36.0)
(19.0, 127.0, 60.0, 36.0)
(18.0, 127.0, 60.0, 36.0)
(17.0, 126.0, 60.0, 36.0)
(16.0, 126.0, 60.0, 36.0)
(14.0, 126.0, 60.0, 36.0)
(13.0, 126.0, 60.0, 36.0)
(12.0, 126.0, 60.0, 36.0)
(11.0, 125.0, 60.0, 36.0)
(9.0, 125.0, 60.0, 36.0)
(8.0, 125.0, 60.0, 36.0)
(7.0, 125.0, 60.0, 36.0)
(6.0, 125.0, 60.0, 36.0)
(5.0, 124.0, 60.0, 36.0)
(3.0, 124.0, 60.0, 36.0)
(2.0, 124.0, 60.0, 36.0)
(1.0, 124.0, 60.0, 36.0)
(0.0, 124.0, 60.0, 36.0)
(-1.0, 124.0, 60.0, 36.0)
(-3.0, 123.0, 60.0, 36.0)
(-4.0, 123.0, 60.0, 36.0)
(-5.0, 123.0, 60.0, 36.0)
(-6.0, 123.0, 60.0, 36.0)
(-7.0, 123.0, 60.0, 36.0)
(-8.0, 123.0, 60.0, 36.0)
(-10.0, 122.0, 60.0, 36.0)
(-11.0, 122.0, 60.0, 36.0)
(-12.0, 122.0, 60.0, 36.0)
(-13.0, 122.0, 60.0, 36.0)
(-14.0, 122.0, 60.0, 36.0)
