(150, 56, 82, 96)
(150.0, 56.0, 82.0, 96.0)
(150.0, 58.0, 82.0, 96.0)
(148.0, 60.0, 82.0, 96.0)
(144.0, 62.0, 82.0, 96.0)
(142.0, 62.0, 82.0, 96.0)
(140.0, 60.0, 82.0, 96.0)
(138.0, 58.0, 82.0, 96.0)
(138.0, 54.0, 82.0, 96.0)
(138.0, 52.0, 82.0, 96.0)
(136.0, 52.0, 82.0, 96.0)
(132.0, 52.0, 82.0, 96.0)
(128.0, 54.0, 82.0, 96.0)
(124.0, 56.0, 82.0, 96.0)
(120.0, 58.0, 82.0, 96.0)
(118.0, 58.0, 82.0, 96.0)
(118.0, 56.0, 82.0, 96.0)
(118.0, 56.0, 82.0, 96.0)
(118.0, 56.0, 82.0, 96.0)
(120.0, 56.0, 82.0, 96.0)
(120.0, 58.0, 82.0, 96.0)
(120.0, 60.0, 82.0, 96.0)
(120.0, 62.0, 82.0, 96.0)
(120.0, 62.0, 82.0, 96.0)
(120.0, 64.0, 82.0, 96.0)
(122.0, 64.0, 82.0, 96.0)
(124.0, 64.0, 82.0, 96.0)
(124.0, 62.0, 82.0, 96.0)
(126.0, 58.0, 82.0, 96.0)
(130.0, 54.0, 82.0, 96.0)
(134.0, 50.0, 82.0, 96.0)
(138.0, 48.0, 82.0, 96.0)
(140.0, 46.0, 82.0, 96.0)
(142.0, 46.0, 82.0, 96.0)
(146.0, 46.0, 82.0, 96.0)
(148.0, 48.0, 82.0, 96.0)
(148.0, 50.0, 82.0, 96.0)
(148.0, 50.0, 82.0, 96.0)
(146.0, 48.0, 82.0, 96.0)
(144.0, 46.0, 82.0, 96.0)
(140.0, 44.0, 82.0, 96.0)
(138.0, 44.0, 82.0, 96.0)
(134.0, 46.0, 82.0, 96.0)
(130.0, 50.0, 82.0, 96.0)
(126.0, 52.0, 82.0, 96.0)
(122.0, 54.0, 82.0, 96.0)
(120.0, 54.0, 82.0, 96.0)
(118.0, 54.0, 82.0, 96.0)
(116.0, 54.0, 82.0, 96.0)
(114.0, 54.0, 82.0, 96.0)
(114.0, 52.0, 82.0, 96.0)
(114.0, 48.0, 82.0, 96.0)
(116.0, 46.0, 82.0, 96.0)
(118.0, 46.0, 82.0, 96.0)
(120.0, 48.0, 82.0, 96.0)
(122.0, 52.0, 82.0, 96.0)
(126.0, 56.0, 82.0, 96.0)
(130.0, 60.0, 82.0, 96.0)
(132.0, 62.0, 82.0, 96.0)
(134.0, 62.0, 82.0, 96.0)
(138.0, 58.0, 82.0, 96.0)
(142.0, 54.0, 82.0, 96.0)
(146.0, 50.0, 82.0, 96.0)
(148.0, 46.0, 82.0, 96.0)
(148.0, 46.0, 82.0, 96.0)
(148.0, 48.0, 82.0, 96.0)
(146.0, 52.0, 82.0, 96.0)
(146.0, 54.0, 82.0, 96.0)
(144.0, 56.0, 82.0, 96.0)
(142.0, 58.0, 82.0, 96.0)
(142.0, 58.0, 82.0, 96.0)
(142.0, 56.0, 82.0, 96.0)
(142.0, 52.0, 82.0, 96.0)
(142.0, 52.0, 82.0, 96.0)
(142.0, 54.0, 82.0, 96.0)
(140.0, 58.0, 82.0, 96.0)
(138.0, 60.0, 82.0, 96.0)
(138.0, 60.0, 82.0, 96.0)
(138.0, 62.0, 82.0, 96.0)
(136.0, 64.0, 82.0, 96.0)
(134.0, 64.0, 82.0, 96.0)
(132.0, 62.0, 82.0, 96.0)
(128.0, 60.0, 82.0, 96.0)
(126.0, 56.0, 82.0, 96.0)
(126.0, 54.0, 82.0, 96.0)
(126.0, 58.0, 82.0, 96.0)
(126.0, 62.0, 82.0, 96.0)
(126.0, 66.0, 82.0, 96.0)
(126.0, 70.0, 82.0, 96.0)
(128.0, 74.0, 82.0, 96.0)
(130.0, 74.0, 82.0, 96.0)
(132.0, 70.0, 82.0, 96.0)
(134.0, 62.0, 82.0, 96.0)
(138.0, 56.0, 82.0, 96.0)
(142.0, 52.0, 82.0, 96.0)
(146.0, 50.0, 82.0, 96.0)
(148.0, 50.0, 82.0, 96.0)
(148.0, 52.0, 82.0, 96.0)
(150.0, 54.0, 82.0, 96.0)
(152.0, 54.0, 82.0, 96.0)
(152.0, 54.0, 82.0, 96.0)
(152.0, 54.0, 82.0, 96.0)
(152.0, 54.0, 82.0, 96.0)
(152.0, 54.0, 82.0, 96.0)
(152.0, 54.0, 82.0, 96.0)
(150.0, 52.0, 82.0, 96.0)
(150.0, 52.0, 82.0, 96.0)
(148.0, 56.0, 82.0, 96.0)
(144.0, 60.0, 82.0, 96.0)
(140.0, 60.0, 82.0, 96.0)
(136.0, 62.0, 82.0, 96.0)
(132.0, 64.0, 82.0, 96.0)
(128.0, 64.0, 82.0, 96.0)
(128.0, 60.0, 82.0, 96.0)
(128.0, 58.0, 82.0, 96.0)
(130.0, 56.0, 82.0, 96.0)
(130.0, 56.0, 82.0, 96.0)
(130.0, 56.0, 82.0, 96.0)
(130.0, 56.0, 82.0, 96.0)
(130.0, 58.0, 82.0, 96.0)
(132.0, 60.0, 82.0, 96.0)
(132.0, 62.0, 82.0, 96.0)
(134.0, 62.0, 82.0, 96.0)
(138.0, 60.0, 82.0, 96.0)
(140.0, 56.0, 82.0, 96.0)
(142.0, 54.0, 82.0, 96.0)
(146.0, 52.0, 82.0, 96.0)
(150.0, 50.0, 82.0, 96.0)
(154.0, 48.0, 82.0, 96.0)
(158.0, 48.0, 82.0, 96.0)
(160.0, 50.0, 82.0, 96.0)
(160.0, 52.0, 82.0, 96.0)
(160.0, 52.0, 82.0, 96.0)
(160.0, 52.0, 82.0, 96.0)
(160.0, 50.0, 82.0, 96.0)
(158.0, 48.0, 82.0, 96.0)
(158.0, 46.0, 82.0, 96.0)
(158.0, 44.0, 82.0, 96.0)
(160.0, 42.0, 82.0, 96.0)
(158.0, 40.0, 82.0, 96.0)
(158.0, 38.0, 82.0, 96.0)
(154.0, 38.0, 82.0, 96.0)
(152.0, 40.0, 82.0, 96.0)
(148.0, 42.0, 82.0, 96.0)
(144.0, 44.0, 82.0, 96.0)
(140.0, 44.0, 82.0, 96.0)
(138.0, 44.0, 82.0, 96.0)
(138.0, 40.0, 82.0, 96.0)
(136.0, 36.0, 82.0, 96.0)
(134.0, 32.0, 82.0, 96.0)
(134.0, 32.0, 82.0, 96.0)
(132.0, 32.0, 82.0, 96.0)
(132.0, 32.0, 82.0, 96.0)
(132.0, 34.0, 82.0, 96.0)
(132.0, 40.0, 82.0, 96.0)
(132.0, 44.0, 82.0, 96.0)
(134.0, 46.0, 82.0, 96.0)
(136.0, 46.0, 82.0, 96.0)
(136.0, 44.0, 82.0, 96.0)
(136.0, 40.0, 82.0, 96.0)
(136.0, 36.0, 82.0, 96.0)
(138.0, 34.0, 82.0, 96.0)
(140.0, 30.0, 82.0, 96.0)
(138.0, 28.0, 82.0, 96.0)
(138.0, 28.0, 82.0, 96.0)
(136.0, 30.0, 82.0, 96.0)
(134.0, 32.0, 82.0, 96.0)
(134.0, 36.0, 82.0, 96.0)
(132.0, 40.0, 82.0, 96.0)
(130.0, 42.0, 82.0, 96.0)
(132.0, 44.0, 82.0, 96.0)
(130.0, 42.0, 82.0, 96.0)
(132.0, 40.0, 82.0, 96.0)
(132.0, 36.0, 82.0, 96.0)
(132.0, 32.0, 82.0, 96.0)
(130.0, 30.0, 82.0, 96.0)
(130.0, 28.0, 82.0, 96.0)
(130.0, 28.0, 82.0, 96.0)
(130.0, 30.0, 82.0, 96.0)
(132.0, 32.0, 82.0, 96.0)
(132.0, 34.0, 82.0, 96.0)
(132.0, 36.0, 82.0, 96.0)
(132.0, 40.0, 82.0, 96.0)
(128.0, 42.0, 82.0, 96.0)
(126.0, 44.0, 82.0, 96.0)
(124.0, 44.0, 82.0, 96.0)
(118.0, 42.0, 82.0, 96.0)
(118.0, 40.0, 82.0, 96.0)
(116.0, 38.0, 82.0, 96.0)
(112.0, 38.0, 82.0, 96.0)
(108.0, 38.0, 82.0, 96.0)
(108.0, 38.0, 82.0, 96.0)
(108.0, 38.0, 82.0, 96.0)
(110.0, 38.0, 82.0, 96.0)
(114.0, 36.0, 82.0, 96.0)
(118.0, 32.0, 82.0, 96.0)
(122.0, 28.0, 82.0, 96.0)
(124.0, 26.0, 82.0, 96.0)
(124.0, 22.0, 82.0, 96.0)
(128.0, 22.0, 82.0, 96.0)
(134.0, 24.0, 82.0, 96.0)
(138.0, 28.0, 82.0, 96.0)
(142.0, 30.0, 82.0, 96.0)
(146.0, 32.0, 82.0, 96.0)
(150.0, 32.0, 82.0, 96.0)
(152.0, 32.0, 82.0, 96.0)
(152.0, 34.0, 82.0, 96.0)
(154.0, 36.0, 82.0, 96.0)
(158.0, 40.0, 82.0, 96.0)
(160.0, 42.0, 82.0, 96.0)
(160.0, 44.0, 82.0, 96.0)
(160.0, 44.0, 82.0, 96.0)
(160.0, 46.0, 82.0, 96.0)
(158.0, 44.0, 82.0, 96.0)
(156.0, 44.0, 82.0, 96.0)
(150.0, 44.0, 82.0, 96.0)
(148.0, 44.0, 82.0, 96.0)
(142.0, 44.0, 82.0, 96.0)
(138.0, 42.0, 82.0, 96.0)
(136.0, 42.0, 82.0, 96.0)
(132.0, 42.0, 82.0, 96.0)
(130.0, 40.0, 82.0, 96.0)
(132.0, 42.0, 82.0, 96.0)
(132.0, 46.0, 82.0, 96.0)
(134.0, 48.0, 82.0, 96.0)
(140.0, 50.0, 82.0, 96.0)
(142.0, 52.0, 82.0, 96.0)
(148.0, 52.0, 82.0, 96.0)
(152.0, 52.0, 82.0, 96.0)
(158.0, 52.0, 82.0, 96.0)
(162.0, 52.0, 82.0, 96.0)
(166.0, 50.0, 82.0, 96.0)
(168.0, 50.0, 82.0, 96.0)
(170.0, 50.0, 82.0, 96.0)
(172.0, 52.0, 82.0, 96.0)
(168.0, 54.0, 82.0, 96.0)
(166.0, 56.0, 82.0, 96.0)
(166.0, 58.0, 82.0, 96.0)
(166.0, 60.0, 82.0, 96.0)
(164.0, 60.0, 82.0, 96.0)
(164.0, 60.0, 82.0, 96.0)
(164.0, 60.0, 82.0, 96.0)
(164.0, 58.0, 82.0, 96.0)
(168.0, 56.0, 82.0, 96.0)
(170.0, 56.0, 82.0, 96.0)
(172.0, 56.0, 82.0, 96.0)
(174.0, 58.0, 82.0, 96.0)
(176.0, 60.0, 82.0, 96.0)
(176.0, 62.0, 82.0, 96.0)
(176.0, 62.0, 82.0, 96.0)
(174.0, 62.0, 82.0, 96.0)
(172.0, 60.0, 82.0, 96.0)
(168.0, 56.0, 82.0, 96.0)
(166.0, 52.0, 82.0, 96.0)
(166.0, 50.0, 82.0, 96.0)
(164.0, 46.0, 82.0, 96.0)
(162.0, 42.0, 82.0, 96.0)
(162.0, 40.0, 82.0, 96.0)
(162.0, 40.0, 82.0, 96.0)
(162.0, 44.0, 82.0, 96.0)
(162.0, 50.0, 82.0, 96.0)
(162.0, 56.0, 82.0, 96.0)
(164.0, 60.0, 82.0, 96.0)
(164.0, 60.0, 82.0, 96.0)
(166.0, 56.0, 82.0, 96.0)
(170.0, 52.0, 82.0, 96.0)
(172.0, 46.0, 82.0, 96.0)
(172.0, 42.0, 82.0, 96.0)
(172.0, 40.0, 82.0, 96.0)
(172.0, 38.0, 82.0, 96.0)
(170.0, 38.0, 82.0, 96.0)
(170.0, 40.0, 82.0, 96.0)
(170.0, 44.0, 82.0, 96.0)
(170.0, 46.0, 82.0, 96.0)
(168.0, 48.0, 82.0, 96.0)
(164.0, 48.0, 82.0, 96.0)
(158.0, 46.0, 82.0, 96.0)
(154.0, 44.0, 82.0, 96.0)
(148.0, 42.0, 82.0, 96.0)
(142.0, 38.0, 82.0, 96.0)
(136.0, 34.0, 82.0, 96.0)
(130.0, 32.0, 82.0, 96.0)
(126.0, 32.0, 82.0, 96.0)
(124.0, 32.0, 82.0, 96.0)
(120.0, 36.0, 82.0, 96.0)
(120.0, 42.0, 82.0, 96.0)
(120.0, 46.0, 82.0, 96.0)
(120.0, 48.0, 82.0, 96.0)
(122.0, 48.0, 82.0, 96.0)
(128.0, 48.0, 82.0, 96.0)
(132.0, 48.0, 82.0, 96.0)
(138.0, 46.0, 82.0, 96.0)
(146.0, 44.0, 82.0, 96.0)
(150.0, 44.0, 82.0, 96.0)
(150.0, 42.0, 82.0, 96.0)
(148.0, 42.0, 82.0, 96.0)
(142.0, 42.0, 82.0, 96.0)
(138.0, 42.0, 82.0, 96.0)
(132.0, 44.0, 82.0, 96.0)
(124.0, 44.0, 82.0, 96.0)
(116.0, 42.0, 82.0, 96.0)
(110.0, 40.0, 82.0, 96.0)
(104.0, 34.0, 82.0, 96.0)
(98.0, 30.0, 82.0, 96.0)
(94.0, 26.0, 82.0, 96.0)
(92.0, 24.0, 82.0, 96.0)
(88.0, 26.0, 82.0, 96.0)
(88.0, 30.0, 82.0, 96.0)
(86.0, 36.0, 82.0, 96.0)
(86.0, 42.0, 82.0, 96.0)
(82.0, 46.0, 82.0, 96.0)
(76.0, 48.0, 82.0, 96.0)
(68.0, 48.0, 82.0, 96.0)
(62.0, 46.0, 82.0, 96.0)
(58.0, 42.0, 82.0, 96.0)
(58.0, 38.0, 82.0, 96.0)
(58.0, 34.0, 82.0, 96.0)
(60.0, 34.0, 82.0, 96.0)
(62.0, 34.0, 82.0, 96.0)
(68.0, 38.0, 82.0, 96.0)
(70.0, 42.0, 82.0, 96.0)
(72.0, 44.0, 82.0, 96.0)
(74.0, 46.0, 82.0, 96.0)
(80.0, 48.0, 82.0, 96.0)
(84.0, 48.0, 82.0, 96.0)
(88.0, 44.0, 82.0, 96.0)
(92.0, 40.0, 82.0, 96.0)
(98.0, 32.0, 82.0, 96.0)
(108.0, 24.0, 82.0, 96.0)
(116.0, 20.0, 82.0, 96.0)
(122.0, 20.0, 82.0, 96.0)
(130.0, 24.0, 82.0, 96.0)
(132.0, 28.0, 82.0, 96.0)
(132.0, 30.0, 82.0, 96.0)
(134.0, 30.0, 82.0, 96.0)
(138.0, 32.0, 82.0, 96.0)
(138.0, 32.0, 82.0, 96.0)
(136.0, 32.0, 82.0, 96.0)
(136.0, 30.0, 82.0, 96.0)
(136.0, 28.0, 82.0, 96.0)
(136.0, 24.0, 82.0, 96.0)
(136.0, 24.0, 82.0, 96.0)
(136.0, 26.0, 82.0, 96.0)
(136.0, 28.0, 82.0, 96.0)
(136.0, 30.0, 82.0, 96.0)
(134.0, 30.0, 82.0, 96.0)
(136.0, 30.0, 82.0, 96.0)
(134.0, 30.0, 82.0, 96.0)
(138.0, 30.0, 82.0, 96.0)
(140.0, 26.0, 82.0, 96.0)
(142.0, 22.0, 82.0, 96.0)
(148.0, 20.0, 82.0, 96.0)
(150.0, 18.0, 82.0, 96.0)
(154.0, 24.0, 82.0, 96.0)
(154.0, 32.0, 82.0, 96.0)
(152.0, 38.0, 82.0, 96.0)
(150.0, 44.0, 82.0, 96.0)
(150.0, 46.0, 82.0, 96.0)
(146.0, 42.0, 82.0, 96.0)
(144.0, 36.0, 82.0, 96.0)
(146.0, 32.0, 82.0, 96.0)
(154.0, 30.0, 82.0, 96.0)
(158.0, 32.0, 82.0, 96.0)
(158.0, 34.0, 82.0, 96.0)
(158.0, 40.0, 82.0, 96.0)
(154.0, 42.0, 82.0, 96.0)
(148.0, 44.0, 82.0, 96.0)
(140.0, 44.0, 82.0, 96.0)
(134.0, 44.0, 82.0, 96.0)
(128.0, 40.0, 82.0, 96.0)
(122.0, 36.0, 82.0, 96.0)
(122.0, 30.0, 82.0, 96.0)
(124.0, 28.0, 82.0, 96.0)
(124.0, 30.0, 82.0, 96.0)
(124.0, 32.0, 82.0, 96.0)
(124.0, 34.0, 82.0, 96.0)
(124.0, 36.0, 82.0, 96.0)
(122.0, 38.0, 82.0, 96.0)
(122.0, 38.0, 82.0, 96.0)
(120.0, 40.0, 82.0, 96.0)
(116.0, 36.0, 82.0, 96.0)
(118.0, 32.0, 82.0, 96.0)
(122.0, 30.0, 82.0, 96.0)
(126.0, 30.0, 82.0, 96.0)
(134.0, 32.0, 82.0, 96.0)
(140.0, 36.0, 82.0, 96.0)
(144.0, 36.0, 82.0, 96.0)
(152.0, 34.0, 82.0, 96.0)
(156.0, 32.0, 82.0, 96.0)
(160.0, 30.0, 82.0, 96.0)
(162.0, 30.0, 82.0, 96.0)
(166.0, 30.0, 82.0, 96.0)
(166.0, 26.0, 82.0, 96.0)
(166.0, 22.0, 82.0, 96.0)
(166.0, 22.0, 82.0, 96.0)
(166.0, 22.0, 82.0, 96.0)
(164.0, 24.0, 82.0, 96.0)
(166.0, 30.0, 82.0, 96.0)
(164.0, 36.0, 82.0, 96.0)
(158.0, 40.0, 82.0, 96.0)
(156.0, 42.0, 82.0, 96.0)
(148.0, 42.0, 82.0, 96.0)
(142.0, 38.0, 82.0, 96.0)
(144.0, 34.0, 82.0, 96.0)
(148.0, 30.0, 82.0, 96.0)
(150.0, 28.0, 82.0, 96.0)
(152.0, 30.0, 82.0, 96.0)
(150.0, 32.0, 82.0, 96.0)
(152.0, 36.0, 82.0, 96.0)
(152.0, 38.0, 82.0, 96.0)
(152.0, 40.0, 82.0, 96.0)
(152.0, 44.0, 82.0, 96.0)
(154.0, 46.0, 82.0, 96.0)
(158.0, 46.0, 82.0, 96.0)
(160.0, 42.0, 82.0, 96.0)
(158.0, 40.0, 82.0, 96.0)
(162.0, 40.0, 82.0, 96.0)
(164.0, 44.0, 82.0, 96.0)
(162.0, 48.0, 82.0, 96.0)
(162.0, 52.0, 82.0, 96.0)
(158.0, 54.0, 82.0, 96.0)
(154.0, 54.0, 82.0, 96.0)
(152.0, 54.0, 82.0, 96.0)
(150.0, 54.0, 82.0, 96.0)
(148.0, 52.0, 82.0, 96.0)
(142.0, 48.0, 82.0, 96.0)
(140.0, 46.0, 82.0, 96.0)
(136.0, 44.0, 82.0, 96.0)
(132.0, 40.0, 82.0, 96.0)
(132.0, 32.0, 82.0, 96.0)
(130.0, 32.0, 82.0, 96.0)
(128.0, 36.0, 82.0, 96.0)
(128.0, 38.0, 82.0, 96.0)
(128.0, 40.0, 82.0, 96.0)
(126.0, 44.0, 82.0, 96.0)
(126.0, 46.0, 82.0, 96.0)
(124.0, 46.0, 82.0, 96.0)
(122.0, 46.0, 82.0, 96.0)
(126.0, 46.0, 82.0, 96.0)
(132.0, 46.0, 82.0, 96.0)
(136.0, 46.0, 82.0, 96.0)
(142.0, 48.0, 82.0, 96.0)
(148.0, 48.0, 82.0, 96.0)
(150.0, 46.0, 82.0, 96.0)
(154.0, 48.0, 82.0, 96.0)
(152.0, 50.0, 82.0, 96.0)
(152.0, 50.0, 82.0, 96.0)
(156.0, 46.0, 82.0, 96.0)
(152.0, 46.0, 82.0, 96.0)
(152.0, 46.0, 82.0, 96.0)
(144.0, 44.0, 82.0, 96.0)
(140.0, 40.0, 82.0, 96.0)
(142.0, 42.0, 82.0, 96.0)
(142.0, 44.0, 82.0, 96.0)
(142.0, 48.0, 82.0, 96.0)
(142.0, 50.0, 82.0, 96.0)
(140.0, 52.0, 82.0, 96.0)
(144.0, 54.0, 82.0, 96.0)
(146.0, 54.0, 82.0, 96.0)
(150.0, 54.0, 82.0, 96.0)
(150.0, 56.0, 82.0, 96.0)
(152.0, 56.0, 82.0, 96.0)
(150.0, 56.0, 82.0, 96.0)
(150.0, 56.0, 82.0, 96.0)
(150.0, 56.0, 82.0, 96.0)
(148.0, 56.0, 82.0, 96.0)
(142.0, 56.0, 82.0, 96.0)
(140.0, 54.0, 82.0, 96.0)
(136.0, 54.0, 82.0, 96.0)
(132.0, 54.0, 82.0, 96.0)
(128.0, 54.0, 82.0, 96.0)
(124.0, 54.0, 82.0, 96.0)
(120.0, 54.0, 82.0, 96.0)
(120.0, 54.0, 82.0, 96.0)
(118.0, 54.0, 82.0, 96.0)
(118.0, 54.0, 82.0, 96.0)
(0.0, 0.0, 0.0, 0.0)
(0.0, 0.0, 0.0, 0.0)
(0.0, 0.0, 0.0, 0.0)
(0.0, 0.0, 0.0, 0.0)
(0.0, 0.0, 0.0, 0.0)
(0.0, 0.0, 0.0, 0.0)
(0.0, 0.0, 0.0, 0.0)
(0.0, 0.0, 0.0, 0.0)
(0.0, 0.0, 0.0, 0.0)
(0.0, 0.0, 0.0, 0.0)
(0.0, 0.0, 0.0, 0.0)
(0.0, 0.0, 0.0, 0.0)
(124.0, 48.0, 82.0, 96.0)
(124.0, 46.0, 82.0, 96.0)
(128.0, 46.0, 82.0, 96.0)
(130.0, 44.0, 82.0, 96.0)
(132.0, 42.0, 82.0, 96.0)
(126.0, 40.0, 82.0, 96.0)
(126.0, 38.0, 82.0, 96.0)
(124.0, 40.0, 82.0, 96.0)
(118.0, 40.0, 82.0, 96.0)
(118.0, 42.0, 82.0, 96.0)
(114.0, 42.0, 82.0, 96.0)
(116.0, 42.0, 82.0, 96.0)
(116.0, 40.0, 82.0, 96.0)
(120.0, 38.0, 82.0, 96.0)
(122.0, 34.0, 82.0, 96.0)
(128.0, 32.0, 82.0, 96.0)
(130.0, 32.0, 82.0, 96.0)
(136.0, 34.0, 82.0, 96.0)
(136.0, 36.0, 82.0, 96.0)
(140.0, 36.0, 82.0, 96.0)
(142.0, 36.0, 82.0, 96.0)
(144.0, 32.0, 82.0, 96.0)
(144.0, 28.0, 82.0, 96.0)
(146.0, 26.0, 82.0, 96.0)
(152.0, 26.0, 82.0, 96.0)
(148.0, 30.0, 82.0, 96.0)
(148.0, 34.0, 82.0, 96.0)
(144.0, 40.0, 82.0, 96.0)
(138.0, 42.0, 82.0, 96.0)
(132.0, 46.0, 82.0, 96.0)
(124.0, 46.0, 82.0, 96.0)
(116.0, 44.0, 82.0, 96.0)
(116.0, 44.0, 82.0, 96.0)
(112.0, 42.0, 82.0, 96.0)
(112.0, 38.0, 82.0, 96.0)
(114.0, 38.0, 82.0, 96.0)
(118.0, 40.0, 82.0, 96.0)
(120.0, 40.0, 82.0, 96.0)
(122.0, 42.0, 82.0, 96.0)
(126.0, 44.0, 82.0, 96.0)
(128.0, 48.0, 82.0, 96.0)
(132.0, 50.0, 82.0, 96.0)
(134.0, 52.0, 82.0, 96.0)
(138.0, 50.0, 82.0, 96.0)
(140.0, 44.0, 82.0, 96.0)
(140.0, 40.0, 82.0, 96.0)
(140.0, 40.0, 82.0, 96.0)
(142.0, 40.0, 82.0, 96.0)
(144.0, 42.0, 82.0, 96.0)
(144.0, 42.0, 82.0, 96.0)
(144.0, 40.0, 82.0, 96.0)
(142.0, 38.0, 82.0, 96.0)
(142.0, 34.0, 82.0, 96.0)
(140.0, 28.0, 82.0, 96.0)
(138.0, 24.0, 82.0, 96.0)
(134.0, 20.0, 82.0, 96.0)
(132.0, 22.0, 82.0, 96.0)
(126.0, 26.0, 82.0, 96.0)
(122.0, 28.0, 82.0, 96.0)
(120.0, 28.0, 82.0, 96.0)
(118.0, 28.0, 82.0, 96.0)
(120.0, 28.0, 82.0, 96.0)
(118.0, 30.0, 82.0, 96.0)
(116.0, 30.0, 82.0, 96.0)
(114.0, 30.0, 82.0, 96.0)
(118.0, 28.0, 82.0, 96.0)
(120.0, 30.0, 82.0, 96.0)
(120.0, 32.0, 82.0, 96.0)
(122.0, 36.0, 82.0, 96.0)
(124.0, 42.0, 82.0, 96.0)
(122.0, 44.0, 82.0, 96.0)
(124.0, 48.0, 82.0, 96.0)
(120.0, 46.0, 82.0, 96.0)
(120.0, 42.0, 82.0, 96.0)
(124.0, 34.0, 82.0, 96.0)
(128.0, 28.0, 82.0, 96.0)
(130.0, 30.0, 82.0, 96.0)
(134.0, 34.0, 82.0, 96.0)
(134.0, 40.0, 82.0, 96.0)
(132.0, 42.0, 82.0, 96.0)
(130.0, 44.0, 82.0, 96.0)
(130.0, 46.0, 82.0, 96.0)
(130.0, 46.0, 82.0, 96.0)
(130.0, 44.0, 82.0, 96.0)
(132.0, 44.0, 82.0, 96.0)
(132.0, 46.0, 82.0, 96.0)
(128.0, 44.0, 82.0, 96.0)
(124.0, 46.0, 82.0, 96.0)
(120.0, 46.0, 82.0, 96.0)
(116.0, 46.0, 82.0, 96.0)
(110.0, 46.0, 82.0, 96.0)
(106.0, 44.0, 82.0, 96.0)
(102.0, 44.0, 82.0, 96.0)
(98.0, 44.0, 82.0, 96.0)
(100.0, 42.0, 82.0, 96.0)
(100.0, 40.0, 82.0, 96.0)
(102.0, 36.0, 82.0, 96.0)
(108.0, 36.0, 82.0, 96.0)
(108.0, 38.0, 82.0, 96.0)
(112.0, 44.0, 82.0, 96.0)
(114.0, 48.0, 82.0, 96.0)
(122.0, 50.0, 82.0, 96.0)
(130.0, 48.0, 82.0, 96.0)
(134.0, 44.0, 82.0, 96.0)
(138.0, 40.0, 82.0, 96.0)
(140.0, 36.0, 82.0, 96.0)
(142.0, 34.0, 82.0, 96.0)
(146.0, 32.0, 82.0, 96.0)
(146.0, 34.0, 82.0, 96.0)
(146.0, 34.0, 82.0, 96.0)
(146.0, 36.0, 82.0, 96.0)
(144.0, 38.0, 82.0, 96.0)
(140.0, 40.0, 82.0, 96.0)
(136.0, 40.0, 82.0, 96.0)
(136.0, 42.0, 82.0, 96.0)
(132.0, 42.0, 82.0, 96.0)
(132.0, 40.0, 82.0, 96.0)
(132.0, 38.0, 82.0, 96.0)
(132.0, 38.0, 82.0, 96.0)
(132.0, 40.0, 82.0, 96.0)
(130.0, 40.0, 82.0, 96.0)
(132.0, 40.0, 82.0, 96.0)
(134.0, 42.0, 82.0, 96.0)
(138.0, 42.0, 82.0, 96.0)
(138.0, 42.0, 82.0, 96.0)
(138.0, 44.0, 82.0, 96.0)
(138.0, 46.0, 82.0, 96.0)
(138.0, 48.0, 82.0, 96.0)
(132.0, 52.0, 82.0, 96.0)
(130.0, 58.0, 82.0, 96.0)
(134.0, 60.0, 82.0, 96.0)
(134.0, 64.0, 82.0, 96.0)
(130.0, 66.0, 82.0, 96.0)
(126.0, 64.0, 82.0, 96.0)
(126.0, 62.0, 82.0, 96.0)
(128.0, 60.0, 82.0, 96.0)
(124.0, 58.0, 82.0, 96.0)
(126.0, 54.0, 82.0, 96.0)
(130.0, 54.0, 82.0, 96.0)
(132.0, 54.0, 82.0, 96.0)
(134.0, 54.0, 82.0, 96.0)
(140.0, 54.0, 82.0, 96.0)
(140.0, 54.0, 82.0, 96.0)
(142.0, 56.0, 82.0, 96.0)
(146.0, 54.0, 82.0, 96.0)
(146.0, 50.0, 82.0, 96.0)
(146.0, 48.0, 82.0, 96.0)
(142.0, 46.0, 82.0, 96.0)
(138.0, 44.0, 82.0, 96.0)
(134.0, 44.0, 82.0, 96.0)
(130.0, 48.0, 82.0, 96.0)
(124.0, 50.0, 82.0, 96.0)
(118.0, 52.0, 82.0, 96.0)
(118.0, 54.0, 82.0, 96.0)
(112.0, 54.0, 82.0, 96.0)
(106.0, 54.0, 82.0, 96.0)
(106.0, 54.0, 82.0, 96.0)
(104.0, 52.0, 82.0, 96.0)
(102.0, 48.0, 82.0, 96.0)
(106.0, 46.0, 82.0, 96.0)
(108.0, 48.0, 82.0, 96.0)
(108.0, 52.0, 82.0, 96.0)
(112.0, 56.0, 82.0, 96.0)
(118.0, 62.0, 82.0, 96.0)
(124.0, 66.0, 82.0, 96.0)
(128.0, 66.0, 82.0, 96.0)
(132.0, 64.0, 82.0, 96.0)
(138.0, 62.0, 82.0, 96.0)
(146.0, 60.0, 82.0, 96.0)
(150.0, 62.0, 82.0, 96.0)
(154.0, 64.0, 82.0, 96.0)
(156.0, 68.0, 82.0, 96.0)
(154.0, 70.0, 82.0, 96.0)
(154.0, 72.0, 82.0, 96.0)
(150.0, 70.0, 82.0, 96.0)
(146.0, 68.0, 82.0, 96.0)
(144.0, 66.0, 82.0, 96.0)
(140.0, 66.0, 82.0, 96.0)
(138.0, 66.0, 82.0, 96.0)
(138.0, 64.0, 82.0, 96.0)
(138.0, 64.0, 82.0, 96.0)
(136.0, 64.0, 82.0, 96.0)
(134.0, 66.0, 82.0, 96.0)
(132.0, 66.0, 82.0, 96.0)
(128.0, 66.0, 82.0, 96.0)
(126.0, 66.0, 82.0, 96.0)
(128.0, 64.0, 82.0, 96.0)
(126.0, 64.0, 82.0, 96.0)
(126.0, 62.0, 82.0, 96.0)
(128.0, 60.0, 82.0, 96.0)
(128.0, 60.0, 82.0, 96.0)
(130.0, 60.0, 82.0, 96.0)
(138.0, 62.0, 82.0, 96.0)
(142.0, 64.0, 82.0, 96.0)
(146.0, 66.0, 82.0, 96.0)
(148.0, 68.0, 82.0, 96.0)
(150.0, 70.0, 82.0, 96.0)
(152.0, 70.0, 82.0, 96.0)
(152.0, 68.0, 82.0, 96.0)
(154.0, 66.0, 82.0, 96.0)
(156.0, 64.0, 82.0, 96.0)
(154.0, 64.0, 82.0, 96.0)
(154.0, 64.0, 82.0, 96.0)
(156.0, 64.0, 82.0, 96.0)
(156.0, 58.0, 82.0, 96.0)
(160.0, 54.0, 82.0, 96.0)
(162.0, 56.0, 82.0, 96.0)
(164.0, 58.0, 82.0, 96.0)
(164.0, 60.0, 82.0, 96.0)
(166.0, 60.0, 82.0, 96.0)
(168.0, 62.0, 82.0, 96.0)
(164.0, 64.0, 82.0, 96.0)
(0.0, 0.0, 0.0, 0.0)
(0.0, 0.0, 0.0, 0.0)
(0.0, 0.0, 0.0, 0.0)
(0.0, 0.0, 0.0, 0.0)
(0.0, 0.0, 0.0, 0.0)
(0.0, 0.0, 0.0, 0.0)
(0.0, 0.0, 0.0, 0.0)
(0.0, 0.0, 0.0, 0.0)
(0.0, 0.0, 0.0, 0.0)
(0.0, 0.0, 0.0, 0.0)
(0.0, 0.0, 0.0, 0.0)
(0.0, 0.0, 0.0, 0.0)
(0.0, 0.0, 0.0, 0.0)
(0.0, 0.0, 0.0, 0.0)
(148.0, 54.0, 82.0, 96.0)
(150.0, 54.0, 82.0, 96.0)
(156.0, 56.0, 82.0, 96.0)
(156.0, 58.0, 82.0, 96.0)
(156.0, 58.0, 82.0, 96.0)
(160.0, 58.0, 82.0, 96.0)
(162.0, 58.0, 82.0, 96.0)
(162.0, 58.0, 82.0, 96.0)
(160.0, 58.0, 82.0, 96.0)
(156.0, 56.0, 82.0, 96.0)
(156.0, 54.0, 82.0, 96.0)
(154.0, 54.0, 82.0, 96.0)
(152.0, 56.0, 82.0, 96.0)
(150.0, 60.0, 82.0, 96.0)
(150.0, 62.0, 82.0, 96.0)
(148.0, 64.0, 82.0, 96.0)
(142.0, 64.0, 82.0, 96.0)
(138.0, 62.0, 82.0, 96.0)
(136.0, 60.0, 82.0, 96.0)
(132.0, 58.0, 82.0, 96.0)
(128.0, 56.0, 82.0, 96.0)
(128.0, 56.0, 82.0, 96.0)
(124.0, 56.0, 82.0, 96.0)
(124.0, 56.0, 82.0, 96.0)
(124.0, 58.0, 82.0, 96.0)
(124.0, 60.0, 82.0, 96.0)
(128.0, 60.0, 82.0, 96.0)
(132.0, 60.0, 82.0, 96.0)
(136.0, 60.0, 82.0, 96.0)
(142.0, 60.0, 82.0, 96.0)
(148.0, 58.0, 82.0, 96.0)
(148.0, 58.0, 82.0, 96.0)
(150.0, 56.0, 82.0, 96.0)
(154.0, 56.0, 82.0, 96.0)
(156.0, 60.0, 82.0, 96.0)
(154.0, 62.0, 82.0, 96.0)
(154.0, 66.0, 82.0, 96.0)
(152.0, 68.0, 82.0, 96.0)
(150.0, 70.0, 82.0, 96.0)
(150.0, 72.0, 82.0, 96.0)
(148.0, 72.0, 82.0, 96.0)
(142.0, 68.0, 82.0, 96.0)
(142.0, 64.0, 82.0, 96.0)
(138.0, 62.0, 82.0, 96.0)
(136.0, 62.0, 82.0, 96.0)
(128.0, 66.0, 82.0, 96.0)
(126.0, 68.0, 82.0, 96.0)
(126.0, 68.0, 82.0, 96.0)
(126.0, 66.0, 82.0, 96.0)
(124.0, 66.0, 82.0, 96.0)
(120.0, 66.0, 82.0, 96.0)
(118.0, 66.0, 82.0, 96.0)
(118.0, 64.0, 82.0, 96.0)
(116.0, 64.0, 82.0, 96.0)
(114.0, 64.0, 82.0, 96.0)
(112.0, 62.0, 82.0, 96.0)
