(150, 56, 82, 96)
(146.19377663999995, 42.99816959999998, 85.99633919999997, 98.89579007999997)
(143.8488155924165, 47.09685013746655, 85.11265289672933, 97.87955083123873)
(140.6147277123435, 51.70620055853688, 84.23424052210974, 96.8693766004262)
(146.19377663999995, 60.19743743999998, 85.99633919999997, 98.89579007999997)
(146.19377663999995, 68.79707135999998, 85.99633919999997, 98.89579007999997)
(145.08245072929947, 65.1999334035147, 85.19274590421345, 97.97165778984548)
(143.8217765903262, 61.3269666916691, 85.28423883548028, 98.07687466080233)
(137.59414271999995, 68.79707135999998, 85.99633919999997, 98.89579007999997)
(137.09175840058305, 68.03936799740686, 86.41007390328689, 99.37158498877993)
(121.82814719999998, 42.99816959999999, 71.66361599999999, 82.41315839999999)
(115.58973168073084, 43.2440860521569, 72.09906520260073, 82.91392498299084)
(114.66178559999997, 50.164531199999985, 71.66361599999999, 82.41315839999999)
(108.5217762488108, 51.6369169762838, 73.62260503929241, 84.66599579518626)
(103.19560703999997, 68.79707135999998, 85.99633919999997, 98.89579007999997)
(102.26917970113567, 66.61331024562341, 86.42589981034574, 99.38978478189762)
(101.58775014574752, 64.54341747763016, 87.46280066916891, 100.58222076954426)
(103.21365767456332, 63.370692520045665, 88.43004078731857, 101.69454690541639)
(106.96400986332304, 65.29789731128926, 86.39732347034601, 99.35692199089793)
(108.87220007012236, 66.0416141448116, 86.71692938487237, 99.72446879260325)
(111.23797380530829, 69.10163000839066, 86.72738630903177, 99.73649425538656)
(110.8500016025157, 71.48672265633155, 87.65866518727317, 100.80746496536416)
(110.00666272900042, 71.67883287244327, 89.33399039524124, 102.73408895452744)
(110.74479865610611, 71.8680799662027, 90.14687259376424, 103.66890348282888)
(111.43305586349939, 72.86999445587685, 89.80887136257142, 103.28020206695714)
(112.42106902557839, 74.47619860593956, 89.36763507747595, 102.77278033909735)
(112.1507198184242, 72.91892746509994, 89.75804967830776, 103.22175713005393)
(113.37292403870597, 69.08803424835563, 89.2462279076661, 102.63316209381601)
(120.39487487999996, 68.79707135999998, 85.99633919999997, 98.89579007999997)
(128.99450879999995, 68.79707135999998, 85.99633919999997, 98.89579007999997)
(136.16087039999996, 50.164531199999985, 71.66361599999999, 82.41315839999999)
(139.0850469703777, 48.09742893672051, 72.55563456334609, 83.438979747848)
(143.33051612354717, 48.3397724789787, 71.91198629606961, 82.69878424048005)
(147.20878932432578, 47.83364858309187, 72.58120588572334, 83.46838676858184)
(150.30534067572967, 50.716304341307904, 71.68391006768118, 82.43649657783337)
(151.04916599595416, 53.11577389413639, 71.49423306004468, 82.2183680190514)
(150.05287663928922, 54.62837853631547, 70.77709497649953, 81.39365922297448)
(143.32723199999998, 35.831807999999995, 71.66361599999999, 82.41315839999999)
(141.39629242896228, 32.608000259419924, 72.01841506395039, 82.82117732354294)
(138.29458695049095, 29.494688480051927, 72.21344894569772, 83.04546628755237)
(134.73058893692962, 26.543421239309914, 72.76145840055476, 83.67567716063796)
(123.83472844799996, 41.27824281599999, 103.19560703999997, 118.67494809599997)
(113.51516774399997, 61.91736422399998, 103.19560703999997, 118.67494809599997)
(107.3485665492012, 65.9253909987851, 104.27085960049595, 119.91148854057035)
(111.79524095999996, 68.79707135999998, 85.99633919999997, 98.89579007999997)
(114.66178559999997, 64.49725439999999, 71.66361599999999, 82.41315839999999)
(92.87604633599997, 72.23692492799998, 103.19560703999997, 118.67494809599997)
(92.87604633599997, 72.23692492799998, 103.19560703999997, 118.67494809599997)
(90.64632262179505, 72.19528675456472, 103.76610793520669, 119.33102412548769)
(91.3649034268165, 71.13249147233157, 102.6191074579763, 118.01197357667274)
(92.87604633599997, 61.91736422399998, 103.19560703999997, 118.67494809599997)
(94.6424996161713, 58.221743488750725, 103.07043058219638, 118.53099516952584)
(97.78891605899366, 56.88350466118003, 103.60700443483292, 119.14805510005786)
(101.28617090585874, 58.28521528878581, 103.60575035633714, 119.1466129097877)
(99.06778275839996, 37.15041853439998, 123.83472844799995, 142.40993771519993)
(121.82814719999998, 57.33089279999999, 71.66361599999999, 82.41315839999999)
(113.51516774399997, 61.91736422399998, 103.19560703999997, 118.67494809599997)
(111.45125560319995, 49.53389137919998, 123.83472844799995, 142.40993771519993)
(113.11761689640758, 49.800350299005956, 125.29936914283468, 144.09427451425987)
(136.16087039999996, 64.49725439999999, 71.66361599999999, 82.41315839999999)
(140.65211461193783, 59.21970973408499, 71.89165308881957, 82.67540105214249)
(144.01783890305592, 52.54363586955437, 72.89238224095841, 83.82623957710216)
(147.54238245536519, 47.56437041515925, 74.09439376915236, 85.20855283452521)
(134.15428915199996, 51.597803519999985, 103.19560703999997, 118.67494809599997)
(134.15428915199996, 61.91736422399998, 103.19560703999997, 118.67494809599997)
(134.15428915199996, 61.91736422399998, 103.19560703999997, 118.67494809599997)
(131.28539031964218, 66.96071174354634, 102.01870133557493, 117.32150653591117)
(129.90194724348746, 68.63435563004069, 101.05963533944687, 116.2185806403639)
(127.78191848933604, 70.46788170583297, 100.70417282821845, 115.8097987524512)
(127.43562997465489, 71.17122004334419, 100.65212095133073, 115.74993909403032)
(125.65595079030203, 70.92940541810596, 99.53762067745835, 114.46826377907709)
(126.33488032873407, 68.11050054391903, 98.41341943750831, 113.17543235313454)
(143.32723199999998, 71.66361599999999, 71.66361599999999, 82.41315839999999)
(143.99940969051372, 72.26954728500876, 70.91258337287876, 81.54947087881058)
(136.16087039999996, 42.99816959999999, 71.66361599999999, 82.41315839999999)
(134.09937981374128, 47.860373211447026, 71.82816211392361, 82.60238643101215)
(132.55741967772065, 49.276311636200035, 70.7832219123321, 81.40070519918191)
(136.16087039999996, 64.49725439999999, 71.66361599999999, 82.41315839999999)
(136.16087039999996, 64.49725439999999, 71.66361599999999, 82.41315839999999)
(136.16087039999996, 64.49725439999999, 71.66361599999999, 82.41315839999999)
(133.8506101078537, 63.948988160345266, 71.76339988995657, 82.52790987345006)
(130.111739919693, 61.03469622691945, 71.69823255143422, 82.45296743414934)
(126.1247765529327, 58.082634751019114, 70.93502244413453, 81.5752758107547)
(120.39487487999996, 68.79707135999998, 85.99633919999997, 98.89579007999997)
(121.85970803104068, 68.1175860571831, 85.0459819799498, 97.80287927694229)
(120.39487487999996, 68.79707135999998, 85.99633919999997, 98.89579007999997)
(119.7267827454751, 73.87607909548191, 85.76584256084658, 98.63071894497358)
(113.51516774399997, 61.91736422399998, 103.19560703999997, 118.67494809599997)
(115.04371099198926, 65.52386907393375, 103.26248294636515, 118.75185538831992)
(116.61390888662763, 68.24336694695734, 104.70768896372904, 120.4138423082884)
(118.20596499387858, 67.42597898311331, 106.65976144160994, 122.65872565785143)
(120.03976255051037, 62.44219404311293, 107.05793170920573, 123.11662146558659)
(122.934505817197, 52.59406330480745, 108.60842625493402, 124.89969019317411)
(125.51779161827994, 46.07627996433407, 109.77641886175253, 126.2428816910154)
(129.04323980507766, 41.85669970654402, 112.24792239050085, 129.08511074907597)
(132.1151065469141, 39.80166640594497, 112.726747500578, 129.6357596256647)
(133.5704840168048, 42.772972414043934, 112.01042005103089, 128.8119830586855)
(150.49359359999997, 64.49725439999999, 71.66361599999999, 82.41315839999999)
(152.8754809886887, 66.27706210402326, 70.76617423043504, 81.38110036500031)
(154.84646281354483, 66.71740107199258, 70.78798621548837, 81.40618414781164)
(157.65995519999996, 71.66361599999999, 71.66361599999999, 82.41315839999999)
(157.71604207238417, 70.94225469718715, 71.46165954038781, 82.18090847144597)
(157.7948279995911, 70.98194146025247, 70.4180403226927, 80.9807463710966)
(158.20718301694006, 70.54286619138543, 69.84397115713537, 80.32056683070566)
(150.49359359999997, 50.164531199999985, 71.66361599999999, 82.41315839999999)
(150.49359359999997, 50.164531199999985, 71.66361599999999, 82.41315839999999)
(150.02810551362924, 51.91001900345685, 70.74360950672582, 81.35515093273469)
(145.73841847167174, 56.96552026262761, 70.57118305353144, 81.15686051156115)
(143.32723199999998, 57.33089279999999, 71.66361599999999, 82.41315839999999)
(140.29225954730458, 57.129026301299675, 71.82216869347675, 82.59549399749827)
(136.60733951459366, 59.27074524732468, 72.25585153233611, 83.09422926218653)
(132.07093406429806, 61.76125965575425, 72.43718294073986, 83.30276038185083)
(128.73735959377788, 60.297559827033986, 72.21204367377238, 83.04385022483824)
(128.72589883209088, 56.290901557539264, 72.2652996698026, 83.105094620273)
(129.98713836086122, 53.56456958459487, 72.07959734566037, 82.89153694750944)
(130.78790389964584, 52.854617282078046, 72.7215660239505, 83.62980092754309)
(130.62385423991094, 52.808958296551836, 72.57089031900627, 83.45652386685722)
(130.79909053845404, 53.03676826314301, 73.08176110570912, 84.0440252715655)
(129.49071332079126, 53.37762549066284, 73.2923876113472, 84.28624575304929)
(130.03495437720017, 55.17625050826747, 73.7713493461856, 84.83705174811345)
(128.99450879999998, 64.49725439999999, 71.66361599999999, 82.41315839999999)
(113.51516774399997, 51.597803519999985, 103.19560703999997, 118.67494809599997)
(114.61670544221914, 50.12001315713173, 103.90073476856162, 119.48584498384587)
(136.16087039999996, 71.66361599999999, 71.66361599999999, 82.41315839999999)
(138.0460023191124, 68.46470252143241, 72.10612071646263, 82.92203882393201)
(140.30193718440546, 65.88845190240812, 72.9357121675171, 83.87606899264465)
(123.83472844799996, 30.95868211199999, 103.19560703999997, 118.67494809599997)
(127.51249192616993, 28.6607495772275, 104.7304304254569, 120.43999498927543)
(134.15428915199996, 10.319560703999997, 103.19560703999997, 118.67494809599997)
(136.1079036927154, 10.613486484050298, 103.86905117634252, 119.44940885279391)
(136.8667328803742, 12.974081791801268, 103.7054577424312, 119.26127640379588)
(138.19382429923527, 14.624077636992496, 103.34288562248246, 118.84431846585483)
(139.3455793033624, 15.77281883790566, 102.35915405661105, 117.71302716510272)
(139.82393147159337, 15.652180652049985, 101.99786292815692, 117.29754236738047)
(137.9429053144832, 15.696079123619377, 101.19527901190851, 116.37457086369481)
(134.15428915199996, 20.639121407999994, 103.19560703999997, 118.67494809599997)
(133.68413468465013, 18.592317366739117, 102.62193892391836, 118.01522976250611)
(134.15428915199996, 10.319560703999997, 103.19560703999997, 118.67494809599997)
(135.36956418031502, 8.823212191640458, 102.32676352633858, 117.67577805528937)
(123.83472844799996, 0.0, 103.19560703999997, 118.67494809599997)
(121.89726251063612, 0.17594783292024374, 102.83653012566516, 118.26200964451495)
(118.04692588048479, 0.5758217861270651, 101.9434228683897, 117.23493629864818)
(111.79524095999996, 17.199267839999994, 85.99633919999997, 98.89579007999997)
(77.75999999999999, 80.64, 28.799999999999997, 33.12)
(161.28, 72.0, 28.799999999999997, 33.12)
(152.06399999999996, 65.66399999999999, 34.559999999999995, 39.74399999999999)
(150.19326418804215, 64.66593025972993, 34.053501042860965, 39.16152619929011)
(146.88, 63.36, 28.799999999999997, 33.12)
(144.84862394413142, 58.9191445865324, 28.694386633221516, 32.99854462820474)
(146.88, 57.599999999999994, 28.799999999999997, 33.12)
(146.0, 60.0, 20.0, 23.0)
(143.25306837729147, 60.029745522312915, 20.20684542315145, 23.237872236624167)
(143.31866289414904, 61.53929710610344, 20.1232943288894, 23.14178847822281)
(142.8886482645108, 64.14653122806439, 20.376054301056506, 23.432462446214984)
(142.0, 70.0, 20.0, 23.0)
(142.19395970765288, 74.51657173020706, 20.422627459694233, 23.486021578648366)
(170.0, 162.0, 20.0, 23.0)
(167.04, 161.28, 28.799999999999997, 33.12)
(169.92, 158.4, 28.799999999999997, 33.12)
(169.88161293471495, 156.56809509403843, 29.515125570999754, 33.94239440664972)
(169.83946267252344, 154.92986170291857, 29.70187360514843, 34.1571546459207)
(171.90783307633103, 152.8635184900512, 29.80005711393949, 34.27006568103042)
(172.32198722808687, 150.10520828593275, 30.245537262576228, 34.78236785196267)
(173.80257358645494, 149.54890470804136, 30.106401289004147, 34.622361482354776)
(169.92, 149.76, 28.799999999999997, 33.12)
(172.79999999999998, 156.0, 24.0, 27.599999999999998)
(171.9959869977659, 158.73813681745034, 23.628838992749444, 27.17316484166186)
(170.92034431104707, 162.26768215155184, 23.588229834937042, 27.126464310177596)
(170.25099922973527, 165.13171712261845, 23.38170820556849, 26.888964436403757)
(170.61863642668087, 166.8633999692963, 22.851191502107007, 26.27887022742305)
(172.44026186320178, 167.71861735056783, 22.805520585119826, 26.22634867288779)
(172.00200675082016, 165.19067606483483, 22.63597978449245, 26.031376752166306)
(172.40901057882652, 160.7643395979015, 22.90876412066725, 26.34507873876733)
(172.9527753969822, 156.30162668882934, 22.49545933787153, 25.869778238552254)
(169.92, 146.88, 28.799999999999997, 33.12)
(168.65745341698963, 143.9666818879121, 28.590031520512902, 32.87853624858984)
(167.04, 141.12, 28.799999999999997, 33.12)
(170.0, 148.0, 20.0, 23.0)
(171.1735760118313, 149.25800627346928, 20.49922248805615, 23.574105861264574)
(172.9092018464731, 151.23859359805346, 20.636491326585006, 23.731965025572755)
(172.79999999999998, 148.79999999999998, 24.0, 27.599999999999998)
(171.51995825380104, 150.29102953703725, 24.483820064663497, 28.15639307436302)
(169.36411265282743, 153.11008018246542, 24.356805822274787, 28.010326695616)
(164.92655622747063, 154.6036706888129, 24.43937716908216, 28.10528374444448)
(161.28, 152.64, 28.799999999999997, 33.12)
(157.5387964504812, 151.94894976509923, 29.065228754311093, 33.42501306745776)
(153.3670875236558, 149.6000143149239, 29.082871461477446, 33.445302180699066)
(154.0, 148.0, 20.0, 23.0)
(150.99175760835251, 145.8259262178671, 20.022771404388706, 23.026187115047012)
(147.85100884885446, 144.42613675394142, 19.850548830611384, 22.828131155203092)
(144.71390720657007, 144.5297541212958, 19.51734549896923, 22.444947323814617)
(144.94594670565047, 144.15330463862207, 19.32079884944123, 22.218918676857413)
(145.70673018375143, 144.52900519898503, 19.32950533073932, 22.22893113035022)
(146.0, 144.0, 20.0, 23.0)
(143.32723199999998, 7.166361599999998, 71.66361599999999, 82.41315839999999)
(146.19377663999995, 0.0, 85.99633919999997, 98.89579007999997)
(150.49359359999997, 0.0, 71.66361599999999, 82.41315839999999)
(150.49359359999997, 0.0, 71.66361599999999, 82.41315839999999)
(155.27116799999996, 0.0, 59.71967999999998, 68.67763199999999)
(54.743039999999986, 24.883199999999995, 49.76639999999999, 57.23135999999999)
(167.21510399999997, 5.971967999999999, 59.71967999999998, 68.67763199999999)
(164.82631679999997, 0.0, 71.66361599999999, 82.41315839999999)
(169.6570220806012, 1.575678504332025, 71.86267907161006, 82.64208093235156)
(173.32867306317797, 3.423929719134186, 72.03921353223775, 82.84509556207341)
(176.12748926541911, 3.6550622481958612, 71.08400666486486, 81.74660766459459)
(179.15903999999995, 11.943935999999997, 59.71967999999998, 68.67763199999999)
(189.11231999999995, 19.906559999999995, 49.76639999999999, 57.23135999999999)
(189.11231999999995, 24.883199999999995, 49.76639999999999, 57.23135999999999)
(194.08895999999996, 34.836479999999995, 49.76639999999999, 57.23135999999999)
(189.11231999999995, 34.836479999999995, 49.76639999999999, 57.23135999999999)
(191.10297599999996, 29.85983999999999, 59.71967999999998, 68.67763199999999)
(193.49176319999995, 28.665446399999993, 71.66361599999999, 82.41315839999999)
(193.1508588480547, 29.920495781249286, 71.20808034353892, 81.88929239506976)
(193.49176319999995, 28.665446399999993, 71.66361599999999, 82.41315839999999)
(193.49176319999995, 28.665446399999993, 71.66361599999999, 82.41315839999999)
(190.01889660950562, 29.974938852913922, 71.68265240364492, 82.43505026419166)
(185.99676722496406, 29.062080850486048, 72.22793351159524, 83.06212353833452)
(182.2936129727206, 28.555868163775216, 72.57567878366027, 83.4620306012093)
(179.15903999999995, 28.665446399999993, 71.66361599999999, 82.41315839999999)
(178.71833361327208, 28.22120310128347, 70.69021615138539, 81.29374857409319)
(177.4375049494451, 28.721480881290645, 69.61750458255497, 80.06013026993821)
(175.6180693700955, 29.393002111645075, 68.86253113676194, 79.19191080727623)
(169.20575999999997, 34.836479999999995, 49.76639999999999, 57.23135999999999)
(171.77643861941573, 38.56457590305077, 49.94767459710598, 57.439825786671875)
(174.09735373379482, 41.76297932828792, 49.553677620300896, 56.98672926334602)
(182.4768, 49.7664, 41.471999999999994, 47.6928)
(187.17509495825826, 50.91933391635247, 41.71579094285846, 47.97315958428724)
(194.9184, 49.7664, 41.471999999999994, 47.6928)
(180.59231231999993, 8.599633919999997, 85.99633919999997, 98.89579007999997)
(185.8383214002025, 7.954625737355002, 86.18304723588393, 99.11050432126652)
(189.371602656758, 7.894288495138007, 86.67364414660099, 99.67469076859113)
(214.99084799999994, 28.665446399999993, 71.66361599999999, 82.41315839999999)
(217.50012096281773, 28.733854905629123, 70.03835010366129, 80.54410261921048)
(223.94879999999995, 44.78975999999999, 49.76639999999999, 57.23135999999999)
(201.6, 170.4, 24.0, 27.599999999999998)
(199.4421972823109, 171.74949992763607, 23.399803433425056, 26.90977394843881)
(200.65812479999994, 28.665446399999993, 71.66361599999999, 82.41315839999999)
(198.58095794302102, 31.35341082856113, 70.90451282430942, 81.54018974795584)
(197.6622328468659, 32.540563644008124, 69.63191662990093, 80.07670412438607)
(196.86688625182626, 32.91695280995668, 69.86799556216769, 80.34819489649286)
(196.0, 174.0, 20.0, 23.0)
(196.74676901092423, 172.8708365171039, 19.620994448854656, 22.564143616182854)
(197.61610129144418, 171.37151849932096, 19.16238970226788, 22.036748157608063)
(199.85897914696704, 170.2330362851254, 19.234983600597147, 22.120231140686716)
(201.7188278637531, 169.98801869675845, 18.972332675814105, 21.818182577186217)
(203.1764914608161, 169.9784477391426, 18.96453721996937, 21.809217802964774)
(207.22668276941505, 172.3242666515021, 19.195606018787107, 22.07494692160517)
(215.65439999999998, 62.208, 41.471999999999994, 47.6928)
(215.65439999999998, 62.208, 41.471999999999994, 47.6928)
(215.3899746813617, 61.503100641866766, 42.37591167243279, 48.73229842329772)
(214.24401412641518, 60.498067201188036, 43.4478315616227, 49.96500629586611)
(209.01887999999994, 54.743039999999986, 49.76639999999999, 57.23135999999999)
(211.50719999999998, 58.0608, 41.471999999999994, 47.6928)
(211.50719999999998, 53.913599999999995, 41.471999999999994, 47.6928)
(209.4198496826421, 50.667869730253294, 41.85409809565322, 48.13221281000121)
(208.40175718555759, 47.031557377160766, 42.58385608786917, 48.97143450104954)
(206.04686905578836, 43.336774498385154, 43.58510573607947, 50.122871596491386)
(197.07494399999996, 23.887871999999994, 59.71967999999998, 68.67763199999999)
(197.45174254438507, 24.28538176281046, 59.489306788182866, 68.41270280641031)
(197.07494399999996, 23.887871999999994, 59.71967999999998, 68.67763199999999)
(195.2363376228805, 30.293989345267704, 60.61176702181703, 69.70353207508958)
(195.11448263964908, 35.717841557666766, 61.68543304296744, 70.93824799941255)
(204.04223999999996, 54.743039999999986, 49.76639999999999, 57.23135999999999)
(197.07494399999996, 41.80377599999999, 59.71967999999998, 68.67763199999999)
(192.95999999999998, 120.96, 28.799999999999997, 33.12)
(188.0, 140.0, 20.0, 23.0)
(186.0, 134.0, 20.0, 23.0)
(190.0, 132.0, 20.0, 23.0)
(189.79748211785991, 128.7588624006268, 20.671789914670775, 23.772558401871393)
(151.2, 81.6, 24.0, 27.599999999999998)
(150.55944274920495, 81.21047143575561, 23.677446288699485, 27.229063232004403)
(152.0, 90.0, 20.0, 23.0)
(150.0, 88.0, 20.0, 23.0)
(150.0, 92.0, 20.0, 23.0)
(149.69651702586015, 92.54534081692177, 19.748582769568795, 22.710870185004115)
(230.0, 80.0, 20.0, 23.0)
(224.0, 78.0, 20.0, 23.0)
(218.40859956859217, 77.11570821420815, 20.09367427590159, 23.10772541728683)
(212.98399165105087, 75.01350453750244, 20.35249704457796, 23.40537160126465)
(122.39999999999999, 81.6, 24.0, 27.599999999999998)
(163.39304447999993, 0.0, 85.99633919999997, 98.89579007999997)
(159.19116480419808, -1.2924193481193953, 86.03501676449429, 98.94026927916845)
(154.79341055999996, 10.319560703999997, 103.19560703999997, 118.67494809599997)
(148.60167413759993, 0.0, 123.83472844799995, 142.40993771519993)
(148.60167413759993, 0.0, 123.83472844799995, 142.40993771519993)
(147.0204086837583, 3.3809400985655174, 127.39427778830041, 146.50341945654546)
(134.0, 136.0, 20.0, 23.0)
(134.58913327524277, 137.9711174633065, 20.141862844045725, 23.163142270652582)
(138.0, 138.0, 20.0, 23.0)
(154.0, 180.0, 20.0, 23.0)
(160.0, 178.0, 20.0, 23.0)
(165.37953749324944, 175.12393912553762, 21.033100306469883, 24.18806535244037)
(174.0, 174.0, 20.0, 23.0)
(175.26194109302745, 173.04702579030675, 20.427488053202932, 23.491611261183373)
(174.0, 172.0, 20.0, 23.0)
(204.48, 181.44, 28.799999999999997, 33.12)
(199.89789123888704, 183.51556088663418, 28.702742912850898, 33.008154349778536)
(70.0, 62.0, 20.0, 23.0)
(68.93442142731003, 63.60578981871366, 20.30114768493073, 23.34631983767034)
(92.0, 44.0, 20.0, 23.0)
(156.0, 80.0, 20.0, 23.0)
(178.0, 66.0, 20.0, 23.0)
(209.01887999999994, 84.60287999999998, 49.76639999999999, 57.23135999999999)
(217.72799999999998, 96.76799999999999, 34.559999999999995, 39.74399999999999)
(221.18399999999997, 93.31199999999998, 34.559999999999995, 39.74399999999999)
(228.09599999999998, 89.856, 34.559999999999995, 39.74399999999999)
(233.915404313817, 90.46799498408294, 33.86445919463157, 38.9441280738263)
(143.32723199999998, 23.887871999999994, 59.71967999999998, 68.67763199999999)
(136.16087039999996, 14.332723199999997, 71.66361599999999, 82.41315839999999)
(136.16087039999996, 21.499084799999995, 71.66361599999999, 82.41315839999999)
(36.0, 74.0, 20.0, 23.0)
(139.34591999999998, 49.76639999999999, 49.76639999999999, 57.23135999999999)
(252.9792, 103.67999999999999, 41.471999999999994, 47.6928)
(253.6703421693008, 103.33858760358267, 41.199884118429594, 47.37986673619404)
(214.0, 10.0, 20.0, 23.0)
(218.0, 6.0, 20.0, 23.0)
(218.0, 0.0, 20.0, 23.0)
(190.7712, 132.7104, 41.471999999999994, 47.6928)
(199.0656, 136.8576, 41.471999999999994, 47.6928)
(203.70084559395127, 136.77747950945997, 43.14990358748804, 49.62238912561125)
(207.35999999999999, 145.152, 41.471999999999994, 47.6928)
(207.35999999999999, 145.152, 41.471999999999994, 47.6928)
(215.65439999999998, 153.44639999999998, 41.471999999999994, 47.6928)
(215.65439999999998, 149.29919999999998, 41.471999999999994, 47.6928)
(220.02162080066512, 150.43231019517896, 40.205453906482184, 46.23627199245451)
(223.94879999999998, 145.152, 41.471999999999994, 47.6928)
(228.135429284247, 140.92108267651784, 41.09649838951375, 47.26097314794082)
(231.37461118197618, 135.8773071726271, 41.61120710382104, 47.8528881693942)
(240.5376, 132.7104, 41.471999999999994, 47.6928)
(250.56, 138.24, 28.799999999999997, 33.12)
(259.2, 141.12, 28.799999999999997, 33.12)
(262.08, 141.12, 28.799999999999997, 33.12)
(264.96, 144.0, 28.799999999999997, 33.12)
(264.0, 144.0, 24.0, 27.599999999999998)
(48.0, 8.0, 20.0, 23.0)
(207.35999999999996, 3.4559999999999995, 34.559999999999995, 39.74399999999999)
(202.0, 2.0, 20.0, 23.0)
(222.0, 32.0, 20.0, 23.0)
(276.0, 8.0, 20.0, 23.0)
(274.0, 10.0, 20.0, 23.0)
(271.8682366114517, 7.571641048482, 20.533637861080898, 23.61368354024303)
(271.2, 4.8, 24.0, 27.599999999999998)
(270.0, 8.0, 20.0, 23.0)
(270.0, 12.0, 20.0, 23.0)
(270.0, 20.0, 20.0, 23.0)
(269.2896620003931, 23.69241839884072, 19.97023654608883, 22.965772028002156)
(269.66957424128566, 26.76860046536911, 19.554284134616218, 22.48742675480865)
(269.15208214936746, 28.352652497895637, 19.94510327939006, 22.93686877129857)
(268.0, 28.0, 20.0, 23.0)
(34.836479999999995, 39.81311999999999, 49.76639999999999, 57.23135999999999)
(266.0, 16.0, 20.0, 23.0)
(266.0, 18.0, 20.0, 23.0)
(262.0, 14.0, 20.0, 23.0)
(255.37394291319617, 16.21552095295882, 21.61994254274825, 24.86293392416049)
(246.0370354341675, 15.972628057031883, 31.501643242993122, 36.22688972944209)
(252.9792, 95.3856, 41.471999999999994, 47.6928)
(244.79999999999998, 103.67999999999999, 28.799999999999997, 33.12)
(230.39999999999998, 103.67999999999999, 28.799999999999997, 33.12)
(152.64, 141.12, 28.799999999999997, 33.12)
(43.199999999999996, 134.4, 24.0, 27.599999999999998)
(33.6, 132.0, 24.0, 27.599999999999998)
(27.7893086814531, 129.72239639373578, 23.678027076791068, 27.229731138309724)
(22.190475661497636, 130.8540165885116, 25.116629395998874, 28.884123805398698)
(13.764191530080774, 130.9896853375653, 25.382153896625564, 29.18947698111939)
(10.0, 138.0, 20.0, 23.0)
(2.4, 136.79999999999998, 24.0, 27.599999999999998)
(-1.7800155639648434, 139.58283691406245, 24.0, 27.599999999999998)
(-7.598211624505472, 136.2138104293498, 25.582496170763875, 29.419870596378455)
(160.79999999999998, 146.4, 24.0, 27.599999999999998)
(138.0, 128.0, 20.0, 23.0)
(132.0, 120.0, 20.0, 23.0)
(131.28775045487296, 115.20987420474454, 19.916320379316574, 22.90376843621406)
(48.0, 124.0, 20.0, 23.0)
(136.0, 118.0, 20.0, 23.0)
(134.0, 118.0, 20.0, 23.0)
(134.0, 122.0, 20.0, 23.0)
(133.93793026022072, 123.85928233587494, 19.722345045964776, 22.68069680285949)
(132.0, 124.0, 20.0, 23.0)
(130.0, 126.0, 20.0, 23.0)
(244.0, 212.0, 20.0, 23.0)
(234.0, 186.0, 20.0, 23.0)
(246.0, 210.0, 20.0, 23.0)
(240.0, 174.0, 20.0, 23.0)
(252.0, 194.4, 24.0, 27.599999999999998)
(260.0, 188.0, 20.0, 23.0)
(262.0, 184.0, 20.0, 23.0)
(268.0, 188.0, 20.0, 23.0)
(124.8, 93.6, 24.0, 27.599999999999998)
(124.8, 91.2, 24.0, 27.599999999999998)
(126.0, 90.0, 20.0, 23.0)
(128.0, 94.0, 20.0, 23.0)
(172.0, 114.0, 20.0, 23.0)
(172.0, 110.0, 20.0, 23.0)
(124.8, 79.2, 24.0, 27.599999999999998)
(122.45286629300278, 77.13536883827155, 24.920036456963214, 28.658041925507693)
(120.0, 78.0, 20.0, 23.0)
(115.19999999999999, 81.6, 24.0, 27.599999999999998)
(118.0, 88.0, 20.0, 23.0)
(112.31506863141203, 91.38742810825273, 21.33470648717595, 24.534912460252343)
(175.2, 120.0, 24.0, 27.599999999999998)
(172.79999999999998, 122.39999999999999, 24.0, 27.599999999999998)
(165.6, 120.0, 24.0, 27.599999999999998)
(163.2, 117.6, 24.0, 27.599999999999998)
(164.12515823874747, 113.64891808906158, 23.744928883833126, 27.306668216408095)
(169.16116837635215, 108.27914848815168, 23.871715371319098, 27.452472677016964)
(165.88799999999998, 96.76799999999999, 34.559999999999995, 39.74399999999999)
(169.92, 103.67999999999999, 28.799999999999997, 33.12)
(169.92, 109.44, 28.799999999999997, 33.12)
(175.68, 115.19999999999999, 28.799999999999997, 33.12)
(176.72647843927388, 116.41653042061905, 28.30001492321006, 32.54501716169157)
(176.89099682228226, 117.24143975687944, 27.885101692349583, 32.067866946202024)
(178.53424453416864, 119.21909347930855, 27.389164129904955, 31.4975387493907)
(177.6, 120.0, 24.0, 27.599999999999998)
(179.28251669851977, 119.94391672527043, 23.858172169366668, 27.436897994771666)
(180.60298200242931, 115.09107273541093, 23.832994735375706, 27.40794394568206)
(182.0, 116.0, 20.0, 23.0)
(185.1712651341274, 115.09835794990082, 20.567839604792066, 23.653015545510875)
(194.0, 50.0, 20.0, 23.0)
(193.0760137464428, 54.74275256988384, 19.69733774148938, 22.65193840271279)
(182.0, 124.0, 20.0, 23.0)
(180.0, 122.0, 20.0, 23.0)
(174.0, 126.0, 20.0, 23.0)
(171.99878149001725, 124.92014183485773, 20.022120857856134, 23.025438986534553)
(144.47384985599996, 30.95868211199999, 103.19560703999997, 118.67494809599997)
(142.0221136214153, 28.825593675870195, 102.09846915760683, 117.41323953124785)
(137.59414271999995, 42.99816959999998, 85.99633919999997, 98.89579007999997)
(132.35587571909554, 41.06043307203118, 85.67795132680882, 98.52964402583017)
(129.1982335507513, 39.77957869098413, 85.97068317326294, 98.86628564925239)
(125.21689774372085, 34.444533494954776, 87.13222258517541, 100.20205597295173)
(123.80696509625051, 26.75200766362071, 88.17720079515517, 101.40378091442845)
(121.73464972337325, 26.260460661691766, 88.80271227821434, 102.1231191199465)
(119.01059892986939, 30.527039309709203, 88.76418056444082, 102.07880764910693)
(119.17817572089692, 32.85315563452756, 88.72648181637017, 102.03545408882569)
(119.17600582592178, 34.03713257586279, 89.14216804186732, 102.51349324814741)
(116.81747485882437, 37.89948798695517, 89.20823662889417, 102.58947212322828)
(115.34399571723847, 40.31751100672417, 89.02409139644095, 102.37770510590708)
(88.0, 184.0, 20.0, 23.0)
(141.6, 48.0, 24.0, 27.599999999999998)
(170.0, 62.0, 20.0, 23.0)
(175.98325128478774, 62.80958724410746, 19.889271356205775, 22.87266205963664)
(184.0, 64.0, 20.0, 23.0)
(190.0, 64.0, 20.0, 23.0)
(194.0, 64.0, 20.0, 23.0)
(197.06566994386247, 63.33130351649652, 20.30200972165007, 23.34731117989758)
(198.0, 64.0, 20.0, 23.0)
(196.0, 66.0, 20.0, 23.0)
(196.60049721130034, 65.65698757973854, 19.881052086188408, 22.86320989911667)
(114.0, 52.0, 20.0, 23.0)
(109.55933584571157, 51.99461504489497, 19.40173693894794, 22.31199747979013)
(106.0, 52.0, 20.0, 23.0)
(100.0, 50.0, 20.0, 23.0)
(92.0, 46.0, 20.0, 23.0)
(92.0, 44.0, 20.0, 23.0)
(90.0, 48.0, 20.0, 23.0)
(86.9882536406244, 49.85529204072196, 20.02614774804808, 23.03006991025529)
(83.6889654475884, 51.90743038954355, 19.994543775233364, 22.99372534151837)
(78.98347563449727, 50.766858948666, 20.78713808647421, 23.905208799445344)
(80.58243772432228, 51.436381294347576, 20.658153115808567, 23.75687608317985)
(80.0, 52.0, 20.0, 23.0)
(78.0, 50.0, 20.0, 23.0)
(75.80878054626939, 49.69530682620784, 20.415977725820603, 23.478374384693694)
(76.0, 52.0, 20.0, 23.0)
(71.92732625275818, 51.55654665063283, 20.536430258155534, 23.616894796878864)
(67.2, 50.4, 24.0, 27.599999999999998)
(64.0, 52.0, 20.0, 23.0)
(58.32250563222978, 53.173474899000276, 20.391159695013105, 23.44983364926507)
(50.91436754914974, 52.70467190484983, 21.304191842618497, 24.49982061901127)
(42.0, 50.0, 20.0, 23.0)
(37.176773877019386, 48.68325497779837, 20.7423918821917, 23.853750664520454)
(29.219087924289504, 47.72881831187702, 22.023505517387793, 25.327031344995962)
(22.0, 48.0, 20.0, 23.0)
(18.0, 50.0, 20.0, 23.0)
(9.6, 48.0, 24.0, 27.599999999999998)
(203.04691199999996, 89.57951999999997, 59.71967999999998, 68.67763199999999)
(199.30802862664387, 90.63968800125568, 57.69338790882156, 66.34739609514482)
(197.07494399999996, 83.60755199999998, 59.71967999999998, 68.67763199999999)
(197.07494399999996, 83.60755199999998, 59.71967999999998, 68.67763199999999)
(218.4, 120.0, 24.0, 27.599999999999998)
(218.4, 112.8, 24.0, 27.599999999999998)
(276.0, 42.0, 20.0, 23.0)
(277.1488904489423, 42.411576265429176, 20.35013780328724, 23.402658473780328)
(277.36484418929496, 42.1904551408093, 20.92567661164449, 24.064528103391165)
(277.4323935926991, 43.55053823035887, 20.586628830226765, 23.67462315476078)
(273.59999999999997, 40.32, 28.799999999999997, 33.12)
(275.72775097023293, 39.78692322880506, 28.637393567346496, 32.93300260244847)
(279.36, 40.32, 28.799999999999997, 33.12)
(283.86159094882197, 39.49649923836208, 27.92200120782477, 32.11030138899849)
(288.14708307225345, 38.63440990687077, 30.376712761743086, 34.93321967600455)
(228.09599999999998, 124.41599999999998, 34.559999999999995, 39.74399999999999)
(20.0, 50.0, 20.0, 23.0)
(30.0, 50.0, 20.0, 23.0)
(38.0, 50.0, 20.0, 23.0)
(44.0, 50.0, 20.0, 23.0)
(42.13882225703878, 47.69083541874523, 20.05956328011189, 23.068497772128676)
(45.377300591387346, 48.495004460002676, 19.86725550667843, 22.847343832680195)
(42.0, 46.0, 20.0, 23.0)
(38.74896827481825, 45.31076686992282, 19.906100925949435, 22.89201606484185)
(38.4, 48.0, 24.0, 27.599999999999998)
(36.0, 48.0, 20.0, 23.0)
(36.574031186816946, 50.97908174954408, 19.98242316103408, 22.979786635189193)
(30.0, 48.0, 20.0, 23.0)
(33.1659092334719, 48.947917276817876, 19.542708510595265, 22.474114787184554)
(33.67721990483829, 47.15947610833747, 19.501059457901547, 22.426218376586778)
(36.0, 48.0, 20.0, 23.0)
(258.0, 182.0, 20.0, 23.0)
(44.0, 50.0, 20.0, 23.0)
(46.05574036977801, 51.48797933204403, 19.80866238788539, 22.7799617460682)
(50.0, 54.0, 20.0, 23.0)
(54.12344185874122, 53.014099784891265, 20.065326365525383, 23.07512532035419)
(55.36988432201447, 48.849229809061754, 20.131401399916378, 23.151111609903833)
(58.861496723936014, 46.886062914960505, 20.148779318241246, 23.17109621597743)
(66.0, 46.0, 20.0, 23.0)
(72.0, 46.0, 20.0, 23.0)
(190.07999999999998, 27.647999999999996, 34.559999999999995, 39.74399999999999)
(190.07999999999998, 34.559999999999995, 34.559999999999995, 39.74399999999999)
(136.16087039999996, 14.332723199999997, 71.66361599999999, 82.41315839999999)
(129.1825343301553, 17.822114640210877, 71.2645752490643, 81.95426153642393)
(121.92922180854784, 19.818407855718725, 71.31921970145893, 82.01710265667776)
(232.90675199999995, 89.57951999999997, 59.71967999999998, 68.67763199999999)
(182.4768, 78.79679999999999, 41.471999999999994, 47.6928)
(185.6971362707721, 78.9194768725207, 43.739243718221445, 50.300130275954665)
(186.624, 74.64959999999999, 41.471999999999994, 47.6928)
(179.15903999999995, 59.71967999999998, 59.71967999999998, 68.67763199999999)
(185.13100799999995, 47.77574399999999, 59.71967999999998, 68.67763199999999)
(189.17020188172123, 48.8347696006982, 61.20727124046368, 70.38836192653325)
(191.10297599999996, 53.747711999999986, 59.71967999999998, 68.67763199999999)
(193.49176319999995, 50.164531199999985, 71.66361599999999, 82.41315839999999)
(196.33445652789794, 51.912656084455705, 72.45460873873529, 83.32280004954558)
(199.63217622399094, 53.06302094809745, 74.68036685631486, 85.88242188476208)
(207.82448639999996, 57.33089279999999, 71.66361599999999, 82.41315839999999)
(211.3960395330586, 59.61454303875961, 71.34903146239834, 82.05138618175809)
(214.99084799999994, 71.66361599999999, 71.66361599999999, 82.41315839999999)
(214.99084799999994, 57.33089279999999, 71.66361599999999, 82.41315839999999)
(215.29031498105374, 55.55778333773335, 71.593399078908, 82.3324089407442)
(216.1115316915666, 55.35276200733777, 71.26610542839012, 81.95602124264863)
(217.70763585744194, 55.962538695067074, 71.50276062203005, 82.22817471533456)
(219.1806689732868, 57.966542647429286, 71.74431646065284, 82.50596392975076)
(222.15720959999996, 57.33089279999999, 71.66361599999999, 82.41315839999999)
(222.15720959999996, 57.33089279999999, 71.66361599999999, 82.41315839999999)
(221.5808672610064, 53.61800069096794, 73.17686586353399, 84.15339574306408)
(194.0, 32.0, 20.0, 23.0)
(193.27011384563767, 27.387709741758204, 19.57840939368563, 22.515170802738474)
(259.2, 149.76, 28.799999999999997, 33.12)
(187.2, 17.28, 28.799999999999997, 33.12)
(183.16799999999998, 13.823999999999998, 34.559999999999995, 39.74399999999999)
(178.56, 25.919999999999998, 28.799999999999997, 33.12)
(175.2, 26.4, 24.0, 27.599999999999998)
(172.39702414350367, 26.633484655898386, 23.991205619242614, 27.589886462129005)
(24.0, 122.39999999999999, 24.0, 27.599999999999998)
(39.0616358473369, 122.90955767707415, 21.97078348110745, 25.266401003273565)
(50.4, 120.0, 24.0, 27.599999999999998)
(59.55037844665657, 119.76930743655545, 23.65410760863999, 27.20222374993599)
(67.36978557952136, 119.75712353363707, 21.61261389955103, 24.854505984483684)
(134.4, 105.6, 24.0, 27.599999999999998)
(146.19377663999995, 94.59597311999997, 85.99633919999997, 98.89579007999997)
(147.66074546814122, 98.06793523989171, 85.34606243238933, 98.14797179724775)
(148.95028075738557, 102.41622484290848, 85.34443020839278, 98.14609473965172)
(148.77358045994023, 106.85375360118812, 85.59526122320536, 98.43455040668617)
(146.19377663999995, 111.79524095999996, 85.99633919999997, 98.89579007999997)
(16.0, 100.0, 20.0, 23.0)
(158.4, 100.8, 24.0, 27.599999999999998)
(137.59414271999995, 103.19560703999997, 85.99633919999997, 98.89579007999997)
(139.36721324409845, 95.0123618365609, 86.80670449945923, 99.82771017437813)
(142.5848430675424, 90.39696764597261, 87.7155305459307, 100.87286012782032)
(80.0, 94.0, 20.0, 23.0)
(28.0, 102.0, 20.0, 23.0)
(30.0, 104.0, 20.0, 23.0)
(31.201037125524387, 105.54444132869142, 19.544252958423883, 22.475890902187466)
(36.0, 114.0, 20.0, 23.0)
(141.69599999999997, 114.04799999999999, 34.559999999999995, 39.74399999999999)
(138.23999999999998, 114.04799999999999, 34.559999999999995, 39.74399999999999)
(141.69599999999997, 110.59199999999998, 34.559999999999995, 39.74399999999999)
(144.60378591511633, 109.83675412587012, 34.0984625935954, 39.2132319826347)
(144.0, 115.19999999999999, 24.0, 27.599999999999998)
(141.12, 109.44, 28.799999999999997, 33.12)
(137.6005404366939, 110.51643169812084, 27.59692999087, 31.736469489500497)
(134.0, 116.0, 20.0, 23.0)
(74.64959999999999, 91.2384, 41.471999999999994, 47.6928)
(296.0, 86.0, 20.0, 23.0)
(74.0, 104.0, 20.0, 23.0)
(72.0, 104.0, 20.0, 23.0)
(70.0, 102.0, 20.0, 23.0)
(74.0, 98.0, 20.0, 23.0)
(294.0, 82.0, 20.0, 23.0)
(295.22980618744816, 78.19502204964739, 20.057599539166226, 23.066239470041157)
(299.0963671131243, 77.28604572135269, 19.678084865548318, 22.629797595380563)
(298.0, 80.0, 20.0, 23.0)
(298.0, 84.0, 20.0, 23.0)
(298.6159406115097, 87.36993448643929, 19.74034778088683, 22.701399948019855)
(102.0, 202.0, 20.0, 23.0)
(101.03185976606323, 194.69598969837995, 24.404313304787593, 28.06496030050573)
(152.0, 106.0, 20.0, 23.0)
(154.75643340485496, 101.82727336980685, 19.750606701032257, 22.713197706187096)
(34.0, 150.0, 20.0, 23.0)
(37.421268884136346, 148.33383961455343, 19.803851239295668, 22.77442892519002)
(114.66178559999997, 114.66178559999997, 71.66361599999999, 82.41315839999999)
(162.0, 96.0, 20.0, 23.0)
(160.0, 96.0, 20.0, 23.0)
(106.56, 54.72, 28.799999999999997, 33.12)
(144.0, 83.52, 28.799999999999997, 33.12)
(138.24, 83.52, 28.799999999999997, 33.12)
(135.20643836055493, 84.76688919154245, 28.18484178474956, 32.41256805246199)
(292.0, 76.0, 20.0, 23.0)
(287.74460508706494, 76.68028648122821, 19.709154083682595, 22.665527196234986)
(288.50015928628363, 76.91922385915791, 19.709154083682595, 22.665527196234986)
(290.0, 78.0, 20.0, 23.0)
(292.1041033644345, 78.82104028023245, 19.956832333631066, 22.950357183675724)
(294.0719766602886, 81.3530169947811, 20.159147265360314, 23.183019355164358)
(296.0, 82.0, 20.0, 23.0)
(299.433349609375, 83.41738891601562, 20.0, 23.0)
(154.0, 136.0, 20.0, 23.0)
(158.0, 134.0, 20.0, 23.0)
(158.2412978076187, 133.67945323315604, 19.817514248043835, 22.79014138525041)
(134.0, 94.0, 20.0, 23.0)
(162.0, 136.0, 20.0, 23.0)
(160.0, 138.0, 20.0, 23.0)
(155.39583584272847, 141.86293750697953, 20.104476996183692, 23.120148545611244)
(298.0, 96.0, 20.0, 23.0)
(296.0, 98.0, 20.0, 23.0)
(290.0, 102.0, 20.0, 23.0)
(280.95517772008895, 103.76954355046556, 19.946334012947137, 22.938284114889207)
(270.5916110616519, 102.89110330073372, 19.600621870836747, 22.54071515146226)
(264.0, 100.0, 20.0, 23.0)
(259.8132330937103, 99.24460679067701, 19.536741820391896, 22.46725309345068)
(251.27428611862163, 98.58985034683967, 19.520656888733313, 22.44875542204331)
(248.34407525216338, 95.79189282355723, 19.473638436102906, 22.39468420151834)
(246.95957863189957, 94.46654299931633, 19.596574547724313, 22.53606072988296)
(245.9947506796127, 95.2036323947138, 19.44798338198553, 22.36518088928336)
(246.86579584542054, 96.1762556610764, 19.384451399979227, 22.29211910997611)
(162.0, 142.0, 20.0, 23.0)
(164.0, 142.0, 20.0, 23.0)
(166.0264129710499, 142.13871003023277, 19.654846177040824, 22.603073103596948)
(167.3342280398207, 140.46520559906529, 19.880219457467998, 22.862252376088197)
(166.79076186937922, 135.84917641223728, 19.93931976710093, 22.930217732166067)
(168.0, 136.0, 20.0, 23.0)
(166.0, 132.0, 20.0, 23.0)
(160.0, 130.0, 20.0, 23.0)
(156.35861919070948, 131.19711055564403, 19.930954977956045, 22.92059822464945)
(151.38632007326862, 134.9686562068175, 20.115970693306526, 23.1333662973025)
(147.26691695051045, 138.5560626168663, 19.690256675151005, 22.64379517642365)
(143.1640722950003, 139.500195895598, 20.052043398280656, 23.05984990802275)
(140.53469641481647, 141.55651312069128, 19.923649162554568, 22.912196536937746)
(89.856, 96.76799999999999, 34.559999999999995, 39.74399999999999)
(84.81139213645628, 96.69746000538663, 34.3616333296265, 39.515878329070475)
(83.47004239977926, 96.29513398160893, 34.48861533471882, 39.66190763492665)
(78.94368007618252, 93.23302085408938, 35.01310359275216, 40.26506913166499)
(78.70046942320535, 89.0499138769083, 35.74095708864789, 41.10210065194507)
(80.74600918911759, 87.62896860581529, 36.3480663385617, 41.80027628934595)
(82.94399999999999, 93.31199999999998, 34.559999999999995, 39.74399999999999)
(83.31316246619842, 95.63415932605737, 35.02720332688049, 40.28128382591257)
(86.39999999999999, 108.0, 24.0, 27.599999999999998)
(89.57136670707726, 112.06750418536787, 23.45866581680249, 26.977465689322862)
(90.67917037231983, 114.68022084729624, 23.525605483387668, 27.054446305895816)
(93.6, 115.19999999999999, 24.0, 27.599999999999998)
(92.04477067490635, 114.20343669270724, 24.037742890909968, 27.643404324546463)
(93.93594346896295, 113.13122787260818, 23.72502468316784, 27.28377838564302)
(95.30285110226379, 112.56341144277425, 23.57865753668336, 27.115456167185865)
(92.9085748992923, 114.0246903120426, 23.7642741516107, 27.32891527435231)
(226.0, 96.0, 20.0, 23.0)
(222.63134843388067, 98.2377480866581, 20.39459072989488, 23.453779339379114)
(82.94399999999999, 127.87199999999999, 34.559999999999995, 39.74399999999999)
(76.8, 120.0, 24.0, 27.599999999999998)
(70.23358970622087, 119.6359599340046, 23.86266372720669, 27.44206328628769)
(129.6, 139.2, 24.0, 27.599999999999998)
(62.4, 117.6, 24.0, 27.599999999999998)
(59.073752968843415, 116.80344769670167, 23.980809797176466, 27.577931266752934)
(50.4, 112.8, 24.0, 27.599999999999998)
(53.913599999999995, 111.97439999999999, 41.471999999999994, 47.6928)
(57.24595994062095, 110.74414406782249, 41.10987716465652, 47.276358739355004)
(58.0608, 111.97439999999999, 41.471999999999994, 47.6928)
(59.560458501863955, 114.27582936729247, 41.0246925787916, 47.17839646561035)
(60.09250364216404, 114.82152851527087, 41.11093951742971, 47.27758044504418)
(60.981903385857706, 114.59052314178322, 40.507173599378326, 46.583249639285086)
(63.77497996706859, 113.69224321701168, 40.5875853783628, 46.675723185117235)
(196.0, 96.0, 20.0, 23.0)
(72.0, 120.96, 28.799999999999997, 33.12)
(74.39445034375346, 118.16662578411041, 28.6026062705009, 32.892997211076036)
(76.99038192808345, 116.40943001624615, 28.354102476840914, 32.60721784836705)
(78.24448407569471, 115.73642074039361, 27.906750232399652, 32.0927627672596)
(76.0, 108.0, 20.0, 23.0)
(208.0, 92.0, 20.0, 23.0)
(78.0, 110.0, 20.0, 23.0)
(80.64, 120.96, 28.799999999999997, 33.12)
(70.5024, 111.97439999999999, 41.471999999999994, 47.6928)
(63.63799773872442, 112.48975970177918, 41.555601885832374, 47.78894216870724)
(55.73503773984739, 112.42206855554863, 41.89273373661378, 48.17664379710585)
(49.7664, 107.82719999999999, 41.471999999999994, 47.6928)
(40.61339445972929, 105.33314193648897, 42.27409720114688, 48.61521178131892)
(30.845909513421333, 103.88575859058102, 43.2780383462042, 49.76974409813484)
(22.080143111715188, 103.90155381095538, 43.93738639619852, 50.5279943556283)
(12.368612196346835, 104.06187244567496, 44.5635369873112, 51.248067535407884)
(8.2944, 107.82719999999999, 41.471999999999994, 47.6928)
(0.6208363063994469, 103.04384740360447, 43.19820148388079, 49.67793170646291)
(0.0, 103.67999999999999, 41.471999999999994, 47.6928)
(3.4559999999999995, 110.59199999999998, 34.559999999999995, 39.74399999999999)
(145.152, 100.22399999999999, 34.559999999999995, 39.74399999999999)
(139.34591999999998, 99.53279999999998, 49.76639999999999, 57.23135999999999)
(170.0, 54.0, 20.0, 23.0)
(12.0, 86.0, 20.0, 23.0)
(11.176714273515083, 83.5533930759193, 20.38634806429796, 23.444300273942652)
(10.305142435253613, 81.82895707065273, 20.74023621713926, 23.851271649710146)
(158.4, 54.72, 28.799999999999997, 33.12)
(8.0, 84.0, 20.0, 23.0)
(225.6, 120.0, 24.0, 27.599999999999998)
(224.64, 118.08, 28.799999999999997, 33.12)
(225.6979524647058, 122.46783063714605, 29.55299155496337, 33.98594028820788)
(148.0, 136.0, 20.0, 23.0)
(148.0, 140.0, 20.0, 23.0)
(139.2, 158.4, 24.0, 27.599999999999998)
(168.0, 76.8, 24.0, 27.599999999999998)
(106.0, 212.0, 20.0, 23.0)
(170.0, 128.0, 20.0, 23.0)
(170.0, 128.0, 20.0, 23.0)
(165.61469326523738, 126.41699399574564, 20.3976276296815, 23.457271774133726)
(172.60072017441362, 125.93053614735301, 20.66898201445401, 23.76932931662211)
(152.06399999999996, 44.928, 34.559999999999995, 39.74399999999999)
(149.29919999999996, 29.85983999999999, 59.71967999999998, 68.67763199999999)
(153.07349559873967, 33.13373864826745, 59.84073601931743, 68.81684642221506)
(154.27583999999996, 39.81311999999999, 49.76639999999999, 57.23135999999999)
(159.25247999999996, 34.836479999999995, 49.76639999999999, 57.23135999999999)
(161.32047297281733, 34.35458967386691, 50.23884300944339, 57.774669460859904)
(159.25247999999996, 34.836479999999995, 49.76639999999999, 57.23135999999999)
(156.5547161389858, 34.30372776832982, 49.38923790269235, 56.7976235880962)
(154.42723928352044, 31.839468099144245, 49.53905855698248, 56.969917340529854)
(154.98586878066976, 29.836604697867934, 49.168549440613496, 56.54383185670552)
(155.51999999999998, 41.471999999999994, 34.559999999999995, 39.74399999999999)
(149.29919999999998, 41.471999999999994, 41.471999999999994, 47.6928)
(148.51776698786972, 45.107504639199604, 41.49200408578397, 47.71580469865157)
(144.32255999999995, 44.78975999999999, 49.76639999999999, 57.23135999999999)
(141.7813926616754, 46.340909229627954, 49.801279842664684, 57.27147181906438)
(136.13237736452808, 44.96350449801596, 49.971716442818696, 57.46747390924149)
(130.08174186714007, 43.36386895189865, 49.80565345321972, 57.27650147120267)
(129.39263999999997, 39.81311999999999, 49.76639999999999, 57.23135999999999)
(126.30894232722973, 38.56527923637281, 49.51204241585296, 56.938848778230906)
(123.4621864301647, 37.77821726065625, 49.09031983498299, 56.45386781023044)
(122.51997772786252, 37.37844647908294, 48.70529754232175, 56.011092173670015)
(119.43935999999997, 34.836479999999995, 49.76639999999999, 57.23135999999999)
(118.61747879299796, 35.42963295716254, 49.61469122259774, 57.056894905987406)
(119.16776371745638, 37.89112520921796, 49.286193212059786, 56.67912219386876)
(120.95812630894065, 39.06010154611431, 48.97431263358346, 56.32045952862098)
(124.25566246643263, 39.14263677957383, 48.903471275630764, 56.23899196697538)
(128.55969557693248, 38.73331413277173, 48.948938990177886, 56.29127983870457)
(133.43322477218942, 38.886535274455866, 49.1474524990781, 56.519570373939814)
(138.60593638688604, 38.81919827857378, 49.24471725796611, 56.63142484666103)
(144.32255999999995, 39.81311999999999, 49.76639999999999, 57.23135999999999)
(146.5489613090466, 39.41006941128744, 49.4786211856176, 56.900414363460236)
(149.29919999999996, 39.81311999999999, 49.76639999999999, 57.23135999999999)
(151.5032642093818, 40.78720233383112, 49.391612035337836, 56.800353840638515)
(153.04986133144706, 43.794145194860434, 49.11253522284798, 56.47941550627518)
(152.94948520775029, 47.86305103151538, 48.921380731960305, 56.25958784175435)
(149.29919999999996, 41.80377599999999, 59.71967999999998, 68.67763199999999)
(147.20922036152342, 44.43731189744144, 59.843975214453025, 68.82057149662099)
(128.99450879999995, 42.99816959999998, 85.99633919999997, 98.89579007999997)
(126.7925533702643, 43.67393515328934, 86.56298504482284, 99.54743280154626)
(120.39487487999996, 42.99816959999998, 85.99633919999997, 98.89579007999997)
(114.93147729610331, 39.00107246763015, 87.06980184826205, 100.13027212550136)
(128.99450879999998, 28.665446399999993, 71.66361599999999, 82.41315839999999)
(124.47313438681732, 27.135969279429787, 71.53160591523248, 82.26134680251735)
(121.98102766853219, 27.949582228450694, 71.04273585570901, 81.69914623406538)
(103.19560703999997, 42.99816959999998, 85.99633919999997, 98.89579007999997)
(103.19560703999997, 42.99816959999998, 85.99633919999997, 98.89579007999997)
(111.79524095999996, 42.99816959999998, 85.99633919999997, 98.89579007999997)
(110.91529865474129, 41.11865324631583, 85.71935857614226, 98.5772623625636)
(119.43935999999997, 47.77574399999999, 59.71967999999998, 68.67763199999999)
(125.41132799999997, 47.77574399999999, 59.71967999999998, 68.67763199999999)
(124.8, 60.0, 24.0, 27.599999999999998)
(121.82180210169437, 58.92179597346706, 24.080922774150352, 27.693061190272903)
(114.46271999999998, 44.78975999999999, 49.76639999999999, 57.23135999999999)
(117.6, 55.199999999999996, 24.0, 27.599999999999998)
(104.50943999999997, 39.81311999999999, 49.76639999999999, 57.23135999999999)
