(150, 56, 82, 96)
(148.0, 59.0, 82.0, 96.0)
(146.0, 64.0, 82.0, 96.0)
(142.0, 68.0, 82.0, 96.0)
(140.0, 67.0, 82.0, 96.0)
(138.0, 66.0, 82.0, 96.0)
(136.0, 64.0, 82.0, 96.0)
(134.0, 58.0, 82.0, 96.0)
(133.0, 54.0, 82.0, 96.0)
(133.0, 53.0, 82.0, 96.0)
(129.0, 53.0, 82.0, 96.0)
(123.0, 52.0, 82.0, 96.0)
(118.0, 57.0, 82.0, 96.0)
(111.0, 58.0, 82.0, 96.0)
(107.0, 58.0, 82.0, 96.0)
(108.0, 57.0, 82.0, 96.0)
(109.0, 55.0, 82.0, 96.0)
(111.0, 53.0, 82.0, 96.0)
(113.0, 53.0, 82.0, 96.0)
(117.0, 56.0, 82.0, 96.0)
(118.0, 56.0, 82.0, 96.0)
(117.0, 61.0, 82.0, 96.0)
(117.0, 61.0, 82.0, 96.0)
(119.0, 60.0, 82.0, 96.0)
(119.0, 60.0, 82.0, 96.0)
(119.0, 64.0, 82.0, 96.0)
(120.0, 60.0, 82.0, 96.0)
(120.0, 58.0, 82.0, 96.0)
(124.0, 53.0, 82.0, 96.0)
(127.0, 49.0, 82.0, 96.0)
(132.0, 42.0, 82.0, 96.0)
(136.0, 40.0, 82.0, 96.0)
(141.0, 40.0, 82.0, 96.0)
(145.0, 41.0, 82.0, 96.0)
(146.0, 42.0, 82.0, 96.0)
(147.0, 44.0, 82.0, 96.0)
(148.0, 48.0, 82.0, 96.0)
(145.0, 44.0, 82.0, 96.0)
(144.0, 43.0, 82.0, 96.0)
(141.0, 40.0, 82.0, 96.0)
(137.0, 38.0, 82.0, 96.0)
(133.0, 40.0, 82.0, 96.0)
(128.0, 44.0, 82.0, 96.0)
(122.0, 49.0, 82.0, 96.0)
(118.0, 51.0, 82.0, 96.0)
(115.0, 51.0, 82.0, 96.0)
(112.0, 51.0, 82.0, 96.0)
(110.0, 51.0, 82.0, 96.0)
(108.0, 53.0, 82.0, 96.0)
(109.0, 47.0, 82.0, 96.0)
(110.0, 41.0, 82.0, 96.0)
(111.0, 39.0, 82.0, 96.0)
(115.0, 37.0, 82.0, 96.0)
(118.0, 40.0, 82.0, 96.0)
(119.0, 42.0, 82.0, 96.0)
(121.0, 49.0, 82.0, 96.0)
(128.0, 53.0, 82.0, 96.0)
(129.0, 58.0, 82.0, 96.0)
(131.0, 58.0, 82.0, 96.0)
(133.0, 57.0, 82.0, 96.0)
(138.0, 51.0, 82.0, 96.0)
(141.0, 46.0, 82.0, 96.0)
(148.0, 41.0, 82.0, 96.0)
(148.0, 36.0, 82.0, 96.0)
(150.0, 35.0, 82.0, 96.0)
(151.0, 40.0, 82.0, 96.0)
(146.0, 44.0, 82.0, 96.0)
(144.0, 50.0, 82.0, 96.0)
(143.0, 50.0, 82.0, 96.0)
(143.0, 52.0, 82.0, 96.0)
(138.0, 52.0, 82.0, 96.0)
(137.0, 47.0, 82.0, 96.0)
(141.0, 43.0, 82.0, 96.0)
(140.0, 44.0, 82.0, 96.0)
(139.0, 47.0, 82.0, 96.0)
(137.0, 54.0, 82.0, 96.0)
(136.0, 56.0, 82.0, 96.0)
(135.0, 56.0, 82.0, 96.0)
(135.0, 58.0, 82.0, 96.0)
(133.0, 58.0, 82.0, 96.0)
(131.0, 59.0, 82.0, 96.0)
(129.0, 56.0, 82.0, 96.0)
(123.0, 52.0, 82.0, 96.0)
(124.0, 49.0, 82.0, 96.0)
(124.0, 48.0, 82.0, 96.0)
(122.0, 52.0, 82.0, 96.0)
(120.0, 59.0, 82.0, 96.0)
(124.0, 62.0, 82.0, 96.0)
(125.0, 64.0, 82.0, 96.0)
(125.0, 70.0, 82.0, 96.0)
(130.0, 66.0, 82.0, 96.0)
(131.0, 63.0, 82.0, 96.0)
(135.0, 51.0, 82.0, 96.0)
(139.0, 46.0, 82.0, 96.0)
(145.0, 40.0, 82.0, 96.0)
(148.0, 38.0, 82.0, 96.0)
(150.0, 42.0, 82.0, 96.0)
(150.0, 44.0, 82.0, 96.0)
(151.0, 47.0, 82.0, 96.0)
(155.0, 46.0, 82.0, 96.0)
(156.0, 45.0, 82.0, 96.0)
(155.0, 45.0, 82.0, 96.0)
(154.0, 45.0, 82.0, 96.0)
(153.0, 44.0, 82.0, 96.0)
(152.0, 44.0, 82.0, 96.0)
(151.0, 41.0, 82.0, 96.0)
(149.0, 44.0, 82.0, 96.0)
(145.0, 50.0, 82.0, 96.0)
(142.0, 52.0, 82.0, 96.0)
(139.0, 53.0, 82.0, 96.0)
(136.0, 56.0, 82.0, 96.0)
(130.0, 60.0, 82.0, 96.0)
(126.0, 57.0, 82.0, 96.0)
(126.0, 54.0, 82.0, 96.0)
(128.0, 52.0, 82.0, 96.0)
(129.0, 49.0, 82.0, 96.0)
(130.0, 49.0, 82.0, 96.0)
(129.0, 49.0, 82.0, 96.0)
(128.0, 50.0, 82.0, 96.0)
(130.0, 51.0, 82.0, 96.0)
(132.0, 53.0, 82.0, 96.0)
(132.0, 55.0, 82.0, 96.0)
(134.0, 53.0, 82.0, 96.0)
(137.0, 51.0, 82.0, 96.0)
(141.0, 47.0, 82.0, 96.0)
(144.0, 43.0, 82.0, 96.0)
(148.0, 40.0, 82.0, 96.0)
(153.0, 38.0, 82.0, 96.0)
(161.0, 37.0, 82.0, 96.0)
(162.0, 37.0, 82.0, 96.0)
(163.0, 37.0, 82.0, 96.0)
(160.0, 38.0, 82.0, 96.0)
(165.0, 40.0, 82.0, 96.0)
(163.0, 38.0, 82.0, 96.0)
(158.0, 37.0, 82.0, 96.0)
(158.0, 38.0, 82.0, 96.0)
(158.0, 35.0, 82.0, 96.0)
(158.0, 31.0, 82.0, 96.0)
(161.0, 28.0, 82.0, 96.0)
(159.0, 27.0, 82.0, 96.0)
(155.0, 28.0, 82.0, 96.0)
(151.0, 30.0, 82.0, 96.0)
(150.0, 31.0, 82.0, 96.0)
(147.0, 31.0, 82.0, 96.0)
(144.0, 33.0, 82.0, 96.0)
(139.0, 33.0, 82.0, 96.0)
(135.0, 33.0, 82.0, 96.0)
(133.0, 29.0, 82.0, 96.0)
(131.0, 23.0, 82.0, 96.0)
(130.0, 20.0, 82.0, 96.0)
(131.0, 18.0, 82.0, 96.0)
(129.0, 19.0, 82.0, 96.0)
(129.0, 19.0, 82.0, 96.0)
(130.0, 22.0, 82.0, 96.0)
(128.0, 26.0, 82.0, 96.0)
(128.0, 33.0, 82.0, 96.0)
(129.0, 35.0, 82.0, 96.0)
(131.0, 33.0, 82.0, 96.0)
(131.0, 31.0, 82.0, 96.0)
(130.0, 30.0, 82.0, 96.0)
(132.0, 21.0, 82.0, 96.0)
(134.0, 19.0, 82.0, 96.0)
(134.0, 15.0, 82.0, 96.0)
(136.0, 12.0, 82.0, 96.0)
(132.0, 16.0, 82.0, 96.0)
(130.0, 17.0, 82.0, 96.0)
(128.0, 18.0, 82.0, 96.0)
(127.0, 23.0, 82.0, 96.0)
(127.0, 28.0, 82.0, 96.0)
(128.0, 29.0, 82.0, 96.0)
(129.0, 31.0, 82.0, 96.0)
(127.0, 30.0, 82.0, 96.0)
(128.0, 27.0, 82.0, 96.0)
(129.0, 22.0, 82.0, 96.0)
(127.0, 19.0, 82.0, 96.0)
(126.0, 17.0, 82.0, 96.0)
(125.0, 17.0, 82.0, 96.0)
(126.0, 16.0, 82.0, 96.0)
(126.0, 19.0, 82.0, 96.0)
(127.0, 23.0, 82.0, 96.0)
(129.0, 25.0, 82.0, 96.0)
(130.0, 27.0, 82.0, 96.0)
(128.0, 31.0, 82.0, 96.0)
(123.0, 32.0, 82.0, 96.0)
(122.0, 34.0, 82.0, 96.0)
(117.0, 33.0, 82.0, 96.0)
(112.0, 35.0, 82.0, 96.0)
(111.0, 32.0, 82.0, 96.0)
(110.0, 30.0, 82.0, 96.0)
(105.0, 29.0, 82.0, 96.0)
(104.0, 27.0, 82.0, 96.0)
(103.0, 28.0, 82.0, 96.0)
(105.0, 28.0, 82.0, 96.0)
(107.0, 30.0, 82.0, 96.0)
(111.0, 27.0, 82.0, 96.0)
(115.0, 25.0, 82.0, 96.0)
(119.0, 19.0, 82.0, 96.0)
(119.0, 18.0, 82.0, 96.0)
(121.0, 10.0, 82.0, 96.0)
(126.0, 13.0, 82.0, 96.0)
(132.0, 15.0, 82.0, 96.0)
(135.0, 21.0, 82.0, 96.0)
(141.0, 22.0, 82.0, 96.0)
(144.0, 25.0, 82.0, 96.0)
(145.0, 25.0, 82.0, 96.0)
(148.0, 26.0, 82.0, 96.0)
(149.0, 26.0, 82.0, 96.0)
(149.0, 29.0, 82.0, 96.0)
(153.0, 32.0, 82.0, 96.0)
(154.0, 34.0, 82.0, 96.0)
(156.0, 35.0, 82.0, 96.0)
(157.0, 37.0, 82.0, 96.0)
(157.0, 37.0, 82.0, 96.0)
(154.0, 37.0, 82.0, 96.0)
(149.0, 34.0, 82.0, 96.0)
(145.0, 35.0, 82.0, 96.0)
(140.0, 33.0, 82.0, 96.0)
(135.0, 34.0, 82.0, 96.0)
(130.0, 32.0, 82.0, 96.0)
(127.0, 31.0, 82.0, 96.0)
(125.0, 29.0, 82.0, 96.0)
(123.0, 29.0, 82.0, 96.0)
(124.0, 30.0, 82.0, 96.0)
(125.0, 34.0, 82.0, 96.0)
(128.0, 36.0, 82.0, 96.0)
(132.0, 35.0, 82.0, 96.0)
(137.0, 39.0, 82.0, 96.0)
(142.0, 37.0, 82.0, 96.0)
(147.0, 39.0, 82.0, 96.0)
(153.0, 36.0, 82.0, 96.0)
(157.0, 39.0, 82.0, 96.0)
(160.0, 36.0, 82.0, 96.0)
(164.0, 36.0, 82.0, 96.0)
(165.0, 37.0, 82.0, 96.0)
(164.0, 42.0, 82.0, 96.0)
(162.0, 44.0, 82.0, 96.0)
(162.0, 46.0, 82.0, 96.0)
(160.0, 48.0, 82.0, 96.0)
(159.0, 48.0, 82.0, 96.0)
(158.0, 49.0, 82.0, 96.0)
(159.0, 49.0, 82.0, 96.0)
(158.0, 48.0, 82.0, 96.0)
(159.0, 49.0, 82.0, 96.0)
(163.0, 46.0, 82.0, 96.0)
(165.0, 46.0, 82.0, 96.0)
(166.0, 47.0, 82.0, 96.0)
(169.0, 48.0, 82.0, 96.0)
(169.0, 51.0, 82.0, 96.0)
(170.0, 51.0, 82.0, 96.0)
(169.0, 50.0, 82.0, 96.0)
(168.0, 50.0, 82.0, 96.0)
(164.0, 47.0, 82.0, 96.0)
(161.0, 43.0, 82.0, 96.0)
(159.0, 40.0, 82.0, 96.0)
(158.0, 35.0, 82.0, 96.0)
(157.0, 31.0, 82.0, 96.0)
(154.0, 30.0, 82.0, 96.0)
(154.0, 27.0, 82.0, 96.0)
(154.0, 28.0, 82.0, 96.0)
(154.0, 31.0, 82.0, 96.0)
(152.0, 39.0, 82.0, 96.0)
(153.0, 44.0, 82.0, 96.0)
(155.0, 48.0, 82.0, 96.0)
(158.0, 47.0, 82.0, 96.0)
(159.0, 44.0, 82.0, 96.0)
(162.0, 37.0, 82.0, 96.0)
(164.0, 34.0, 82.0, 96.0)
(165.0, 29.0, 82.0, 96.0)
(165.0, 27.0, 82.0, 96.0)
(165.0, 25.0, 82.0, 96.0)
(163.0, 24.0, 82.0, 96.0)
(162.0, 28.0, 82.0, 96.0)
(160.0, 30.0, 82.0, 96.0)
(160.0, 33.0, 82.0, 96.0)
(159.0, 35.0, 82.0, 96.0)
(155.0, 35.0, 82.0, 96.0)
(149.0, 33.0, 82.0, 96.0)
(143.0, 32.0, 82.0, 96.0)
(138.0, 30.0, 82.0, 96.0)
(133.0, 26.0, 82.0, 96.0)
(125.0, 20.0, 82.0, 96.0)
(120.0, 20.0, 82.0, 96.0)
(116.0, 19.0, 82.0, 96.0)
(114.0, 20.0, 82.0, 96.0)
(112.0, 25.0, 82.0, 96.0)
(112.0, 31.0, 82.0, 96.0)
(110.0, 35.0, 82.0, 96.0)
(111.0, 37.0, 82.0, 96.0)
(114.0, 37.0, 82.0, 96.0)
(119.0, 37.0, 82.0, 96.0)
(124.0, 37.0, 82.0, 96.0)
(131.0, 34.0, 82.0, 96.0)
(137.0, 33.0, 82.0, 96.0)
(138.0, 33.0, 82.0, 96.0)
(138.0, 31.0, 82.0, 96.0)
(134.0, 31.0, 82.0, 96.0)
(130.0, 30.0, 82.0, 96.0)
(124.0, 32.0, 82.0, 96.0)
(118.0, 34.0, 82.0, 96.0)
(111.0, 34.0, 82.0, 96.0)
(104.0, 33.0, 82.0, 96.0)
(97.0, 29.0, 82.0, 96.0)
(91.0, 23.0, 82.0, 96.0)
(85.0, 18.0, 82.0, 96.0)
(80.0, 15.0, 82.0, 96.0)
(79.0, 15.0, 82.0, 96.0)
(77.0, 16.0, 82.0, 96.0)
(77.0, 22.0, 82.0, 96.0)
(75.0, 29.0, 82.0, 96.0)
(73.0, 34.0, 82.0, 96.0)
(69.0, 37.0, 82.0, 96.0)
(63.0, 39.0, 82.0, 96.0)
(57.0, 38.0, 82.0, 96.0)
(50.0, 37.0, 82.0, 96.0)
(44.0, 32.0, 82.0, 96.0)
(46.0, 28.0, 82.0, 96.0)
(46.0, 25.0, 82.0, 96.0)
(49.0, 25.0, 82.0, 96.0)
(53.0, 26.0, 82.0, 96.0)
(57.0, 30.0, 82.0, 96.0)
(60.0, 34.0, 82.0, 96.0)
(60.0, 37.0, 82.0, 96.0)
(65.0, 39.0, 82.0, 96.0)
(69.0, 41.0, 82.0, 96.0)
(74.0, 42.0, 82.0, 96.0)
(79.0, 38.0, 82.0, 96.0)
(84.0, 34.0, 82.0, 96.0)
(89.0, 25.0, 82.0, 96.0)
(98.0, 18.0, 82.0, 96.0)
(107.0, 14.0, 82.0, 96.0)
(115.0, 14.0, 82.0, 96.0)
(120.0, 19.0, 82.0, 96.0)
(121.0, 22.0, 82.0, 96.0)
(123.0, 24.0, 82.0, 96.0)
(124.0, 25.0, 82.0, 96.0)
(126.0, 27.0, 82.0, 96.0)
(126.0, 28.0, 82.0, 96.0)
(125.0, 26.0, 82.0, 96.0)
(127.0, 25.0, 82.0, 96.0)
(127.0, 23.0, 82.0, 96.0)
(126.0, 20.0, 82.0, 96.0)
(127.0, 20.0, 82.0, 96.0)
(126.0, 22.0, 82.0, 96.0)
(125.0, 24.0, 82.0, 96.0)
(126.0, 25.0, 82.0, 96.0)
(124.0, 26.0, 82.0, 96.0)
(125.0, 26.0, 82.0, 96.0)
(126.0, 26.0, 82.0, 96.0)
(128.0, 26.0, 82.0, 96.0)
(130.0, 23.0, 82.0, 96.0)
(133.0, 17.0, 82.0, 96.0)
(138.0, 15.0, 82.0, 96.0)
(142.0, 15.0, 82.0, 96.0)
(144.0, 21.0, 82.0, 96.0)
(144.0, 28.0, 82.0, 96.0)
(142.0, 35.0, 82.0, 96.0)
(143.0, 39.0, 82.0, 96.0)
(142.0, 41.0, 82.0, 96.0)
(137.0, 38.0, 82.0, 96.0)
(136.0, 32.0, 82.0, 96.0)
(140.0, 27.0, 82.0, 96.0)
(146.0, 24.0, 82.0, 96.0)
(151.0, 27.0, 82.0, 96.0)
(151.0, 30.0, 82.0, 96.0)
(151.0, 35.0, 82.0, 96.0)
(147.0, 38.0, 82.0, 96.0)
(139.0, 41.0, 82.0, 96.0)
(133.0, 41.0, 82.0, 96.0)
(127.0, 40.0, 82.0, 96.0)
(118.0, 36.0, 82.0, 96.0)
(115.0, 32.0, 82.0, 96.0)
(113.0, 26.0, 82.0, 96.0)
(116.0, 23.0, 82.0, 96.0)
(117.0, 26.0, 82.0, 96.0)
(116.0, 28.0, 82.0, 96.0)
(117.0, 32.0, 82.0, 96.0)
(117.0, 33.0, 82.0, 96.0)
(116.0, 34.0, 82.0, 96.0)
(114.0, 35.0, 82.0, 96.0)
(111.0, 35.0, 82.0, 96.0)
(107.0, 32.0, 82.0, 96.0)
(111.0, 28.0, 82.0, 96.0)
(115.0, 25.0, 82.0, 96.0)
(118.0, 25.0, 82.0, 96.0)
(128.0, 29.0, 82.0, 96.0)
(132.0, 33.0, 82.0, 96.0)
(139.0, 33.0, 82.0, 96.0)
(146.0, 30.0, 82.0, 96.0)
(151.0, 29.0, 82.0, 96.0)
(154.0, 27.0, 82.0, 96.0)
(156.0, 26.0, 82.0, 96.0)
(157.0, 25.0, 82.0, 96.0)
(157.0, 21.0, 82.0, 96.0)
(158.0, 18.0, 82.0, 96.0)
(159.0, 16.0, 82.0, 96.0)
(157.0, 17.0, 82.0, 96.0)
(156.0, 19.0, 82.0, 96.0)
(158.0, 26.0, 82.0, 96.0)
(155.0, 33.0, 82.0, 96.0)
(151.0, 38.0, 82.0, 96.0)
(147.0, 39.0, 82.0, 96.0)
(140.0, 40.0, 82.0, 96.0)
(135.0, 37.0, 82.0, 96.0)
(134.0, 33.0, 82.0, 96.0)
(140.0, 27.0, 82.0, 96.0)
(141.0, 24.0, 82.0, 96.0)
(143.0, 26.0, 82.0, 96.0)
(141.0, 31.0, 82.0, 96.0)
(141.0, 33.0, 82.0, 96.0)
(144.0, 34.0, 82.0, 96.0)
(144.0, 36.0, 82.0, 96.0)
(145.0, 37.0, 82.0, 96.0)
(148.0, 39.0, 82.0, 96.0)
(152.0, 41.0, 82.0, 96.0)
(155.0, 37.0, 82.0, 96.0)
(153.0, 36.0, 82.0, 96.0)
(156.0, 36.0, 82.0, 96.0)
(158.0, 41.0, 82.0, 96.0)
(157.0, 44.0, 82.0, 96.0)
(155.0, 47.0, 82.0, 96.0)
(151.0, 49.0, 82.0, 96.0)
(147.0, 52.0, 82.0, 96.0)
(144.0, 51.0, 82.0, 96.0)
(145.0, 48.0, 82.0, 96.0)
(142.0, 46.0, 82.0, 96.0)
(137.0, 43.0, 82.0, 96.0)
(132.0, 41.0, 82.0, 96.0)
(130.0, 39.0, 82.0, 96.0)
(126.0, 35.0, 82.0, 96.0)
(124.0, 27.0, 82.0, 96.0)
(123.0, 28.0, 82.0, 96.0)
(119.0, 31.0, 82.0, 96.0)
(121.0, 37.0, 82.0, 96.0)
(121.0, 37.0, 82.0, 96.0)
(119.0, 40.0, 82.0, 96.0)
(117.0, 42.0, 82.0, 96.0)
(117.0, 43.0, 82.0, 96.0)
(114.0, 43.0, 82.0, 96.0)
(117.0, 41.0, 82.0, 96.0)
(124.0, 42.0, 82.0, 96.0)
(131.0, 43.0, 82.0, 96.0)
(138.0, 43.0, 82.0, 96.0)
(143.0, 42.0, 82.0, 96.0)
(146.0, 41.0, 82.0, 96.0)
(147.0, 42.0, 82.0, 96.0)
(146.0, 45.0, 82.0, 96.0)
(147.0, 45.0, 82.0, 96.0)
(150.0, 42.0, 82.0, 96.0)
(148.0, 42.0, 82.0, 96.0)
(147.0, 42.0, 82.0, 96.0)
(140.0, 41.0, 82.0, 96.0)
(134.0, 39.0, 82.0, 96.0)
(137.0, 40.0, 82.0, 96.0)
(135.0, 44.0, 82.0, 96.0)
(136.0, 48.0, 82.0, 96.0)
(134.0, 51.0, 82.0, 96.0)
(133.0, 51.0, 82.0, 96.0)
(138.0, 54.0, 82.0, 96.0)
(140.0, 55.0, 82.0, 96.0)
(142.0, 55.0, 82.0, 96.0)
(143.0, 56.0, 82.0, 96.0)
(144.0, 56.0, 82.0, 96.0)
(142.0, 54.0, 82.0, 96.0)
(142.0, 53.0, 82.0, 96.0)
(141.0, 53.0, 82.0, 96.0)
(139.0, 54.0, 82.0, 96.0)
(134.0, 55.0, 82.0, 96.0)
(132.0, 53.0, 82.0, 96.0)
(128.0, 52.0, 82.0, 96.0)
(124.0, 53.0, 82.0, 96.0)
(118.0, 53.0, 82.0, 96.0)
(117.0, 53.0, 82.0, 96.0)
(112.0, 52.0, 82.0, 96.0)
(107.0, 53.0, 82.0, 96.0)
(102.0, 53.0, 82.0, 96.0)
(103.0, 56.0, 82.0, 96.0)
(105.0, 56.0, 82.0, 96.0)
(106.0, 50.0, 82.0, 96.0)
(103.0, 48.0, 82.0, 96.0)
(104.0, 51.0, 82.0, 96.0)
(106.0, 50.0, 82.0, 96.0)
(106.0, 49.0, 82.0, 96.0)
(106.0, 50.0, 82.0, 96.0)
(103.0, 48.0, 82.0, 96.0)
(104.0, 46.0, 82.0, 96.0)
(107.0, 44.0, 82.0, 96.0)
(112.0, 45.0, 82.0, 96.0)
(115.0, 44.0, 82.0, 96.0)
(116.0, 41.0, 82.0, 96.0)
(116.0, 41.0, 82.0, 96.0)
(119.0, 38.0, 82.0, 96.0)
(121.0, 36.0, 82.0, 96.0)
(121.0, 34.0, 82.0, 96.0)
(114.0, 32.0, 82.0, 96.0)
(114.0, 31.0, 82.0, 96.0)
(112.0, 32.0, 82.0, 96.0)
(107.0, 33.0, 82.0, 96.0)
(106.0, 33.0, 82.0, 96.0)
(100.0, 31.0, 82.0, 96.0)
(104.0, 32.0, 82.0, 96.0)
(105.0, 29.0, 82.0, 96.0)
(110.0, 27.0, 82.0, 96.0)
(114.0, 22.0, 82.0, 96.0)
(118.0, 18.0, 82.0, 96.0)
(123.0, 19.0, 82.0, 96.0)
(128.0, 21.0, 82.0, 96.0)
(126.0, 21.0, 82.0, 96.0)
(131.0, 22.0, 82.0, 96.0)
(134.0, 19.0, 82.0, 96.0)
(134.0, 14.0, 82.0, 96.0)
(134.0, 10.0, 82.0, 96.0)
(138.0, 9.0, 82.0, 96.0)
(140.0, 8.0, 82.0, 96.0)
(140.0, 12.0, 82.0, 96.0)
(140.0, 18.0, 82.0, 96.0)
(137.0, 23.0, 82.0, 96.0)
(127.0, 27.0, 82.0, 96.0)
(120.0, 31.0, 82.0, 96.0)
(113.0, 31.0, 82.0, 96.0)
(105.0, 29.0, 82.0, 96.0)
(106.0, 30.0, 82.0, 96.0)
(104.0, 27.0, 82.0, 96.0)
(103.0, 22.0, 82.0, 96.0)
(106.0, 23.0, 82.0, 96.0)
(108.0, 24.0, 82.0, 96.0)
(112.0, 24.0, 82.0, 96.0)
(115.0, 27.0, 82.0, 96.0)
(118.0, 30.0, 82.0, 96.0)
(121.0, 33.0, 82.0, 96.0)
(125.0, 36.0, 82.0, 96.0)
(128.0, 39.0, 82.0, 96.0)
(130.0, 36.0, 82.0, 96.0)
(133.0, 29.0, 82.0, 96.0)
(132.0, 25.0, 82.0, 96.0)
(134.0, 24.0, 82.0, 96.0)
(134.0, 24.0, 82.0, 96.0)
(135.0, 26.0, 82.0, 96.0)
(135.0, 26.0, 82.0, 96.0)
(134.0, 25.0, 82.0, 96.0)
(131.0, 22.0, 82.0, 96.0)
(131.0, 17.0, 82.0, 96.0)
(130.0, 11.0, 82.0, 96.0)
(129.0, 7.0, 82.0, 96.0)
(124.0, 3.0, 82.0, 96.0)
(123.0, 4.0, 82.0, 96.0)
(117.0, 9.0, 82.0, 96.0)
(112.0, 12.0, 82.0, 96.0)
(110.0, 12.0, 82.0, 96.0)
(110.0, 13.0, 82.0, 96.0)
(111.0, 14.0, 82.0, 96.0)
(109.0, 15.0, 82.0, 96.0)
(108.0, 16.0, 82.0, 96.0)
(107.0, 16.0, 82.0, 96.0)
(109.0, 14.0, 82.0, 96.0)
(112.0, 15.0, 82.0, 96.0)
(114.0, 19.0, 82.0, 96.0)
(115.0, 23.0, 82.0, 96.0)
(115.0, 28.0, 82.0, 96.0)
(115.0, 31.0, 82.0, 96.0)
(116.0, 33.0, 82.0, 96.0)
(113.0, 33.0, 82.0, 96.0)
(115.0, 27.0, 82.0, 96.0)
(119.0, 18.0, 82.0, 96.0)
(123.0, 13.0, 82.0, 96.0)
(125.0, 15.0, 82.0, 96.0)
(126.0, 20.0, 82.0, 96.0)
(127.0, 24.0, 82.0, 96.0)
(125.0, 27.0, 82.0, 96.0)
(124.0, 30.0, 82.0, 96.0)
(124.0, 31.0, 82.0, 96.0)
(123.0, 32.0, 82.0, 96.0)
(123.0, 30.0, 82.0, 96.0)
(125.0, 30.0, 82.0, 96.0)
(125.0, 31.0, 82.0, 96.0)
(119.0, 29.0, 82.0, 96.0)
(115.0, 30.0, 82.0, 96.0)
(112.0, 31.0, 82.0, 96.0)
(107.0, 31.0, 82.0, 96.0)
(102.0, 30.0, 82.0, 96.0)
(96.0, 29.0, 82.0, 96.0)
(91.0, 28.0, 82.0, 96.0)
(86.0, 28.0, 82.0, 96.0)
(90.0, 27.0, 82.0, 96.0)
(93.0, 25.0, 82.0, 96.0)
(93.0, 20.0, 82.0, 96.0)
(97.0, 20.0, 82.0, 96.0)
(99.0, 24.0, 82.0, 96.0)
(103.0, 28.0, 82.0, 96.0)
(107.0, 32.0, 82.0, 96.0)
(114.0, 33.0, 82.0, 96.0)
(120.0, 31.0, 82.0, 96.0)
(125.0, 28.0, 82.0, 96.0)
(129.0, 22.0, 82.0, 96.0)
(132.0, 20.0, 82.0, 96.0)
(135.0, 17.0, 82.0, 96.0)
(136.0, 15.0, 82.0, 96.0)
(136.0, 16.0, 82.0, 96.0)
(135.0, 17.0, 82.0, 96.0)
(135.0, 19.0, 82.0, 96.0)
(134.0, 21.0, 82.0, 96.0)
(130.0, 24.0, 82.0, 96.0)
(128.0, 25.0, 82.0, 96.0)
(126.0, 24.0, 82.0, 96.0)
(123.0, 25.0, 82.0, 96.0)
(124.0, 23.0, 82.0, 96.0)
(124.0, 21.0, 82.0, 96.0)
(124.0, 21.0, 82.0, 96.0)
(123.0, 21.0, 82.0, 96.0)
(124.0, 21.0, 82.0, 96.0)
(124.0, 23.0, 82.0, 96.0)
(126.0, 22.0, 82.0, 96.0)
(128.0, 24.0, 82.0, 96.0)
(129.0, 24.0, 82.0, 96.0)
(128.0, 25.0, 82.0, 96.0)
(130.0, 26.0, 82.0, 96.0)
(128.0, 29.0, 82.0, 96.0)
(123.0, 34.0, 82.0, 96.0)
(123.0, 38.0, 82.0, 96.0)
(125.0, 43.0, 82.0, 96.0)
(125.0, 46.0, 82.0, 96.0)
(122.0, 47.0, 82.0, 96.0)
(116.0, 46.0, 82.0, 96.0)
(118.0, 42.0, 82.0, 96.0)
(120.0, 41.0, 82.0, 96.0)
(117.0, 39.0, 82.0, 96.0)
(119.0, 35.0, 82.0, 96.0)
(121.0, 35.0, 82.0, 96.0)
(124.0, 35.0, 82.0, 96.0)
(128.0, 36.0, 82.0, 96.0)
(132.0, 36.0, 82.0, 96.0)
(133.0, 36.0, 82.0, 96.0)
(136.0, 37.0, 82.0, 96.0)
(138.0, 35.0, 82.0, 96.0)
(138.0, 31.0, 82.0, 96.0)
(138.0, 29.0, 82.0, 96.0)
(135.0, 27.0, 82.0, 96.0)
(130.0, 25.0, 82.0, 96.0)
(126.0, 25.0, 82.0, 96.0)
(121.0, 28.0, 82.0, 96.0)
(116.0, 31.0, 82.0, 96.0)
(112.0, 32.0, 82.0, 96.0)
(108.0, 34.0, 82.0, 96.0)
(103.0, 35.0, 82.0, 96.0)
(98.0, 35.0, 82.0, 96.0)
(98.0, 35.0, 82.0, 96.0)
(94.0, 33.0, 82.0, 96.0)
(95.0, 28.0, 82.0, 96.0)
(98.0, 26.0, 82.0, 96.0)
(100.0, 29.0, 82.0, 96.0)
(103.0, 33.0, 82.0, 96.0)
(107.0, 37.0, 82.0, 96.0)
(113.0, 43.0, 82.0, 96.0)
(118.0, 46.0, 82.0, 96.0)
(124.0, 48.0, 82.0, 96.0)
(128.0, 46.0, 82.0, 96.0)
(135.0, 44.0, 82.0, 96.0)
(142.0, 42.0, 82.0, 96.0)
(146.0, 43.0, 82.0, 96.0)
(148.0, 46.0, 82.0, 96.0)
(150.0, 49.0, 82.0, 96.0)
(150.0, 52.0, 82.0, 96.0)
(147.0, 54.0, 82.0, 96.0)
(143.0, 53.0, 82.0, 96.0)
(140.0, 50.0, 82.0, 96.0)
(137.0, 49.0, 82.0, 96.0)
(136.0, 47.0, 82.0, 96.0)
(131.0, 49.0, 82.0, 96.0)
(129.0, 48.0, 82.0, 96.0)
(130.0, 47.0, 82.0, 96.0)
(128.0, 47.0, 82.0, 96.0)
(126.0, 49.0, 82.0, 96.0)
(123.0, 49.0, 82.0, 96.0)
(122.0, 49.0, 82.0, 96.0)
(119.0, 48.0, 82.0, 96.0)
(118.0, 48.0, 82.0, 96.0)
(119.0, 47.0, 82.0, 96.0)
(118.0, 45.0, 82.0, 96.0)
(120.0, 43.0, 82.0, 96.0)
(121.0, 43.0, 82.0, 96.0)
(125.0, 42.0, 82.0, 96.0)
(130.0, 44.0, 82.0, 96.0)
(135.0, 47.0, 82.0, 96.0)
(138.0, 49.0, 82.0, 96.0)
(140.0, 49.0, 82.0, 96.0)
(141.0, 52.0, 82.0, 96.0)
(143.0, 51.0, 82.0, 96.0)
(147.0, 50.0, 82.0, 96.0)
(148.0, 49.0, 82.0, 96.0)
(148.0, 48.0, 82.0, 96.0)
(148.0, 48.0, 82.0, 96.0)
(147.0, 49.0, 82.0, 96.0)
(149.0, 47.0, 82.0, 96.0)
(148.0, 41.0, 82.0, 96.0)
(151.0, 38.0, 82.0, 96.0)
(152.0, 40.0, 82.0, 96.0)
(150.0, 42.0, 82.0, 96.0)
(156.0, 41.0, 82.0, 96.0)
(157.0, 45.0, 82.0, 96.0)
(156.0, 47.0, 82.0, 96.0)
(154.0, 47.0, 82.0, 96.0)
(151.0, 47.0, 82.0, 96.0)
(147.0, 47.0, 82.0, 96.0)
(143.0, 48.0, 82.0, 96.0)
(137.0, 47.0, 82.0, 96.0)
(135.0, 48.0, 82.0, 96.0)
(137.0, 50.0, 82.0, 96.0)
(135.0, 50.0, 82.0, 96.0)
(133.0, 53.0, 82.0, 96.0)
(132.0, 48.0, 82.0, 96.0)
(123.0, 51.0, 82.0, 96.0)
(119.0, 48.0, 82.0, 96.0)
(117.0, 46.0, 82.0, 96.0)
(115.0, 44.0, 82.0, 96.0)
(108.0, 42.0, 82.0, 96.0)
(111.0, 42.0, 82.0, 96.0)
(111.0, 44.0, 82.0, 96.0)
(128.0, 39.0, 82.0, 96.0)
(110.0, 51.0, 82.0, 96.0)
(107.0, 52.0, 82.0, 96.0)
(108.0, 52.0, 82.0, 96.0)
(109.0, 51.0, 82.0, 96.0)
(107.0, 50.0, 82.0, 96.0)
(105.0, 49.0, 82.0, 96.0)
(104.0, 47.0, 82.0, 96.0)
(103.0, 45.0, 82.0, 96.0)
(100.0, 45.0, 82.0, 96.0)
(100.0, 47.0, 82.0, 96.0)
(100.0, 50.0, 82.0, 96.0)
(99.0, 53.0, 82.0, 96.0)
(98.0, 55.0, 82.0, 96.0)
(96.0, 53.0, 82.0, 96.0)
(91.0, 53.0, 82.0, 96.0)
(93.0, 53.0, 82.0, 96.0)
(91.0, 52.0, 82.0, 96.0)
(89.0, 50.0, 82.0, 96.0)
(90.0, 50.0, 82.0, 96.0)
(88.0, 51.0, 82.0, 96.0)
(87.0, 50.0, 82.0, 96.0)
(87.0, 52.0, 82.0, 96.0)
(89.0, 54.0, 82.0, 96.0)
(91.0, 53.0, 82.0, 96.0)
(95.0, 52.0, 82.0, 96.0)
(98.0, 52.0, 82.0, 96.0)
(101.0, 51.0, 82.0, 96.0)
(104.0, 50.0, 82.0, 96.0)
(104.0, 49.0, 82.0, 96.0)
(104.0, 48.0, 82.0, 96.0)
(106.0, 49.0, 82.0, 96.0)
(105.0, 51.0, 82.0, 96.0)
(102.0, 55.0, 82.0, 96.0)
(96.0, 56.0, 82.0, 96.0)
(93.0, 59.0, 82.0, 96.0)
(88.0, 61.0, 82.0, 96.0)
(84.0, 61.0, 82.0, 96.0)
(78.0, 61.0, 82.0, 96.0)
(72.0, 58.0, 82.0, 96.0)
(69.0, 57.0, 82.0, 96.0)
(64.0, 56.0, 82.0, 96.0)
(63.0, 57.0, 82.0, 96.0)
(60.0, 61.0, 82.0, 96.0)
(62.0, 62.0, 82.0, 96.0)
(65.0, 62.0, 82.0, 96.0)
(68.0, 60.0, 82.0, 96.0)
(71.0, 60.0, 82.0, 96.0)
(75.0, 59.0, 82.0, 96.0)
(79.0, 59.0, 82.0, 96.0)
(81.0, 58.0, 82.0, 96.0)
(84.0, 60.0, 82.0, 96.0)
(84.0, 58.0, 82.0, 96.0)
(86.0, 55.0, 82.0, 96.0)
