(130, 115, 85, 99)
(128.99450879999995, 103.19560703999997, 85.99633919999997, 98.89579007999997)
(128.76424306961678, 102.38303609971753, 86.34484063146944, 99.29656672618987)
(128.6130841166195, 102.05876232476675, 86.25781527574526, 99.19648756710706)
(128.99450879999995, 94.59597311999997, 85.99633919999997, 98.89579007999997)
(128.99450879999995, 94.59597311999997, 85.99633919999997, 98.89579007999997)
(128.99450879999995, 94.59597311999997, 85.99633919999997, 98.89579007999997)
(128.99450879999995, 94.59597311999997, 85.99633919999997, 98.89579007999997)
(128.99450879999995, 103.19560703999997, 85.99633919999997, 98.89579007999997)
(128.5292838216783, 103.6911319147836, 85.98236166640888, 98.87971591637022)
(128.99450879999995, 111.79524095999996, 85.99633919999997, 98.89579007999997)
(127.93184244675898, 112.50120199752283, 85.95467971898191, 98.8478816768292)
(126.80543095912404, 113.45180656994577, 85.8150466395643, 98.68730363549895)
(125.60563736009729, 114.50873330789608, 85.46187199679747, 98.28115279631709)
(123.83932896762576, 115.3831640813585, 85.33115870361554, 98.13083250915787)
(120.39487487999996, 111.79524095999996, 85.99633919999997, 98.89579007999997)
(117.68787315149204, 112.94732187626857, 85.80563684646896, 98.6764823734393)
(114.96232014146229, 114.02466305706834, 85.7149032669191, 98.57213875695695)
(114.66178559999997, 121.82814719999998, 71.66361599999999, 82.41315839999999)
(111.60506299400811, 121.92433797892718, 71.59330724469856, 82.33230333140335)
(108.79153138758251, 121.76787209052212, 71.61538998879976, 82.35769848711973)
(103.19560703999997, 111.79524095999996, 85.99633919999997, 98.89579007999997)
(85.99633919999997, 111.79524095999996, 85.99633919999997, 98.89579007999997)
(84.98015592221202, 111.34494703166929, 86.06762329707978, 98.97776679164176)
(84.84175716155384, 111.17118808459794, 86.15029850394299, 99.07284327953445)
(84.64794289073197, 110.87639596483979, 86.32469309783285, 99.27339706250778)
(84.61288673739571, 110.36456649592498, 86.16738841231785, 99.09249667416553)
(94.59597311999997, 94.59597311999997, 85.99633919999997, 98.89579007999997)
(94.59597311999997, 94.59597311999997, 85.99633919999997, 98.89579007999997)
(85.99633919999997, 94.59597311999997, 85.99633919999997, 98.89579007999997)
(85.99633919999997, 94.59597311999997, 85.99633919999997, 98.89579007999997)
(86.12404684477445, 94.17652984361955, 85.74000838310724, 98.60100964057332)
(86.27343665967166, 94.12963382533141, 85.37436473964095, 98.1805194505871)
(86.30722961214065, 93.82251164321714, 85.15534298265219, 97.92864443005001)
(86.67906744093702, 94.14960997146724, 84.97687576011806, 97.72340712413576)
(87.25967752130748, 94.13434666673751, 85.01668251588104, 97.76918489326319)
(87.54012491831499, 94.00752798237818, 85.23978430389727, 98.02575194948184)
(88.49468435004417, 94.04594305890825, 85.31352219092719, 98.11055051956625)
(89.50365673219042, 93.7893805000366, 85.48454227038467, 98.30722361094234)
(94.59597311999997, 85.99633919999997, 85.99633919999997, 98.89579007999997)
(96.16877987585801, 86.22631101830898, 85.69584897929953, 98.55022632619446)
(98.11798271364768, 86.18589126052686, 85.7637824150483, 98.62834977730556)
(100.3343464155991, 86.15945088129638, 85.69448884903608, 98.54866217639152)
(103.19560703999997, 85.99633919999997, 85.99633919999997, 98.89579007999997)
(104.89087172922453, 85.49581214882161, 86.42158283180474, 99.38482025657545)
(107.22222807094715, 85.51160170864831, 86.32875540226577, 99.27806871260563)
(109.61022543795852, 85.45216246550143, 86.36857182546959, 99.32385759929002)
(111.79524095999996, 85.99633919999997, 85.99633919999997, 98.89579007999997)
(113.83402047201977, 86.13144390908644, 85.9402340333822, 98.83126913838953)
(116.10602556117158, 86.35232471278289, 85.83433420664107, 98.70948433763725)
(120.39487487999996, 85.99633919999997, 85.99633919999997, 98.89579007999997)
(121.86856181457483, 85.92100967097687, 86.68112170292056, 99.68328995835866)
(123.7138211366707, 86.46919848586955, 86.74893435755695, 99.76127451119049)
(125.43793490484956, 86.76923164166293, 86.89990420889457, 99.93488984022875)
(126.96170487012554, 87.30732225920103, 87.67728493263944, 100.82887767253536)
(128.99450879999995, 94.59597311999997, 85.99633919999997, 98.89579007999997)
(128.99450879999995, 94.59597311999997, 85.99633919999997, 98.89579007999997)
(129.97048458890157, 95.38980905287161, 85.86119060071233, 98.7403691908192)
(129.8925731834134, 96.56495397855238, 86.6594694663762, 99.65838988633264)
(130.16294144413655, 98.10714426305199, 86.8100476421955, 99.83155478852484)
(128.99450879999995, 103.19560703999997, 85.99633919999997, 98.89579007999997)
(143.32723199999998, 121.82814719999998, 71.66361599999999, 82.41315839999999)
(143.98635325455894, 122.37138902311384, 71.98654780728835, 82.7845299783816)
(144.48635215048023, 122.54164379590381, 71.88626925372701, 82.66920964178605)
(128.99450879999995, 111.79524095999996, 85.99633919999997, 98.89579007999997)
(128.99450879999995, 111.79524095999996, 85.99633919999997, 98.89579007999997)
(128.99450879999995, 111.79524095999996, 85.99633919999997, 98.89579007999997)
(129.73380034139203, 112.05087972381178, 86.20928443752831, 99.14067710315757)
(130.66938840841357, 112.78625653189243, 86.15008950465707, 99.07260293035564)
(131.08672724285253, 112.89367574471989, 85.95109298812291, 98.84375693634135)
(128.99450879999995, 120.39487487999996, 85.99633919999997, 98.89579007999997)
(129.31247814827665, 120.06055031167051, 85.98051769094654, 98.87759534458854)
(129.24843034289316, 119.56732670144629, 86.14215212007291, 99.06347493808386)
(128.99450879999995, 111.79524095999996, 85.99633919999997, 98.89579007999997)
(128.99450879999995, 111.79524095999996, 85.99633919999997, 98.89579007999997)
(128.99450879999995, 111.79524095999996, 85.99633919999997, 98.89579007999997)
(128.99450879999995, 111.79524095999996, 85.99633919999997, 98.89579007999997)
(128.99450879999995, 111.79524095999996, 85.99633919999997, 98.89579007999997)
(128.99450879999995, 111.79524095999996, 85.99633919999997, 98.89579007999997)
(128.0276838506654, 111.97827981098983, 85.57082772171593, 98.40645187997333)
(127.04385439841141, 112.0808091989544, 85.40753569848953, 98.21866605326296)
(125.95901392723499, 112.2960272335175, 85.03488875998302, 97.79012207398048)
(125.02847369326824, 112.39356267221943, 84.94964964783837, 97.69209709501413)
(159.25247999999996, 104.50943999999997, 49.76639999999999, 57.23135999999999)
(128.99450879999995, 94.59597311999997, 85.99633919999997, 98.89579007999997)
(137.59414271999995, 94.59597311999997, 85.99633919999997, 98.89579007999997)
(167.21510399999997, 125.41132799999997, 59.71967999999998, 68.67763199999999)
(108.0, 134.0, 20.0, 23.0)
(164.22911999999997, 104.50943999999997, 49.76639999999999, 57.23135999999999)
(163.36037339244362, 104.70978478265783, 49.61656411355015, 57.05904873058267)
(163.0125843574349, 104.89887120038118, 49.40880661227857, 56.82012760412035)
(162.12812149358805, 105.1182203827874, 49.36385904895662, 56.76843790630011)
(160.30996583979353, 105.00905715545983, 49.50250495127222, 56.927880693963054)
(159.35257280989083, 105.75521169572994, 48.940179194671344, 56.28120607387205)
(158.4032449456679, 105.71923073036476, 49.58387581667194, 57.021457189172736)
(154.27583999999996, 109.48607999999997, 49.76639999999999, 57.23135999999999)
(153.26886441433285, 109.64138701019861, 49.88229514106076, 57.36463941221987)
(153.292430405142, 109.89872357162622, 49.44067768580963, 56.85677933868108)
(152.82490247846255, 110.02090646754152, 49.3246013370201, 56.72329153757311)
(34.559999999999995, 155.51999999999998, 34.559999999999995, 39.74399999999999)
(34.559999999999995, 152.06399999999996, 34.559999999999995, 39.74399999999999)
(35.0710277912132, 152.04055763509655, 34.53770409164585, 39.71835970539272)
(35.04701912108351, 152.0214654066044, 34.57441085451265, 39.76057248268954)
(34.533946264634565, 152.0042942468102, 34.58866997073084, 39.776970466340465)
(34.57923528881391, 151.96063201478367, 34.55151675757723, 39.73424427121382)
(34.73028835909689, 151.90715360011347, 34.52383230890581, 39.70240715524168)
(34.779770605785615, 152.14272935308654, 34.41677684262796, 39.57929336902215)
(56.0, 116.0, 20.0, 23.0)
(56.19321016309843, 116.08555495355441, 20.043496055639082, 23.050020463984946)
(56.0, 116.0, 20.0, 23.0)
(58.0, 116.0, 20.0, 23.0)
(57.80446331736798, 115.94731203708011, 20.249738831572625, 23.28719965630852)
(149.29919999999996, 109.48607999999997, 49.76639999999999, 57.23135999999999)
(149.29919999999996, 109.48607999999997, 49.76639999999999, 57.23135999999999)
(56.0, 118.0, 20.0, 23.0)
(56.03927474155816, 118.27855351840468, 19.77923097342665, 22.746115619440648)
(149.29919999999996, 109.48607999999997, 49.76639999999999, 57.23135999999999)
(34.559999999999995, 152.06399999999996, 34.559999999999995, 39.74399999999999)
(34.559999999999995, 152.06399999999996, 34.559999999999995, 39.74399999999999)
(149.29919999999996, 114.46271999999998, 49.76639999999999, 57.23135999999999)
(149.26145485114068, 114.42711184590166, 49.83658023912474, 57.31206727499346)
(149.2588699234353, 114.42416054134519, 49.841109225394845, 57.317275609204074)
(149.25744155054616, 114.41899084343086, 49.84262319773565, 57.319016677396)
(149.49748845140132, 114.4428574320022, 49.486095069853455, 56.90900933033147)
(149.48313430668145, 114.4131055366681, 49.51449818351193, 56.94167291103872)
(149.48675789121535, 114.36954965167993, 49.52099918338944, 56.94914906089786)
(149.48619639609018, 114.36626454324792, 49.52720335039757, 56.956283852957206)
(149.40620510384946, 114.35268222623846, 49.42676418194935, 56.840778809241755)
(149.40713534691983, 114.34436327285923, 49.41977674268361, 56.832743254086154)
(149.40554874519157, 114.33955940230729, 49.44141308090575, 56.85762504304161)
(149.39729216064293, 114.33339837548651, 49.45395896484676, 56.87205280957377)
(149.36688114660407, 114.21376994762306, 49.38965892261201, 56.798107761003806)
(149.49398194831798, 113.97798854293389, 49.211507123871705, 56.59323319245246)
(149.27189879844138, 113.17239989689416, 49.67529622635927, 57.12659066031316)
(149.2651204189235, 113.16152477387634, 49.687601764691905, 57.14074202939569)
(149.6835910243623, 112.58666169156652, 49.29313491904865, 56.68710515690594)
(149.9970433753982, 112.24626290722067, 49.391968742367524, 56.80076405372265)
(150.098339565706, 111.9919649518559, 49.48936415472064, 56.91276877792873)
(120.39487487999996, 94.59597311999997, 85.99633919999997, 98.89579007999997)
(120.37374672268913, 94.59615617732493, 85.99483330759038, 98.89405830372895)
(120.35807282469065, 94.5656861262673, 86.02142036139986, 98.92463341560986)
(120.39487487999996, 103.19560703999997, 85.99633919999997, 98.89579007999997)
(120.39487487999996, 111.79524095999996, 85.99633919999997, 98.89579007999997)
(111.79524095999996, 103.19560703999997, 85.99633919999997, 98.89579007999997)
(120.39487487999996, 111.79524095999996, 85.99633919999997, 98.89579007999997)
(120.12799263646845, 111.52957699029025, 85.53840446831302, 98.36916513855998)
(119.72539756898267, 111.39643694673924, 85.47401147340176, 98.29511319441202)
(119.39920710416823, 111.47351288900927, 85.39131549873376, 98.20001282354382)
(118.98672537047472, 111.41707881713673, 85.51034634893331, 98.3368983012733)
(103.19560703999997, 111.79524095999996, 85.99633919999997, 98.89579007999997)
(102.4224903504613, 111.69351028265548, 86.07452448337418, 98.98570315588032)
(102.194091083384, 111.58507399538962, 86.16325050776317, 99.08773808392766)
(102.18767210330674, 111.29134439760985, 86.10627187856223, 99.02221266034658)
(101.55915040590207, 111.03161817606325, 86.52835433587153, 99.50760748625228)
(101.52107526837713, 111.00585850130798, 86.40565207185894, 99.36649988263781)
(101.5103442056007, 111.00744905352917, 86.39903802553678, 99.35889372936732)
(101.41905292025788, 111.05345665961343, 86.28245677786306, 99.22482529454254)
(111.79524095999996, 111.79524095999996, 85.99633919999997, 98.89579007999997)
(111.79524095999996, 111.79524095999996, 85.99633919999997, 98.89579007999997)
(111.70131334240276, 111.59220390557373, 86.13673960120998, 99.05725054139148)
(111.70351600905597, 111.55142833269858, 86.1863046048176, 99.11425029554023)
(111.68480491105845, 111.54372740349751, 86.22036986721889, 99.15342534730172)
(111.68901195940039, 111.54598810888322, 86.21387074856236, 99.14595136084671)
(111.69879465494854, 111.61302739333391, 86.16110223246605, 99.08526756733595)
(111.77860331760374, 111.75463416813153, 86.04228690910877, 98.94862994547508)
(111.77868273601737, 111.74613174930721, 86.05244301368778, 98.96030946574093)
(111.88366798130215, 111.83145409107709, 86.04890868034477, 98.95624498239647)
(103.19560703999997, 111.79524095999996, 85.99633919999997, 98.89579007999997)
(103.19560703999997, 111.79524095999996, 85.99633919999997, 98.89579007999997)
(103.19560703999997, 103.19560703999997, 85.99633919999997, 98.89579007999997)
(103.19560703999997, 111.79524095999996, 85.99633919999997, 98.89579007999997)
(103.20324328841275, 111.80443654032797, 85.98419475493222, 98.88182396817207)
(103.0889283818671, 111.85801735129166, 86.20835374282821, 99.13960680425247)
(100.32906239999997, 114.66178559999997, 71.66361599999999, 82.41315839999999)
(100.32906239999997, 114.66178559999997, 71.66361599999999, 82.41315839999999)
(100.32906239999997, 114.66178559999997, 71.66361599999999, 82.41315839999999)
(100.04955163891111, 114.83507707606614, 72.13422809834958, 82.95436231310201)
(99.77431352151675, 115.86439750986148, 71.79557469446642, 82.56491089863637)
(99.4298081531127, 117.03975812239065, 71.73663773840343, 82.49713339916393)
(99.11869121969843, 117.6479827889789, 72.0270692370679, 82.83112962262808)
(99.02820550171563, 118.9166655310477, 72.08729787518196, 82.90039255645924)
(98.81818531367753, 120.26829111851481, 72.09705993094566, 82.91161892058749)
(98.57968505926111, 120.59188169355068, 72.60417365999334, 83.49479970899232)
(98.45630525470696, 121.45465953012982, 72.6099054370704, 83.50139125263094)
(98.57100008985924, 121.87615400376296, 72.39060182633612, 83.24919210028652)
(98.81475598610987, 122.03291829177542, 72.42561200649111, 83.28945380746474)
(98.84609504455038, 122.06303131384038, 72.38244988082104, 83.23981736294415)
(100.32906239999997, 128.99450879999998, 71.66361599999999, 82.41315839999999)
(100.32906239999997, 128.99450879999998, 71.66361599999999, 82.41315839999999)
(100.32906239999997, 128.99450879999998, 71.66361599999999, 82.41315839999999)
(100.35041506066955, 128.96439631472606, 71.69969180659051, 82.45464557757909)
(100.37126681118585, 129.01684643939205, 71.68914675282353, 82.44251876574705)
(100.63628369624732, 129.38728815945885, 71.65331464285684, 82.40131183928536)
(100.629339456201, 129.37737357246806, 71.67074316201202, 82.42135463631381)
(100.55857930126771, 129.38369775855261, 71.81238554219107, 82.58424337351971)
(100.51888014682882, 129.36881307909243, 71.87866129247509, 82.66046048634634)
(100.5006546656464, 129.56045791696798, 71.83541559956652, 82.61072793950147)
(100.49047135184918, 129.54945053627696, 71.8565756841922, 82.63506203682101)
(100.49183552419106, 129.60065998998772, 71.94311125552404, 82.73457794385264)
(100.52611934598556, 129.83256151322522, 71.86212295763816, 82.64144140128387)
(100.5549570309387, 129.8079939854428, 71.82315486312254, 82.59662809259089)
(100.55681026529936, 129.80400795642242, 71.82024185143244, 82.59327812914727)
(100.47777278021425, 129.79571601434606, 71.86207536652454, 82.64138667150317)
(100.49216030739674, 129.83323678352093, 71.81537123501111, 82.58767692026274)
(100.41553025885133, 129.8541080467855, 71.85568577546131, 82.63403864178046)
(100.22387500126236, 130.02710316694004, 71.77548005528772, 82.54180206358082)
(100.18214753819424, 130.02953620111091, 71.8570428915802, 82.63559932531719)
(100.189878288382, 130.0740169263757, 71.87017636190778, 82.6507028161939)
(100.00609508121298, 130.9815278180263, 71.93959366735913, 82.73053271746296)
(100.32906239999997, 128.99450879999998, 71.66361599999999, 82.41315839999999)
(100.16695774542481, 129.69936957516825, 71.6832598794628, 82.43574886138221)
(100.1761676074886, 130.7432922153697, 71.72965949127273, 82.48910841496364)
(100.21748310876418, 132.5750785708894, 71.64638761958092, 82.39334576251805)
(100.10275683944948, 133.3884001665974, 71.8841104218822, 82.66672698516453)
(100.13687446870945, 133.41700235308815, 71.83293448953415, 82.60787466296428)
(100.13481436750403, 133.41431928711694, 71.83645959917155, 82.61192853904728)
(100.02984620931221, 133.3219193512413, 71.92075504641456, 82.70886830337675)
(99.4544506893883, 132.7266211347985, 72.42690802473896, 83.29094422844982)
(99.40615931213179, 131.81807511040176, 72.51645647749417, 83.3939249491183)
(99.43421783243424, 130.2414602676363, 72.5890625814205, 83.47742196863358)
(99.39023446163797, 127.78633437016347, 72.68425435963414, 83.58689251357926)
(99.37477115000081, 124.67583973164156, 72.74065553124832, 83.65175386093557)
(99.41865884812785, 120.6962530588529, 72.67054981272861, 83.5711322846379)
(99.51027541109863, 116.34212342829078, 72.80918558327143, 83.73056342076214)
(99.76189853644199, 111.90898636032628, 73.10870422516282, 84.07500985893724)
(100.22596422025612, 107.84719833470079, 73.03024326769084, 83.98477975784445)
(100.7739557742529, 103.71666894101097, 73.22434499856445, 84.2079967483491)
(101.01043258905929, 100.49362540334349, 73.48916144951808, 84.51253566694578)
(101.39371364159756, 97.13606163103545, 73.84606583614075, 84.92297571156186)
(101.602670710883, 95.13616259945883, 73.77792891924955, 84.84461825713699)
(101.66075544594901, 93.40777266685504, 73.63844401943004, 84.68421062234455)
(101.80649785784863, 92.39974396373296, 73.38159664680268, 84.38883614382308)
(101.76460180360363, 91.58201680182728, 73.3696169657419, 84.37505951060318)
(103.19560703999997, 85.99633919999997, 85.99633919999997, 98.89579007999997)
(103.16575846383665, 85.89454431275396, 85.93063962381096, 98.82023556738262)
(103.19560703999997, 85.99633919999997, 85.99633919999997, 98.89579007999997)
(103.19560703999997, 85.99633919999997, 85.99633919999997, 98.89579007999997)
(103.19560703999997, 85.99633919999997, 85.99633919999997, 98.89579007999997)
(103.19560703999997, 85.99633919999997, 85.99633919999997, 98.89579007999997)
(103.54036671540089, 87.0878834749044, 85.76455300349498, 98.62923595401924)
(103.53982134388104, 87.63132482487825, 86.11810651508938, 99.0358224923528)
(104.14195616851819, 87.86751156266408, 86.21510639706509, 99.14737235662487)
(104.77341668890607, 88.35988264365409, 86.36949797835965, 99.32492267511363)
(103.19560703999997, 94.59597311999997, 85.99633919999997, 98.89579007999997)
(103.92713493596654, 95.51992063004903, 86.05189913072309, 98.95968400033155)
(104.73275170588684, 96.25435110686362, 85.95409332525749, 98.84720732404612)
(105.26841231705784, 97.25365701332356, 86.07607044275923, 98.98748100917312)
(105.93272204306962, 97.98123090453592, 86.13993756300131, 99.06092819745152)
(106.51629301582307, 98.9800282199187, 86.0544835447405, 98.9626560764516)
(106.96795163328554, 99.93452855602595, 85.82789360473741, 98.70207764544803)
(107.0628848138463, 100.20050789653214, 85.95898061275653, 98.85282770467002)
(107.63961389590516, 101.42161930385149, 85.89647246084584, 98.78094332997273)
(107.79934406801186, 102.31213730987967, 86.00737100335117, 98.90847665385385)
(107.78600523738402, 103.56492318871526, 86.18533955816157, 99.11314049188582)
(107.73085921736677, 104.5730718474215, 86.11203021880152, 99.02883475162176)
(107.55236951458002, 105.1616508141557, 86.04502128208985, 98.95177447440334)
(107.53191268928893, 105.80606674925065, 85.87878161235953, 98.76059885421347)
(107.14988386795636, 106.63530431394669, 85.99992543666532, 98.89991425216513)
(106.82916844630256, 107.49605673621036, 86.16478615057838, 99.08950407316514)
(103.19560703999997, 120.39487487999996, 85.99633919999997, 98.89579007999997)
(103.24317918568488, 121.46519678491552, 85.7935136342161, 98.66254067934852)
(103.19560703999997, 103.19560703999997, 103.19560703999997, 118.67494809599997)
(103.18134692510517, 103.71306334610338, 103.36008308033644, 118.8640955423869)
(103.04239080370533, 103.66192774692325, 103.49407442469862, 119.01818558840343)
(103.19560703999997, 103.19560703999997, 103.19560703999997, 118.67494809599997)
(103.19560703999997, 103.19560703999997, 103.19560703999997, 118.67494809599997)
(103.19560703999997, 120.39487487999996, 85.99633919999997, 98.89579007999997)
(103.19560703999997, 120.39487487999996, 85.99633919999997, 98.89579007999997)
(103.19560703999997, 111.79524095999996, 85.99633919999997, 98.89579007999997)
(103.19560703999997, 111.79524095999996, 85.99633919999997, 98.89579007999997)
(103.19560703999997, 111.79524095999996, 85.99633919999997, 98.89579007999997)
(121.82814719999998, 121.82814719999998, 71.66361599999999, 82.41315839999999)
(121.2999438423316, 121.82943678838838, 72.13829664111796, 82.95904113728565)
(120.79434337226178, 122.62060214380418, 71.61037404610136, 82.35193015301655)
(103.19560703999997, 103.19560703999997, 85.99633919999997, 98.89579007999997)
(111.79524095999996, 103.19560703999997, 85.99633919999997, 98.89579007999997)
(111.79524095999996, 103.19560703999997, 85.99633919999997, 98.89579007999997)
(110.9670026498062, 103.44680882556233, 85.8463583008562, 98.72331204598463)
(110.37502283541272, 103.55130501874616, 85.68232598628377, 98.53467488422635)
(109.82079454828848, 103.75073562514996, 85.30608712596197, 98.10200019485627)
(109.12407563945888, 103.96089498839436, 85.38397318580866, 98.19156916367997)
(103.19560703999997, 103.19560703999997, 85.99633919999997, 98.89579007999997)
(102.90846386733074, 103.58988503669403, 85.9343645590103, 98.82451924286187)
(102.48670831660408, 104.00089963114158, 85.53083586554175, 98.36046124537302)
(101.59942443720252, 104.23502279598944, 85.5770634754191, 98.41362299673197)
(94.59597311999997, 111.79524095999996, 85.99633919999997, 98.89579007999997)
(94.59597311999997, 111.79524095999996, 85.99633919999997, 98.89579007999997)
(94.33438077078893, 111.91522179301418, 85.57127408152752, 98.40696519375666)
(94.49429932815394, 112.12620752546346, 85.11183430566467, 97.87860945151438)
(94.37956128220661, 112.32702797581004, 84.56125821250075, 97.24544694437587)
(94.14992239927066, 112.61788806176428, 84.51514199643904, 97.19241329590491)
(94.150083403215, 112.62119402013327, 84.5157812922613, 97.19314848610051)
(94.10146001094509, 112.85457307849552, 84.2070832525824, 96.83814574046978)
(94.02747446117128, 112.91854899190994, 84.35307070955187, 97.00603131598469)
(94.02871439430919, 112.92782899521873, 84.3600055161276, 97.01400634354678)
(103.19560703999997, 111.79524095999996, 85.99633919999997, 98.89579007999997)
(103.00338660487284, 111.77508791889332, 85.97063144964874, 98.86622616709604)
(102.99669159773103, 111.77477601266997, 85.98068741852221, 98.87779053130055)
(103.0175030278944, 111.84913144434516, 85.89904075448453, 98.7838968676572)
(94.59597311999997, 103.19560703999997, 85.99633919999997, 98.89579007999997)
(94.59597311999997, 103.19560703999997, 85.99633919999997, 98.89579007999997)
(94.59597311999997, 103.19560703999997, 85.99633919999997, 98.89579007999997)
(94.59597311999997, 103.19560703999997, 85.99633919999997, 98.89579007999997)
(94.59597311999997, 103.19560703999997, 85.99633919999997, 98.89579007999997)
(94.60079873442683, 103.21509139496735, 85.97819645503296, 98.8749259232879)
(94.63211838540597, 103.57491766363731, 85.90952993139499, 98.79595942110423)
(94.63465239978078, 103.58358281776599, 85.89146141436412, 98.77518062651873)
(94.64012108619993, 103.19124738698198, 85.8693851255102, 98.74979289433674)
(94.59597311999997, 103.19560703999997, 85.99633919999997, 98.89579007999997)
(94.63404438828806, 102.92039256908791, 85.97604383139254, 98.87245040610144)
(94.70605393179528, 102.78134914348647, 85.8971187385187, 98.78168654929652)
(94.59597311999997, 103.19560703999997, 85.99633919999997, 98.89579007999997)
(93.16270079999998, 114.66178559999997, 71.66361599999999, 82.41315839999999)
(103.19560703999997, 111.79524095999996, 85.99633919999997, 98.89579007999997)
(103.20088781277158, 111.78596312542072, 86.00388983707391, 98.904473312635)
(103.41290719770961, 111.77167994934945, 85.87825194610411, 98.75998973801974)
(94.59597311999997, 111.79524095999996, 85.99633919999997, 98.89579007999997)
(94.49187713843293, 111.18758922072423, 86.60710379496997, 99.59816936421547)
(94.07282949748172, 110.36408439700924, 87.62323862765365, 100.7667244218017)
(103.19560703999997, 111.79524095999996, 85.99633919999997, 98.89579007999997)
(113.46739199999998, 125.41132799999997, 59.71967999999998, 68.67763199999999)
(113.46739199999998, 125.41132799999997, 59.71967999999998, 68.67763199999999)
(92.87604633599997, 113.51516774399997, 103.19560703999997, 118.67494809599997)
(94.59597311999997, 111.79524095999996, 85.99633919999997, 98.89579007999997)
(94.59597311999997, 111.79524095999996, 85.99633919999997, 98.89579007999997)
(94.1245372888261, 110.83119873242148, 86.31381413383208, 99.2608862539069)
(93.44273530593156, 110.54375254309619, 85.9463313686641, 98.83828107396373)
(94.59597311999997, 111.79524095999996, 85.99633919999997, 98.89579007999997)
(94.54232747837435, 111.84181644698401, 85.92287486801682, 98.81130609821935)
(93.76027749164149, 111.72507080916506, 85.75189793718566, 98.61468262776351)
(92.87597393463551, 111.90408500596168, 85.55117521721327, 98.38385149979527)
(85.99633919999997, 120.39487487999996, 85.99633919999997, 98.89579007999997)
(85.99633919999997, 120.39487487999996, 85.99633919999997, 98.89579007999997)
(85.99633919999997, 120.39487487999996, 85.99633919999997, 98.89579007999997)
(85.6059747303836, 120.35453690144014, 85.97541713825616, 98.8717297089946)
(84.97664354434806, 120.20282447011647, 85.85309806501472, 98.73106277476694)
(85.99633919999997, 111.79524095999996, 85.99633919999997, 98.89579007999997)
(85.99633919999997, 111.79524095999996, 85.99633919999997, 98.89579007999997)
(85.99633919999997, 103.19560703999997, 85.99633919999997, 98.89579007999997)
(100.32906239999997, 121.82814719999998, 71.66361599999999, 82.41315839999999)
(100.32906239999997, 121.82814719999998, 71.66361599999999, 82.41315839999999)
(98.75310084845492, 122.49197931245166, 71.39869950348073, 82.10850442900285)
(77.39670527999998, 111.79524095999996, 85.99633919999997, 98.89579007999997)
(77.39670527999998, 111.79524095999996, 85.99633919999997, 98.89579007999997)
(74.97724153234842, 111.82713224736861, 86.08056698827185, 98.99265203651264)
(85.99633919999997, 120.39487487999996, 85.99633919999997, 98.89579007999997)
(85.99633919999997, 120.39487487999996, 85.99633919999997, 98.89579007999997)
(84.3219461366391, 120.11998661445918, 86.37375081500294, 99.32981343725339)
(85.99633919999998, 114.66178559999997, 71.66361599999999, 82.41315839999999)
(85.99633919999997, 111.79524095999996, 85.99633919999997, 98.89579007999997)
(93.16270079999998, 114.66178559999997, 71.66361599999999, 82.41315839999999)
(77.39670527999998, 94.59597311999997, 85.99633919999997, 98.89579007999997)
(77.45795743891169, 94.70809706270938, 85.75506046811404, 98.61831953833115)
(93.16270079999998, 93.16270079999998, 71.66361599999999, 82.41315839999999)
(101.52345599999998, 95.55148799999998, 59.71967999999998, 68.67763199999999)
(100.32906239999997, 114.66178559999997, 71.66361599999999, 82.41315839999999)
(101.52345599999998, 101.52345599999998, 59.71967999999998, 68.67763199999999)
(101.52345599999998, 101.52345599999998, 59.71967999999998, 68.67763199999999)
(101.55228513570393, 101.42491547529778, 59.839572998123344, 68.81550894784186)
(101.56216867148814, 101.41992831574163, 59.83831483768772, 68.8140620633409)
(100.32906239999997, 128.99450879999998, 71.66361599999999, 82.41315839999999)
(100.31717676530882, 128.98071824979266, 71.6849458631323, 82.43768774260214)
(94.59597311999997, 103.19560703999997, 85.99633919999997, 98.89579007999997)
(94.59597311999997, 103.19560703999997, 85.99633919999997, 98.89579007999997)
(94.59597311999997, 103.19560703999997, 85.99633919999997, 98.89579007999997)
(94.88138503900834, 103.00425829812912, 86.2793361627645, 99.22123658717918)
(6.0, 96.0, 20.0, 23.0)
(6.973414045551966, 95.84268264499951, 20.059786593954662, 23.06875458304786)
(109.48607999999997, 109.48607999999997, 49.76639999999999, 57.23135999999999)
(110.80650936239253, 109.87593950466643, 49.29151112384769, 56.68523779242484)
(111.90661737901834, 109.96671145938181, 49.15516838161171, 56.52844363885347)
(18.0, 98.0, 20.0, 23.0)
(20.0, 96.0, 20.0, 23.0)
(21.511470435589608, 95.32774588297761, 20.15578151041258, 23.17914873697447)
(22.0, 96.0, 20.0, 23.0)
(22.65988707867494, 95.96476899759288, 20.12247895544309, 23.14085079875955)
(23.61583063594724, 96.01050082078635, 20.155847120439507, 23.179224188505433)
(20.0, 94.0, 20.0, 23.0)
(20.778139258487336, 93.83260791184784, 20.03847093370892, 23.044241573765255)
(26.0, 94.0, 20.0, 23.0)
(26.0, 94.0, 20.0, 23.0)
(3.4559999999999995, 158.97599999999997, 34.559999999999995, 39.74399999999999)
(4.038265278766499, 157.66283078907966, 34.58072163210323, 39.76782987691871)
(4.829618883882244, 156.85262581348755, 34.39386364977701, 39.55294319724356)
(5.380711540422276, 155.78047468990445, 34.41018381460222, 39.57171138679255)
(5.742601331948052, 155.36586372469523, 34.40199566221473, 39.56229501154694)
(26.0, 88.0, 20.0, 23.0)
(6.911999999999999, 155.51999999999998, 34.559999999999995, 39.74399999999999)
(6.911999999999999, 148.60799999999998, 34.559999999999995, 39.74399999999999)
(6.911999999999999, 148.60799999999998, 34.559999999999995, 39.74399999999999)
(7.287407205904309, 148.2724942610636, 34.35762079937302, 39.51126391927897)
(7.349064726784803, 148.3351477655373, 34.26645125779513, 39.4064189464644)
(6.710546191690408, 148.46581209680807, 34.67454511356742, 39.87572688060253)
(6.45044057857676, 149.42760100969306, 34.79091532111796, 40.00955261928565)
(6.338366064196823, 150.84998627991763, 34.95729075978994, 40.20088437375843)
(6.421696805722764, 152.8253426756107, 34.93080795715798, 40.17042915073167)
(6.062434493584568, 154.87493019817032, 34.80733734217656, 40.028437943503036)
(5.525082915888856, 157.95515150485295, 34.82371377637658, 40.04727084283306)
(5.435599209106346, 161.29934025471786, 34.89908545629902, 40.133948274743865)
(5.417651459228882, 166.1353925134556, 34.317459670043206, 39.46507862054968)
(103.19560703999997, 85.99633919999997, 85.99633919999997, 98.89579007999997)
(103.19560703999997, 85.99633919999997, 85.99633919999997, 98.89579007999997)
(103.19560703999997, 85.99633919999997, 85.99633919999997, 98.89579007999997)
(103.38133141365361, 85.86304951852003, 86.28745759136456, 99.23057623006925)
(104.36370977224573, 86.16599057877693, 86.13448371109438, 99.05465626775855)
(105.08130617371788, 86.16497140506951, 86.16483656244698, 99.08956204681404)
(94.59597311999997, 94.59597311999997, 85.99633919999997, 98.89579007999997)
(94.97096961706313, 94.45261734601715, 86.26071998517051, 99.19982798294609)
(103.19560703999997, 103.19560703999997, 85.99633919999997, 98.89579007999997)
(107.49542399999997, 114.66178559999997, 71.66361599999999, 82.41315839999999)
(107.54286080498426, 114.67718234711862, 71.5557419017502, 82.28910318701271)
(107.49542399999997, 114.66178559999997, 71.66361599999999, 82.41315839999999)
(107.49542399999997, 114.66178559999997, 71.66361599999999, 82.41315839999999)
(107.12219450685754, 114.96895168776896, 71.5758464706599, 82.31222344125887)
(107.02930177679787, 115.50402110532926, 71.37216659874798, 82.07799158856015)
