(130, 115, 85, 99)
(129.8939168270202, 113.89370720078125, 85.1811604865846, 99.21099868437501)
(130.00971198804905, 113.34894319422631, 85.03801010593318, 99.04427059396924)
(129.87862838452577, 113.1308841823838, 84.91757843602656, 98.90400311960741)
(129.86620487511945, 113.11090566601689, 84.92390128491733, 98.91136737890372)
(129.81787752786502, 112.90326789316515, 84.70930720012932, 98.66142838603298)
(129.79101294747895, 112.58130957714701, 84.7612358237921, 98.72190995947552)
(129.56665451710035, 112.73687304738411, 84.63652739158059, 98.57666131489975)
(129.31353419075975, 113.15778515011729, 84.67240061262113, 98.61844306646462)
(128.93450774885224, 113.64611750578923, 84.58221741245175, 98.51340616273794)
(128.54847457830044, 114.78274768001532, 84.39067596546946, 98.29031671272325)
(127.57319119991574, 115.28018672077675, 84.46639531012946, 98.37850747885666)
(126.3458669280147, 116.02693167553042, 84.17723892229091, 98.04172533302118)
(124.81391257865597, 116.73896783280765, 84.51998673233649, 98.44092572354486)
(123.24504387780513, 118.09954611601128, 83.9358308234913, 97.76055590030164)
(120.96945240253379, 119.19144035475661, 83.77610679161211, 97.57452438081881)
(118.30070943846738, 120.24173150135363, 83.70725116701055, 97.49432782981229)
(115.70179407445912, 121.4262770026553, 83.62648692432397, 97.40026124127145)
(112.6978464275827, 122.55298395212114, 83.49857899542054, 97.25128612407804)
(109.552164070614, 122.56055599951247, 83.3909874105298, 97.12597357226412)
(106.72755699973501, 122.5689072333713, 83.18860853470964, 96.8902617051324)
(104.67539564301656, 122.14919185094723, 83.16091220517782, 96.85800362720711)
(102.76111027635916, 121.74749507842586, 83.30006033107074, 97.02007026795297)
(101.78599008502871, 121.27315305373818, 83.42188579673943, 97.1619611044377)
(101.70611316166051, 121.00442404068814, 83.4015248973821, 97.13824664518623)
(101.28360531662207, 120.68623400429834, 83.5523801260332, 97.31394861737986)
(101.48157618954264, 120.39828390478313, 83.04883339972332, 96.72746478320718)
(101.99950970957946, 119.55576723244573, 82.68288823464967, 96.30124629682727)
(103.38867270277991, 119.32555252446593, 80.45294023897142, 93.70401274891968)
(104.16295837000453, 118.51108579459247, 78.78773072092842, 91.76453342790488)
(104.81535901066448, 117.64257371685572, 77.47661230093667, 90.23746609167918)
(105.45214856874378, 117.21279581433788, 76.56150028682883, 89.17162974583594)
(105.88881354713433, 117.35093391470059, 75.69816483688368, 88.166097868841)
(105.94029274885375, 117.19367555206281, 75.57964246860108, 88.02805416931186)
(106.37321361812337, 117.47602064963954, 75.62191230232746, 88.07728609329905)
(107.00659408254282, 117.40716056007997, 75.81336517964094, 88.30027238569944)
(107.53588484537296, 117.10549346446496, 76.08696749187126, 88.61893860817946)
(108.3768533006943, 117.06714043714022, 76.24394354509579, 88.80176954075861)
(109.43971633748089, 116.98207527419535, 76.18810272542883, 88.7367314096171)
(110.94018207373341, 116.75469382181237, 76.26480034227927, 88.82606157512525)
(112.54427240316662, 116.6855235263921, 76.30886272540505, 88.87738129194234)
(114.49417442345977, 116.68594239835315, 76.26477920483828, 88.8260369562234)
(116.62763027591288, 116.56487595474431, 76.40121833001017, 88.9849484078942)
(118.56758704333784, 116.62489679004385, 76.37295884789464, 88.95203442284199)
(120.4971871822167, 116.39926753471853, 76.54297915119159, 89.15005807021137)
(122.58793548455752, 116.28333786040905, 76.82217590588496, 89.47524017273659)
(124.88583943844498, 116.28197065830996, 76.80754475592254, 89.45819918630977)
(127.17559685605315, 116.46678918102876, 76.62156934941716, 89.24159253637997)
(129.0708810488388, 116.49042996238319, 76.63199583689273, 89.25373632767504)
(130.9047693128346, 116.53298446779262, 76.90748713116677, 89.57460265865305)
(132.70097331079228, 116.66777890422367, 77.17506448681391, 89.88625157875971)
(134.4030878800258, 116.84621325562094, 77.54802651045621, 90.32064264159015)
(135.84790717802127, 117.36225218596721, 78.02278305606681, 90.8735943829484)
(137.0761911325805, 117.67840314877046, 78.89669000046402, 91.89143894171691)
(138.54009321879937, 118.30074101518275, 79.59757845497936, 92.70776784756418)
(139.75509512236647, 119.3837378970878, 79.9222133197202, 93.0858719841447)
(140.43989640787365, 119.53937105024528, 81.01035916179178, 94.35324184726336)
(141.0645836191541, 120.34670866204178, 81.49429162399649, 94.91688083265473)
(140.87465249560586, 121.26388758387857, 82.66342999413982, 96.2785831696452)
(140.81388659379846, 122.75637113850428, 83.20788965419995, 96.91271853842112)
(140.91526565402054, 123.5181623822896, 84.37041168512297, 98.26671478620204)
(141.14418209112733, 123.97553300474064, 85.57291816637812, 99.66728115848746)
(141.60941079323135, 124.77470841868245, 86.125340400842, 100.3106905845101)
(142.14416815567267, 125.13580766040869, 85.89185472869372, 100.03874844871386)
(142.37493141625845, 124.97653476926833, 86.25045760205344, 100.4564153247446)
(142.23882748664084, 124.83265542751266, 87.10074468492145, 101.44674969184969)
(142.7241141074287, 125.17515683742752, 87.12364068162697, 101.47341679389494)
(143.5015825832979, 125.46293674275515, 87.268761713287, 101.64244011312252)
(144.31702609336762, 125.88767755547718, 87.25849542068666, 101.63048290174093)
(144.79235115503687, 125.9773792947842, 87.20619124461378, 101.56956392019723)
(145.08314612250584, 125.82806133749025, 87.217908804793, 101.58321143146479)
(145.17290691957356, 125.33475245940016, 87.3154715612435, 101.69684334780125)
(145.19016414829048, 124.69657685486095, 87.58486640556747, 102.01060910766093)
(145.1700306789058, 124.61504308843352, 87.62997038046967, 102.06314197254702)
(145.15696935731015, 124.51429169352222, 87.64513721311407, 102.08080687174461)
(145.1572559619319, 124.52000270087672, 87.63522562496432, 102.06926278672314)
(145.194765696554, 124.60995569641955, 87.4673716830639, 101.8737623132156)
(144.34155005082826, 124.6302855707464, 87.38933337002315, 101.78287063096813)
(143.3423082169101, 124.60081905931159, 87.33871425465632, 101.7239142495409)
(142.16575184578357, 124.48146444586575, 87.43843954573754, 101.84006488268254)
(141.14328050017193, 124.30379451169497, 87.46078397035926, 101.86608956547725)
(139.729688141371, 123.9502586564468, 87.3450060414767, 101.73124233066109)
(138.60804281273047, 123.78453462196535, 87.40906696242969, 101.80585446212399)
(137.9519421683312, 123.56019030625852, 86.80909784107202, 101.10706689724859)
(136.8250805566421, 122.85061348529581, 86.61210695312208, 100.87763045128337)
(135.84518777274803, 122.2117789524943, 86.18621136856645, 100.38158735868328)
(135.12056373651203, 121.91321092288194, 86.50267745861656, 100.75017727532988)
(133.24937922708463, 121.23815440199832, 87.66896615520572, 102.10856058076901)
(131.6650827378256, 121.52086946703884, 87.90961113567691, 102.3888412050825)
(130.37225091190842, 121.3445237086613, 88.0087330394644, 102.50428906949381)
(129.8455361463748, 121.28101158267626, 87.83614938693793, 102.30327987419828)
(128.40864625651795, 120.90623030999558, 88.03619259438595, 102.53627137463774)
(125.95107867696488, 120.61520647388835, 88.62973351521086, 103.22757197653969)
(124.4558806049385, 120.97610182660267, 88.64512355574799, 103.24549684728294)
(124.15561474659268, 121.32367925042313, 88.45723364158029, 103.02666035901703)
(122.64991379286226, 121.52624234054981, 88.93549345919735, 103.58369238188865)
(121.9195755410275, 122.0294913281647, 88.35362845896063, 102.90599079337764)
(121.97639733004561, 122.2543301960243, 87.95189894342441, 102.43809406351781)
(122.07881421389182, 122.3873859924029, 87.72030125971636, 102.16835087896374)
(120.80862698887549, 122.99843909875338, 86.8909705095537, 101.2024244758331)
(120.75345802233167, 123.3391621524948, 86.39715194850072, 100.62727109295963)
(120.65999340854177, 123.17451418245153, 86.56281042412742, 100.82021449398367)
(120.69119188478055, 123.29988680397248, 86.36348109860296, 100.58805445601988)
(120.2232972719629, 123.33816424946878, 86.30224578810545, 100.51673332967572)
(120.21832371033139, 123.28674557950146, 86.31518363402472, 100.53180211492287)
(120.26320482029519, 123.21504677612015, 86.22850368948774, 100.43084547363861)
(120.2923145725018, 123.67350560886595, 85.82044592823861, 99.95557819877199)
(120.31734319015416, 123.78641890181319, 85.76178273590263, 99.88725283358066)
(120.44098231791423, 124.12858675815286, 85.46393685342933, 99.54034998222942)
(120.44678829283203, 124.14020992294223, 85.44555000125, 99.51893470733819)
(120.42090207393534, 124.0878203167052, 85.52835881599653, 99.61538262098414)
(120.44510394936299, 124.11434939397833, 85.48685203779746, 99.56703943225817)
(120.39429851382495, 124.13688628123587, 85.61774452508448, 99.71949068215716)
(120.38162186662274, 124.12261304867874, 85.64102262417641, 99.74660282109953)
(120.2793527853535, 124.13428578095414, 85.72286486386332, 99.84192495908782)
(120.2689432934717, 124.13802589872745, 85.73077491208007, 99.85113783877556)
(120.21715771740692, 124.1600247405342, 85.75680089819397, 99.88145045789646)
(120.14724753938937, 124.50975471216555, 85.72010758235407, 99.83871353709469)
(120.13092990957941, 124.50140674956657, 85.72579582048964, 99.8453386615114)
(120.09687606746328, 124.49382160424989, 85.76384369026876, 99.88965323925414)
(120.08636363541962, 124.47453129377931, 85.78158791470764, 99.9103200418359)
(120.09613025659615, 124.46372833379992, 85.76770042430768, 99.89414520007594)
(120.07490558447456, 124.43897857235692, 85.8088375126915, 99.94205780889945)
(120.14879889531466, 124.19573184849116, 85.67081651601131, 99.78130394217783)
(120.0662892826717, 124.13204477799148, 85.70110063387534, 99.81657603239594)
(120.01552760921288, 124.11032398400525, 85.74015449837113, 99.8620622981028)
(120.02166753519475, 124.11947301618973, 85.72418201945426, 99.84345905795257)
(119.71218809978082, 123.97232714869176, 85.85440187661024, 99.99512689158131)
(119.75633457610815, 124.13534992625564, 85.77367728333057, 99.90110648293793)
(119.70667727976249, 124.07500739036021, 85.88971550883441, 100.03625688676006)
(119.70525338691496, 124.06624394325186, 85.90083355820133, 100.049206144258)
(119.72304472218215, 123.97594087172207, 85.94902163962006, 100.1053310861457)
(119.60368193644135, 123.72429913496586, 86.09521791422668, 100.27560674715811)
(119.17120319872001, 122.96399052524347, 86.6736153310756, 100.94926962089978)
(119.10356031207101, 122.88461531382426, 86.80125645105328, 101.0979339841679)
(119.00961018246272, 121.82319734979426, 87.29225729620738, 101.66980555675914)
(118.56384000373328, 121.27272191305396, 88.18514042710376, 102.70975179156787)
(118.43766096193158, 121.11446426953731, 88.4586777099259, 103.02834227391365)
(118.4199306216951, 120.63926301828141, 88.48486104664887, 103.05883816021453)
(118.40838230313344, 120.68439901359957, 88.41873954412377, 102.98182605727352)
(118.360953974829, 120.56674279421549, 88.50312867143575, 103.08011457026042)
(118.04114882685744, 120.41898614720532, 88.19437470956639, 102.72050701467141)
(117.55090303339867, 120.05446963832807, 87.9907842652339, 102.48338402656651)
(117.24998305507717, 119.56927854834277, 87.76314118965034, 102.21824679735742)
(117.0350773878084, 119.0674055367959, 87.74992884254726, 102.20285829896679)
(116.52829497382922, 118.42351322866685, 87.75171388534936, 102.20493734881865)
(116.01646729226968, 118.30207548184606, 87.64589842327314, 102.08169345769458)
(115.72478965295656, 118.2410280842357, 87.71823685619624, 102.16594645604032)
(115.20927306465676, 118.11400358078347, 87.99630982771774, 102.48981968169475)
(115.05835190290352, 118.2509282066004, 87.76372832309919, 102.21893063513903)
(114.16554420386558, 118.22670882990381, 87.78803695847978, 102.24724304575878)
(114.14358547166982, 118.21100337841511, 87.7814936074416, 102.23962196631432)
(114.15099781650662, 117.90195918316205, 87.7178102751899, 102.16544961463293)
(113.73232579976985, 117.77116464193152, 87.79075001178842, 102.25040295490649)
(113.55254518753495, 117.59182802799336, 87.87100673186372, 102.34387842887655)
(113.5305020705016, 117.5653810632229, 87.91368915733665, 102.39359090089796)
(113.32208461224602, 117.59473667417053, 87.85927163244156, 102.33021048954956)
(113.314744042699, 117.59115317717607, 87.87331190239497, 102.34656327455411)
(113.2742007708642, 117.68490724455285, 87.80951624391614, 102.27226009585523)
(113.25034275880904, 117.6754575107511, 87.82280843990145, 102.28774159470872)
(113.22449227141124, 117.67684630888485, 87.82555921938454, 102.29094544375374)
(113.29029619050209, 117.7867006212901, 87.75109554624193, 102.20421716562294)
(113.2925491078218, 117.79136021956333, 87.74642186492282, 102.19877370149834)
(113.28801399338936, 117.8077039780571, 87.7441395547252, 102.1961154813858)
(113.55723628947476, 118.14743741369534, 87.4493473063044, 101.85276921557806)
(113.55468708454698, 118.13948719778878, 87.46050345541775, 101.86576284807478)
(113.38524853241547, 118.2372875678958, 87.80536200499327, 102.2674216293451)
(113.40131557398506, 118.25843544064006, 87.86345314158066, 102.335080717841)
(113.39403366481272, 118.29089160433773, 87.86182738473, 102.33318718927376)
(113.41553932822532, 118.4043026654489, 87.89886366532669, 102.37632356314518)
(113.41484151332435, 118.40050511767313, 87.90111378731615, 102.37894429346231)
(113.44180333468469, 118.44703832484487, 87.89803242975171, 102.37535541818137)
(113.57575751790598, 118.73729456727067, 87.76482865315288, 102.22021219602507)
(113.47376577759209, 118.67006807861821, 88.15622058104627, 102.67606867674796)
(113.52159921251832, 119.02977848244497, 87.99591748072507, 102.48936271284444)
(113.41040092662803, 119.76522319616376, 88.18414962379474, 102.70859779712559)
(113.17861493833617, 120.1767057802593, 88.10392124637454, 102.61515533401266)
(112.91474029880781, 121.35639246360228, 87.75554137504062, 102.20939524857668)
(112.34965009858692, 122.27542674654583, 87.76914462704491, 102.2252390362052)
(112.11054269404673, 122.72999744616479, 88.09332196053937, 102.60281028345169)
(112.15908463606087, 124.35303538606169, 87.67769559604231, 102.11872781186099)
(111.94881142779806, 125.51221488817738, 87.94016095788042, 102.42442276270774)
(111.86674596528934, 126.08219834173569, 88.19776722469476, 102.72445829699737)
(111.71162632612341, 126.65328210233329, 88.53295462314381, 103.11485303166155)
(111.73163339736345, 126.8226190556482, 88.52962260956996, 103.11097221585202)
(111.96451667547525, 127.14481123433745, 88.39655106067059, 102.95598300007511)
(112.24612633752113, 127.50883810243903, 87.81080976392259, 102.27376666621568)
(112.55355488336846, 127.97257129638801, 87.28773428843887, 101.66453758300523)
(113.23223012240015, 128.46347766595463, 86.56949819025827, 100.82800377453607)
(113.5686591669392, 129.06847486056847, 86.17023018907082, 100.36297398491774)
(113.5602205019088, 129.05412538784188, 86.19697995565505, 100.39412959540998)
(113.59967703037819, 129.0977977442885, 86.10335742606003, 100.28508688446989)
(113.8423303374968, 129.2951252457241, 86.17635464483062, 100.37010717456741)
(113.84060646715126, 129.27566601162027, 86.19165083522873, 100.38792273750167)
(113.82028161132567, 129.2981152419692, 86.23500898193852, 100.4384222260225)
(113.81247097153289, 129.30811622376342, 86.23680579863345, 100.4405149889966)
(113.56708342483434, 129.29545921840253, 86.62873445648367, 100.89699660225745)
(113.56143129842528, 129.29686403984272, 86.63346217121587, 100.90250299941611)
(113.63231552323273, 129.4570325663717, 86.50518249113219, 100.7530949014363)
(113.64592717534804, 129.83896369539102, 86.39119771229221, 100.62033615902267)
(113.5963185125405, 129.9255741655682, 86.33982604864946, 100.5605032801917)
(113.5892542529071, 129.91374548611512, 86.35673166752566, 100.58019335394164)
(113.58544450541655, 129.92056241555443, 86.34701717813176, 100.5688788310005)
(113.58683247153844, 129.92008979036572, 86.34033499588796, 100.56109605403418)
(113.56348920840516, 129.9082191552451, 86.35601566277953, 100.57935941900202)
(113.43975008333825, 130.14286592096735, 86.17361567805007, 100.36691708384653)
(113.3802231913472, 130.17258895869446, 86.20449654943451, 100.40288421640017)
(113.33016813983606, 130.18895905833836, 86.20667574425366, 100.40542233742482)
(113.12308286061096, 131.14596880330652, 86.20299199362182, 100.4011318513948)
(112.81270355330372, 131.99363083188442, 86.1806842019863, 100.37514983525459)
(112.7510462301601, 132.83502242292292, 86.16267194397668, 100.35417085239632)
(112.81658659748103, 134.10586522827134, 86.20404604331918, 100.4023595092776)
(113.03749403704137, 135.82821569320552, 86.18726473353443, 100.38281421905772)
(112.95437654943696, 136.5839656395131, 86.27619868335265, 100.48639611355188)
(112.92294316862522, 136.59930740291878, 86.39747608950736, 100.62764862189678)
(112.91900104716942, 136.59386701877412, 86.4012633475557, 100.63205966362366)
(112.90834860725624, 136.49621481470257, 86.41337480697189, 100.64616595164958)
(112.68139264445884, 136.40518755499954, 86.56674962319171, 100.82480250230562)
(112.66956451814187, 135.55566629671588, 86.52609007992722, 100.77744609309167)
(112.66392390948592, 134.20392811779692, 86.60017647302035, 100.86373495092957)
(112.61266213302929, 132.08300828452985, 86.77742231597267, 101.07017422683873)
(112.82821175720733, 129.16330322019934, 86.54249005980411, 100.79654724612476)
(112.86746507886224, 124.95702284858675, 86.78364741795912, 101.07742463974058)
(113.04635164358643, 120.3222740047848, 87.30771022601074, 101.68780367500071)
(113.49312107756563, 116.23141481484716, 87.21715750307185, 101.58233638593069)
(114.0978490373069, 112.51408885576777, 87.10767716952684, 101.45482399744886)
(114.7180008721038, 108.91145048437957, 86.72650435930801, 101.01086978319398)
(115.10409982851273, 105.82544633749205, 86.71385844844329, 100.99614101642213)
(115.25604296128469, 102.68560559792277, 87.02297877469626, 101.35617527876381)
(115.1716443867111, 100.5908072556839, 87.2909122763825, 101.6682390042572)
(115.09143630547226, 98.68984107555215, 87.37729279432891, 101.76884690163007)
(114.77700898595745, 97.26622822112449, 87.95201687915932, 102.43823142396195)
(114.59724744026043, 96.24754304167733, 88.34152349106117, 102.8918920660594)
(114.48429885174642, 95.97144213423023, 88.50649232336262, 103.08403223544579)
(114.40869682320209, 95.77163820074321, 88.53107894881065, 103.11266842273231)
(114.40946204108417, 95.77321807468637, 88.52896867906215, 103.11021057914289)
(114.40459996140724, 95.77308290261804, 88.55189169095505, 103.13690914593579)
(114.40720636225787, 95.78230333925791, 88.52447735116786, 103.10497950312482)
(115.02790926168697, 96.52046281271868, 87.98082545855964, 102.47178494585171)
(115.251147962973, 97.32695394309347, 87.95038656917119, 102.43633259232868)
(115.68694717947264, 98.0009179086193, 87.82756743304691, 102.29328442201923)
(116.27849451708656, 98.44801927463433, 87.80911509180343, 102.27179287162977)
(117.14301365055536, 98.93933638946123, 87.91253532095959, 102.39224702088224)
(117.69479034423308, 99.19181598797365, 87.59050659180727, 102.0171782657519)
(118.556272009835, 99.85533131340804, 87.79388908579877, 102.2540590528714)
(119.36932830043818, 100.32089729762438, 87.92305604560799, 102.40450057076684)
(120.15274325281217, 101.39848237875796, 87.79470270336002, 102.25500667803097)
(120.68964417809897, 102.06003746745998, 87.76791318188799, 102.22380476478709)
(121.3480297494969, 102.95622882414698, 87.52688666799837, 101.94307976625683)
(121.6961255507929, 103.6932320764124, 87.72098437204701, 102.16914650391348)
(121.71446389046858, 103.73872450831684, 87.71217024152378, 102.15888063424525)
(122.12361707319376, 104.9495125682829, 87.6483499600578, 102.08454877700841)
(122.53061095531544, 106.06203166058492, 87.45652406104882, 101.86112802404502)
(122.53183914583863, 107.17512003567086, 87.5958828655493, 102.02344004340439)
(122.60939839505608, 108.03352518213991, 87.55224508000505, 101.97261485788815)
(122.52561370064988, 108.51920714956728, 87.41039674420804, 101.8074032667834)
(122.62134883859946, 109.00078794253346, 87.17067817729325, 101.52820164178853)
(122.39786617948494, 109.80222365182925, 87.33529486270983, 101.71993166362665)
(122.13091833845742, 110.79282698843306, 87.28325304476485, 101.6593182521378)
(121.62749095936101, 111.67025716512448, 87.35433204612174, 101.74210438312994)
(121.60219996385976, 112.5401317203872, 87.36182321681173, 101.75082939369828)
(121.5134891391705, 113.47846018142582, 87.2944633720496, 101.67237498626946)
(121.41124025985178, 114.10120587073746, 87.40846125275736, 101.80514898850555)
(121.39749429609019, 114.19712428959895, 87.32064251133525, 101.70286598379039)
(121.39088752643437, 114.54908528735137, 87.28319687095939, 101.65925282617614)
(121.40615067463168, 114.56830818098246, 87.25660734214291, 101.6282838455546)
(121.39180606753905, 114.5561625028331, 87.28187858757815, 101.6577174137674)
(121.3801562115032, 114.54271259626152, 87.29271186898578, 101.67033500034805)
(121.37258893901793, 114.53710410300592, 87.30607639442509, 101.68590074174207)
(121.3118489414692, 114.66208624278073, 87.29070031042099, 101.66799212625494)
(120.98092169665284, 114.67321651626989, 87.5504551906787, 101.970530163261)
(121.02922136132442, 115.03105276892092, 87.45803676953867, 101.86288988452144)
(120.51121368405606, 115.26121275954873, 87.66205139165349, 102.10050691498459)
(119.96440814246226, 115.97807356897985, 87.3560271598997, 101.7440786921184)
(119.81760802541541, 116.38158424750993, 87.22555512836841, 101.59211714951138)
(119.68663593308952, 117.28418159549213, 86.86350639309832, 101.17043685784387)
(119.2008792839228, 117.68427642828826, 86.13076554104113, 100.31700927721256)
(118.47983243371502, 118.11407565652627, 85.74975438305823, 99.87324334026778)
(118.36990290165241, 118.64568489518228, 84.89412821769128, 98.87669051236979)
(117.73269319575917, 118.65125805959366, 84.8621816626809, 98.8394821718283)
(117.28008111532256, 119.11345465292615, 84.32987530597597, 98.2195018269602)
(116.97887858687565, 119.03926762657235, 84.52374154451043, 98.44529897537092)
(116.5898633428663, 119.33018652878177, 84.57948199346664, 98.51022020415522)
(115.99476481487162, 119.7094017987124, 84.41775033851847, 98.32185039427442)
(115.43228921048082, 120.2482361852505, 84.03931409612821, 97.88108347666694)
(115.3577432158752, 120.6336984755867, 84.04207429823006, 97.88429830029146)
(115.07249101235001, 121.00921968842482, 83.86041195723357, 97.67271510313084)
(114.73801781327086, 121.15759749569906, 83.475922076095, 97.22489747686357)
(114.95313259304018, 121.20592781769352, 82.98285682319697, 96.65062147642938)
(115.16513393043374, 121.42880662073935, 82.09304909469891, 95.61425718088458)
(114.9483379019071, 121.91037804120215, 81.80822684511159, 95.28252303136523)
(114.92692783436907, 121.91764384779412, 81.80029624776577, 95.27328621798598)
(114.75140648874958, 122.21629295600849, 81.48480451517663, 94.9058311412057)
(114.80850662465387, 122.36117091013801, 81.39019652852429, 94.79564066263413)
(114.82704590558534, 122.38267297477735, 81.37858488560667, 94.7821165138242)
(114.82098215227437, 122.38260430671494, 81.38833202113486, 94.79346905990997)
(114.39131965120013, 122.3481229789185, 81.48799820980676, 94.90955085612784)
(114.39162100775302, 122.34516954526048, 81.49555894884944, 94.91835689336577)
(114.3690645208371, 122.33760173686679, 81.52033195686094, 94.94721016152035)
(114.32587254335962, 122.54890014058911, 81.31299185175733, 94.7057199214585)
(113.9357243667566, 122.42529491251801, 81.569026730354, 95.00392525064755)
(113.95496745699177, 122.59296026411707, 81.35993202937584, 94.76039142244947)
(113.96622968272304, 122.94693671196555, 81.32526158181955, 94.72001054823686)
(113.93674960716662, 122.9947382585004, 81.35088127883083, 94.74984996004999)
(113.93994458006247, 123.01207514897939, 81.3442471924141, 94.74212320057639)
(113.8732861370975, 123.15009695574618, 81.53640196896907, 94.96592699915217)
(113.87714114603361, 123.11466246526373, 81.51720208293277, 94.94356477894519)
(113.83933816536972, 122.69148307971936, 81.59058026105741, 95.02902877464331)
(113.77401630685483, 122.13615787028914, 81.73655906109502, 95.19905114174593)
(113.7305485370461, 121.83734578093794, 81.84092013782184, 95.32060110169834)
(113.74073551659104, 121.56434518050534, 81.85258963576322, 95.33419263459477)
(113.98961269695246, 121.51929536941356, 81.92986274086068, 95.42419307464947)
(114.08626252978851, 121.45180642773258, 82.27217708886046, 95.82288860937861)
(114.10002485975727, 121.46782427470421, 82.28897921114951, 95.84245814004468)
(114.00202002802524, 121.32104879421632, 82.49765366953544, 96.08550250922359)
(114.20653154324033, 121.218264477999, 82.41074367621465, 95.98427792876763)
(114.05114132787966, 120.96515784918003, 82.72201238818599, 96.34681442859306)
(113.81556609052336, 120.42112130406016, 83.37761110508609, 97.11039411062966)
(113.05860941648835, 119.294053720843, 84.99790110110533, 98.99755540011088)
(112.80958463164343, 118.21747879091494, 85.56632420595142, 99.65960113399044)
(112.9391088077757, 117.86282757888121, 85.77123459392126, 99.89826146821414)
(113.19211658505554, 117.60184383604198, 85.77886802617796, 99.90715217166606)
(113.14300530879044, 117.12284529666178, 85.89561474863007, 100.04312776605144)
(113.06582134574626, 116.9920027077651, 86.01986182510905, 100.18783906689167)
(113.01925510613549, 116.92937260543533, 86.1111632496431, 100.2941783731137)
(112.82257302470732, 116.18683133813742, 85.95212873085879, 100.10894993358843)
(112.02136180234629, 115.6408824230918, 86.07638650272928, 100.25367369141405)
(111.42789305501077, 115.41837405504393, 86.17787477865035, 100.37187768336918)
(111.27619055050339, 115.33125129571557, 86.32641833746979, 100.54488724011182)
(110.29659269097866, 115.1575901903941, 86.29049686901926, 100.50304929450475)
(109.2852538583405, 115.2120664779053, 86.28312997863152, 100.4944690339355)
(108.5047328485269, 115.3654082846509, 86.22872400021183, 100.43110207083491)
(107.60777158828002, 115.26134198575053, 86.42907962617434, 100.66445744695595)
(106.81475783808912, 114.73274998348892, 86.41691681893894, 100.65029135382295)
(106.40413566312318, 114.61448917111132, 86.63144119816768, 100.90014916021877)
(105.80659370734232, 114.45441918680247, 86.75721968980756, 101.04664410930522)
(105.26769537073689, 114.31944426553969, 86.68819629465904, 100.96625215495578)
(104.63270371384405, 114.38529751738747, 86.63435758696035, 100.90354589540084)
(104.05285726806223, 114.7219584006012, 86.47524859864117, 100.71823072077026)
(103.076360074434, 114.91778349932014, 86.34905750005775, 100.57125520594957)
(101.17317137754415, 115.67070231367667, 86.38367586063437, 100.61157541415056)
(99.60028458194776, 116.45132559130329, 86.05300902213965, 100.2264458022567)
(97.45398067471646, 117.13973477035051, 86.42126228337956, 100.65535254181849)
(95.35424092341049, 117.88798478653969, 86.55404561899933, 100.81000607389328)
(93.16937578213525, 117.93142371046065, 86.39486049627638, 100.62460222507478)
(90.8854007051129, 118.10296329101882, 86.36954893157107, 100.59512169677095)
(89.07703645686917, 117.97307900148289, 86.41205104866403, 100.64462416256157)
(87.5539095157637, 118.01632652524775, 86.42540698165618, 100.66017989628185)
(86.18206490516411, 117.7176257426289, 86.70434400558975, 100.9850594888633)
(85.92217262678807, 117.80594007095324, 86.07454665316213, 100.25153080780055)
(85.39584389596934, 117.698971922223, 86.29444044292461, 100.50764239822979)
(85.33012122375244, 117.57017357814372, 86.39259110962402, 100.62195905709146)
(85.2060525698434, 117.60426110848972, 86.34202236275463, 100.56306134014946)
(85.27394340146117, 117.77833823189374, 86.19638352178468, 100.39343492537269)
(85.66600170080469, 118.26630162118886, 85.35458870044143, 99.41299154521995)
(86.01958128270108, 118.76142822541485, 84.79782016164862, 98.76451995297892)
(86.18733182351718, 118.97901034370267, 84.4550864140008, 98.36533594101263)
(86.16421678273173, 118.96327092720261, 84.49420589986856, 98.41089863631743)
(86.09236488799976, 118.89733793455156, 84.61428908386375, 98.5507602270883)
(86.08945958787288, 118.89135370259599, 84.62003864896126, 98.55745677937833)
(85.95212705059181, 118.79456032972828, 84.7831314578984, 98.74741193331688)
(85.9444571298704, 118.78550398054338, 84.7947786723881, 98.76097751254605)
(86.01649665363368, 118.60762743683964, 84.73854447349437, 98.6954812103051)
(86.02060441190122, 118.60372915705022, 84.72477475774053, 98.67944354136829)
(86.2966744452406, 118.38058894220433, 84.95568522817116, 98.94838632457572)
(86.87522581700979, 118.2375629856266, 84.81899874439839, 98.78918677288742)
(87.07718807224097, 118.2126891017665, 84.86984718315476, 98.84841024861544)
(87.94766350100912, 118.3804211237311, 84.72995528557942, 98.68547733261593)
(89.10551677391742, 118.53816992048375, 84.52463081984095, 98.44633471957937)
(90.08607699031307, 118.57527201431793, 84.5211977649793, 98.44233622038757)
(91.16401327463213, 118.55393503932514, 84.45902941997403, 98.36992838326378)
(92.1854228073316, 118.76735189837778, 84.10432070613757, 97.95679705773662)
(93.09180963302548, 118.74836471106784, 84.0632450527967, 97.90895600266902)
(93.89693540263393, 118.3724008082051, 84.22127354287667, 98.0930127146445)
(94.52667296551525, 118.51487007721539, 83.83043550207498, 97.63780134947547)
(95.42090703088596, 118.71326926815945, 83.5083141120562, 97.2626246716889)
(96.30591015367261, 118.74097526196253, 83.51476660671727, 97.2701399301765)
(96.59451521499246, 118.50983083636925, 83.67342684540571, 97.45493244347244)
(97.5056133675445, 118.37728287423249, 83.76271430495007, 97.5589260728241)
(98.3740952236526, 118.12905906285053, 83.8849882636323, 97.70133927175986)
(99.09883173588395, 117.67432181461943, 83.48217661612273, 97.2321821764252)
(99.33389649630361, 116.8632294306845, 83.7650988530959, 97.5617033700763)
(100.15906291269252, 116.11703479678448, 83.68231667949777, 97.46528648553259)
(100.76807183438635, 115.07708914688943, 83.58937513005542, 97.35703691618207)
(101.16747091187253, 114.10078528808015, 83.5649300024268, 97.32856553223816)
(101.14974750556064, 113.67054239608191, 83.79063102647639, 97.59144084260178)
(101.47352083256646, 113.33964596324694, 83.91791042226943, 97.73968390358426)
(102.47223762541994, 113.36178601198677, 83.8439692682031, 97.65356420649523)
(102.79046488607841, 112.89197998417211, 84.02648447344865, 97.86614073966358)
(102.8052314998792, 112.6627469690718, 84.03348078686271, 97.87428938705172)
(102.72074372908996, 112.13986523651747, 84.56257900910524, 98.49053319884007)
(102.72241437699037, 111.99272725048004, 84.72360538908566, 98.67808157081727)
(102.79593550001644, 111.96572256002614, 84.72194888522101, 98.67615223102196)
(102.84669145871787, 111.90097671911178, 84.81014949223223, 98.77887999683503)
(102.79014275795578, 111.76314863905137, 85.01150372969393, 99.01339846164336)
(103.09582370645904, 111.953091581497, 84.73617088542174, 98.69271667831458)
(103.0549797809969, 111.81161832702894, 84.88191513283041, 98.86246586059056)
(102.9815494143717, 111.56760916669177, 85.28404014830738, 99.33082323155786)
(103.0613071639601, 111.10187544940402, 86.16865306709934, 100.36113710168026)
(103.41174155845589, 110.91692012701093, 86.04836594314682, 100.22103798084143)
(103.54730117681817, 110.74140428654786, 86.24581360095351, 100.4510064293457)
(104.08645598705706, 110.48790929048604, 86.37126984961633, 100.5971260601412)
(104.43129162204785, 110.42021944768761, 86.69093695854102, 100.96944422230055)
(104.66765108304509, 110.1519922514911, 87.38716334904655, 101.7803431947717)
(105.45770543032594, 110.42988696380664, 87.17869772089108, 101.53754205139064)
(106.39140463516387, 110.65115362240785, 86.90169237762147, 101.21491229864134)
(106.93625782372585, 110.89748843578283, 86.90506461377876, 101.21883996193041)
(107.47236052923935, 110.81247991131576, 87.00843445909943, 101.33923542883332)
(107.50881591315513, 110.82483313325218, 86.97342652329911, 101.29846148007765)
(107.52960132394962, 110.82385048079013, 86.95334007671013, 101.27506667757989)
(107.52734297238098, 110.8162407737747, 86.95791781500368, 101.28039839629825)
(107.34236854571938, 110.7990378500931, 86.98625289879563, 101.31340043506769)
(107.31480914844022, 110.80368022296969, 86.982060780268, 101.30851784995905)
(106.95925949053921, 110.96834052002424, 87.04997161950752, 101.38761400389684)
(106.8242797846467, 111.44718843288545, 87.21565246683942, 101.58058346137753)
