(130, 115, 85, 99)
(132.0, 115.0, 85.0, 99.0)
(131.0, 114.0, 85.0, 99.0)
(130.0, 113.0, 85.0, 99.0)
(130.0, 113.0, 85.0, 99.0)
(130.0, 112.0, 85.0, 99.0)
(131.0, 113.0, 85.0, 99.0)
(131.0, 112.0, 85.0, 99.0)
(129.0, 112.0, 85.0, 99.0)
(129.0, 113.0, 85.0, 99.0)
(128.0, 114.0, 85.0, 99.0)
(126.0, 114.0, 85.0, 99.0)
(127.0, 116.0, 85.0, 99.0)
(124.0, 115.0, 85.0, 99.0)
(122.0, 116.0, 85.0, 99.0)
(120.0, 118.0, 85.0, 99.0)
(118.0, 118.0, 85.0, 99.0)
(115.0, 119.0, 85.0, 99.0)
(111.0, 120.0, 85.0, 99.0)
(108.0, 120.0, 85.0, 99.0)
(105.0, 120.0, 85.0, 99.0)
(103.0, 119.0, 85.0, 99.0)
(102.0, 117.0, 85.0, 99.0)
(101.0, 119.0, 85.0, 99.0)
(99.0, 116.0, 85.0, 99.0)
(100.0, 116.0, 85.0, 99.0)
(100.0, 114.0, 85.0, 99.0)
(102.0, 113.0, 85.0, 99.0)
(102.0, 112.0, 85.0, 99.0)
(101.0, 109.0, 85.0, 99.0)
(101.0, 106.0, 85.0, 99.0)
(101.0, 105.0, 85.0, 99.0)
(100.0, 104.0, 85.0, 99.0)
(100.0, 104.0, 85.0, 99.0)
(101.0, 104.0, 85.0, 99.0)
(100.0, 105.0, 85.0, 99.0)
(102.0, 104.0, 85.0, 99.0)
(103.0, 104.0, 85.0, 99.0)
(103.0, 104.0, 85.0, 99.0)
(105.0, 104.0, 85.0, 99.0)
(106.0, 104.0, 85.0, 99.0)
(108.0, 104.0, 85.0, 99.0)
(110.0, 103.0, 85.0, 99.0)
(113.0, 103.0, 85.0, 99.0)
(114.0, 104.0, 85.0, 99.0)
(116.0, 104.0, 85.0, 99.0)
(119.0, 104.0, 85.0, 99.0)
(121.0, 104.0, 85.0, 99.0)
(123.0, 104.0, 85.0, 99.0)
(125.0, 104.0, 85.0, 99.0)
(126.0, 105.0, 85.0, 99.0)
(129.0, 105.0, 85.0, 99.0)
(130.0, 106.0, 85.0, 99.0)
(132.0, 107.0, 85.0, 99.0)
(134.0, 108.0, 85.0, 99.0)
(135.0, 110.0, 85.0, 99.0)
(137.0, 109.0, 85.0, 99.0)
(138.0, 110.0, 85.0, 99.0)
(137.0, 114.0, 85.0, 99.0)
(137.0, 117.0, 85.0, 99.0)
(137.0, 120.0, 85.0, 99.0)
(139.0, 122.0, 85.0, 99.0)
(140.0, 123.0, 85.0, 99.0)
(141.0, 122.0, 85.0, 99.0)
(141.0, 121.0, 85.0, 99.0)
(141.0, 121.0, 85.0, 99.0)
(140.0, 121.0, 85.0, 99.0)
(143.0, 123.0, 85.0, 99.0)
(142.0, 123.0, 85.0, 99.0)
(143.0, 124.0, 85.0, 99.0)
(143.0, 123.0, 85.0, 99.0)
(144.0, 123.0, 85.0, 99.0)
(144.0, 122.0, 85.0, 99.0)
(144.0, 123.0, 85.0, 99.0)
(144.0, 122.0, 85.0, 99.0)
(144.0, 121.0, 85.0, 99.0)
(144.0, 121.0, 85.0, 99.0)
(143.0, 121.0, 85.0, 99.0)
(142.0, 122.0, 85.0, 99.0)
(141.0, 121.0, 85.0, 99.0)
(140.0, 121.0, 85.0, 99.0)
(140.0, 119.0, 85.0, 99.0)
(138.0, 120.0, 85.0, 99.0)
(145.0, 114.0, 85.0, 99.0)
(147.0, 112.0, 85.0, 99.0)
(145.0, 112.0, 85.0, 99.0)
(143.0, 112.0, 85.0, 99.0)
(142.0, 112.0, 85.0, 99.0)
(139.0, 113.0, 85.0, 99.0)
(141.0, 112.0, 85.0, 99.0)
(139.0, 113.0, 85.0, 99.0)
(138.0, 112.0, 85.0, 99.0)
(135.0, 113.0, 85.0, 99.0)
(134.0, 114.0, 85.0, 99.0)
(133.0, 114.0, 85.0, 99.0)
(131.0, 115.0, 85.0, 99.0)
(130.0, 115.0, 85.0, 99.0)
(130.0, 115.0, 85.0, 99.0)
(130.0, 115.0, 85.0, 99.0)
(128.0, 115.0, 85.0, 99.0)
(128.0, 115.0, 85.0, 99.0)
(127.0, 115.0, 85.0, 99.0)
(127.0, 115.0, 85.0, 99.0)
(127.0, 115.0, 85.0, 99.0)
(127.0, 115.0, 85.0, 99.0)
(127.0, 115.0, 85.0, 99.0)
(126.0, 115.0, 85.0, 99.0)
(126.0, 115.0, 85.0, 99.0)
(127.0, 115.0, 85.0, 99.0)
(127.0, 116.0, 85.0, 99.0)
(127.0, 115.0, 85.0, 99.0)
(127.0, 115.0, 85.0, 99.0)
(127.0, 117.0, 85.0, 99.0)
(127.0, 116.0, 85.0, 99.0)
(126.0, 117.0, 85.0, 99.0)
(126.0, 117.0, 85.0, 99.0)
(126.0, 117.0, 85.0, 99.0)
(126.0, 117.0, 85.0, 99.0)
(127.0, 118.0, 85.0, 99.0)
(126.0, 117.0, 85.0, 99.0)
(126.0, 117.0, 85.0, 99.0)
(126.0, 117.0, 85.0, 99.0)
(126.0, 117.0, 85.0, 99.0)
(126.0, 117.0, 85.0, 99.0)
(125.0, 117.0, 85.0, 99.0)
(126.0, 117.0, 85.0, 99.0)
(126.0, 117.0, 85.0, 99.0)
(126.0, 117.0, 85.0, 99.0)
(126.0, 117.0, 85.0, 99.0)
(126.0, 118.0, 85.0, 99.0)
(125.0, 117.0, 85.0, 99.0)
(126.0, 117.0, 85.0, 99.0)
(126.0, 116.0, 85.0, 99.0)
(125.0, 116.0, 85.0, 99.0)
(125.0, 116.0, 85.0, 99.0)
(124.0, 115.0, 85.0, 99.0)
(123.0, 115.0, 85.0, 99.0)
(124.0, 114.0, 85.0, 99.0)
(123.0, 115.0, 85.0, 99.0)
(123.0, 114.0, 85.0, 99.0)
(125.0, 113.0, 85.0, 99.0)
(125.0, 112.0, 85.0, 99.0)
(125.0, 111.0, 85.0, 99.0)
(125.0, 111.0, 85.0, 99.0)
(125.0, 110.0, 85.0, 99.0)
(125.0, 109.0, 85.0, 99.0)
(124.0, 109.0, 85.0, 99.0)
(124.0, 109.0, 85.0, 99.0)
(123.0, 110.0, 85.0, 99.0)
(122.0, 109.0, 85.0, 99.0)
(122.0, 110.0, 85.0, 99.0)
(121.0, 109.0, 85.0, 99.0)
(121.0, 108.0, 85.0, 99.0)
(121.0, 108.0, 85.0, 99.0)
(120.0, 108.0, 85.0, 99.0)
(120.0, 108.0, 85.0, 99.0)
(120.0, 108.0, 85.0, 99.0)
(120.0, 108.0, 85.0, 99.0)
(120.0, 108.0, 85.0, 99.0)
(119.0, 108.0, 85.0, 99.0)
(119.0, 108.0, 85.0, 99.0)
(120.0, 108.0, 85.0, 99.0)
(120.0, 108.0, 85.0, 99.0)
(119.0, 108.0, 85.0, 99.0)
(120.0, 108.0, 85.0, 99.0)
(120.0, 108.0, 85.0, 99.0)
(120.0, 109.0, 85.0, 99.0)
(120.0, 109.0, 85.0, 99.0)
(120.0, 109.0, 85.0, 99.0)
(122.0, 108.0, 85.0, 99.0)
(119.0, 110.0, 85.0, 99.0)
(118.0, 111.0, 85.0, 99.0)
(119.0, 108.0, 85.0, 99.0)
(121.0, 107.0, 85.0, 99.0)
(118.0, 110.0, 85.0, 99.0)
(118.0, 109.0, 85.0, 99.0)
(118.0, 109.0, 85.0, 99.0)
(118.0, 111.0, 85.0, 99.0)
(117.0, 111.0, 85.0, 99.0)
(117.0, 113.0, 85.0, 99.0)
(117.0, 114.0, 85.0, 99.0)
(118.0, 115.0, 85.0, 99.0)
(118.0, 115.0, 85.0, 99.0)
(118.0, 115.0, 85.0, 99.0)
(118.0, 118.0, 85.0, 99.0)
(118.0, 118.0, 85.0, 99.0)
(117.0, 118.0, 85.0, 99.0)
(118.0, 118.0, 85.0, 99.0)
(117.0, 119.0, 85.0, 99.0)
(117.0, 118.0, 85.0, 99.0)
(118.0, 118.0, 85.0, 99.0)
(118.0, 119.0, 85.0, 99.0)
(118.0, 119.0, 85.0, 99.0)
(118.0, 119.0, 85.0, 99.0)
(118.0, 119.0, 85.0, 99.0)
(118.0, 119.0, 85.0, 99.0)
(118.0, 118.0, 85.0, 99.0)
(118.0, 119.0, 85.0, 99.0)
(118.0, 119.0, 85.0, 99.0)
(118.0, 119.0, 85.0, 99.0)
(118.0, 120.0, 85.0, 99.0)
(118.0, 120.0, 85.0, 99.0)
(118.0, 120.0, 85.0, 99.0)
(117.0, 119.0, 85.0, 99.0)
(118.0, 120.0, 85.0, 99.0)
(118.0, 120.0, 85.0, 99.0)
(118.0, 120.0, 85.0, 99.0)
(118.0, 121.0, 85.0, 99.0)
(117.0, 121.0, 85.0, 99.0)
(116.0, 122.0, 85.0, 99.0)
(116.0, 123.0, 85.0, 99.0)
(116.0, 124.0, 85.0, 99.0)
(116.0, 126.0, 85.0, 99.0)
(116.0, 127.0, 85.0, 99.0)
(116.0, 127.0, 85.0, 99.0)
(116.0, 127.0, 85.0, 99.0)
(116.0, 128.0, 85.0, 99.0)
(116.0, 128.0, 85.0, 99.0)
(116.0, 129.0, 85.0, 99.0)
(116.0, 128.0, 85.0, 99.0)
(118.0, 128.0, 85.0, 99.0)
(118.0, 127.0, 85.0, 99.0)
(118.0, 123.0, 85.0, 99.0)
(118.0, 123.0, 85.0, 99.0)
(120.0, 123.0, 85.0, 99.0)
(121.0, 125.0, 85.0, 99.0)
(121.0, 128.0, 85.0, 99.0)
(122.0, 135.0, 85.0, 99.0)
(122.0, 139.0, 85.0, 99.0)
(123.0, 147.0, 85.0, 99.0)
(122.0, 154.0, 85.0, 99.0)
(123.0, 164.0, 85.0, 99.0)
(120.0, 173.0, 85.0, 99.0)
(116.0, 180.0, 85.0, 99.0)
(112.0, 188.0, 85.0, 99.0)
(90.0, 184.0, 85.0, 99.0)
(86.0, 187.0, 85.0, 99.0)
(76.0, 188.0, 85.0, 99.0)
(70.0, 188.0, 85.0, 99.0)
(68.0, 188.0, 85.0, 99.0)
(64.0, 188.0, 85.0, 99.0)
(61.0, 185.0, 85.0, 99.0)
(58.0, 188.0, 85.0, 99.0)
(65.0, 185.0, 85.0, 99.0)
(62.0, 188.0, 85.0, 99.0)
(64.0, 188.0, 85.0, 99.0)
(63.0, 188.0, 85.0, 99.0)
(65.0, 188.0, 85.0, 99.0)
(64.0, 188.0, 85.0, 99.0)
(64.0, 188.0, 85.0, 99.0)
(67.0, 188.0, 85.0, 99.0)
(66.0, 188.0, 85.0, 99.0)
(66.0, 188.0, 85.0, 99.0)
(67.0, 188.0, 85.0, 99.0)
(66.0, 188.0, 85.0, 99.0)
(66.0, 188.0, 85.0, 99.0)
(66.0, 188.0, 85.0, 99.0)
(66.0, 188.0, 85.0, 99.0)
(66.0, 188.0, 85.0, 99.0)
(66.0, 188.0, 85.0, 99.0)
(66.0, 188.0, 85.0, 99.0)
(66.0, 188.0, 85.0, 99.0)
(67.0, 188.0, 85.0, 99.0)
(65.0, 187.0, 85.0, 99.0)
(66.0, 188.0, 85.0, 99.0)
(66.0, 184.0, 85.0, 99.0)
(67.0, 183.0, 85.0, 99.0)
(65.0, 187.0, 85.0, 99.0)
(62.0, 187.0, 85.0, 99.0)
(66.0, 183.0, 85.0, 99.0)
(65.0, 174.0, 85.0, 99.0)
(66.0, 168.0, 85.0, 99.0)
(66.0, 161.0, 85.0, 99.0)
(64.0, 155.0, 85.0, 99.0)
(62.0, 151.0, 85.0, 99.0)
(62.0, 149.0, 85.0, 99.0)
(61.0, 151.0, 85.0, 99.0)
(62.0, 146.0, 85.0, 99.0)
(63.0, 145.0, 85.0, 99.0)
(62.0, 145.0, 85.0, 99.0)
(62.0, 143.0, 85.0, 99.0)
(63.0, 144.0, 85.0, 99.0)
(62.0, 145.0, 85.0, 99.0)
(61.0, 147.0, 85.0, 99.0)
(59.0, 150.0, 85.0, 99.0)
(59.0, 151.0, 85.0, 99.0)
(59.0, 150.0, 85.0, 99.0)
(60.0, 150.0, 85.0, 99.0)
(60.0, 149.0, 85.0, 99.0)
(60.0, 148.0, 85.0, 99.0)
(59.0, 148.0, 85.0, 99.0)
(59.0, 148.0, 85.0, 99.0)
(59.0, 148.0, 85.0, 99.0)
(59.0, 148.0, 85.0, 99.0)
(59.0, 148.0, 85.0, 99.0)
(59.0, 148.0, 85.0, 99.0)
(58.0, 148.0, 85.0, 99.0)
(59.0, 148.0, 85.0, 99.0)
(58.0, 148.0, 85.0, 99.0)
(58.0, 148.0, 85.0, 99.0)
(58.0, 148.0, 85.0, 99.0)
(58.0, 148.0, 85.0, 99.0)
(58.0, 149.0, 85.0, 99.0)
(58.0, 149.0, 85.0, 99.0)
(58.0, 149.0, 85.0, 99.0)
(57.0, 149.0, 85.0, 99.0)
(57.0, 149.0, 85.0, 99.0)
(57.0, 149.0, 85.0, 99.0)
(57.0, 148.0, 85.0, 99.0)
(57.0, 148.0, 85.0, 99.0)
(57.0, 148.0, 85.0, 99.0)
(57.0, 149.0, 85.0, 99.0)
(56.0, 150.0, 85.0, 99.0)
(55.0, 151.0, 85.0, 99.0)
(55.0, 152.0, 85.0, 99.0)
(54.0, 153.0, 85.0, 99.0)
(54.0, 154.0, 85.0, 99.0)
(53.0, 156.0, 85.0, 99.0)
(51.0, 158.0, 85.0, 99.0)
(48.0, 163.0, 85.0, 99.0)
(43.0, 169.0, 85.0, 99.0)
(54.0, 181.0, 85.0, 99.0)
(73.0, 166.0, 85.0, 99.0)
(74.0, 177.0, 85.0, 99.0)
(78.0, 188.0, 85.0, 99.0)
(81.0, 165.0, 85.0, 99.0)
(79.0, 166.0, 85.0, 99.0)
(81.0, 165.0, 85.0, 99.0)
(79.0, 165.0, 85.0, 99.0)
(76.0, 166.0, 85.0, 99.0)
(77.0, 165.0, 85.0, 99.0)
(76.0, 167.0, 85.0, 99.0)
(74.0, 165.0, 85.0, 99.0)
(73.0, 164.0, 85.0, 99.0)
(73.0, 165.0, 85.0, 99.0)
(72.0, 164.0, 85.0, 99.0)
(72.0, 164.0, 85.0, 99.0)
(71.0, 164.0, 85.0, 99.0)
(70.0, 166.0, 85.0, 99.0)
(69.0, 165.0, 85.0, 99.0)
(68.0, 165.0, 85.0, 99.0)
(67.0, 166.0, 85.0, 99.0)
(65.0, 165.0, 85.0, 99.0)
(64.0, 167.0, 85.0, 99.0)
(62.0, 168.0, 85.0, 99.0)
(58.0, 154.0, 85.0, 99.0)
(54.0, 149.0, 85.0, 99.0)
(53.0, 161.0, 85.0, 99.0)
(53.0, 150.0, 85.0, 99.0)
(58.0, 148.0, 85.0, 99.0)
(61.0, 157.0, 85.0, 99.0)
(61.0, 149.0, 85.0, 99.0)
(64.0, 134.0, 85.0, 99.0)
(63.0, 134.0, 85.0, 99.0)
(68.0, 134.0, 85.0, 99.0)
(68.0, 135.0, 85.0, 99.0)
(66.0, 128.0, 85.0, 99.0)
(70.0, 135.0, 85.0, 99.0)
(68.0, 136.0, 85.0, 99.0)
(67.0, 136.0, 85.0, 99.0)
(64.0, 145.0, 85.0, 99.0)
(65.0, 135.0, 85.0, 99.0)
(65.0, 136.0, 85.0, 99.0)
(64.0, 136.0, 85.0, 99.0)
(63.0, 135.0, 85.0, 99.0)
(64.0, 136.0, 85.0, 99.0)
(65.0, 135.0, 85.0, 99.0)
(66.0, 137.0, 85.0, 99.0)
(69.0, 132.0, 85.0, 99.0)
(67.0, 138.0, 85.0, 99.0)
(72.0, 135.0, 85.0, 99.0)
(69.0, 135.0, 85.0, 99.0)
(72.0, 133.0, 85.0, 99.0)
(72.0, 137.0, 85.0, 99.0)
(73.0, 134.0, 85.0, 99.0)
(74.0, 133.0, 85.0, 99.0)
(74.0, 135.0, 85.0, 99.0)
(74.0, 132.0, 85.0, 99.0)
(76.0, 132.0, 85.0, 99.0)
(77.0, 132.0, 85.0, 99.0)
(77.0, 131.0, 85.0, 99.0)
(77.0, 130.0, 85.0, 99.0)
(78.0, 129.0, 85.0, 99.0)
(79.0, 127.0, 85.0, 99.0)
(79.0, 126.0, 85.0, 99.0)
(80.0, 126.0, 85.0, 99.0)
(79.0, 125.0, 85.0, 99.0)
(80.0, 125.0, 85.0, 99.0)
(80.0, 125.0, 85.0, 99.0)
(80.0, 125.0, 85.0, 99.0)
(81.0, 124.0, 85.0, 99.0)
(81.0, 124.0, 85.0, 99.0)
(81.0, 124.0, 85.0, 99.0)
(81.0, 123.0, 85.0, 99.0)
(81.0, 123.0, 85.0, 99.0)
(81.0, 124.0, 85.0, 99.0)
(82.0, 123.0, 85.0, 99.0)
(81.0, 124.0, 85.0, 99.0)
(78.0, 124.0, 85.0, 99.0)
(80.0, 123.0, 85.0, 99.0)
(80.0, 123.0, 85.0, 99.0)
(78.0, 122.0, 85.0, 99.0)
(77.0, 123.0, 85.0, 99.0)
(79.0, 122.0, 85.0, 99.0)
(79.0, 122.0, 85.0, 99.0)
(87.0, 123.0, 85.0, 99.0)
(83.0, 120.0, 85.0, 99.0)
(78.0, 120.0, 85.0, 99.0)
(80.0, 136.0, 85.0, 99.0)
(84.0, 137.0, 85.0, 99.0)
(85.0, 139.0, 85.0, 99.0)
(85.0, 141.0, 85.0, 99.0)
(85.0, 139.0, 85.0, 99.0)
(83.0, 139.0, 85.0, 99.0)
(82.0, 140.0, 85.0, 99.0)
