(139, 27, 33, 129)
(138.61515236425186, 26.0015663005138, 33.072978962902546, 129.28528140043724)
(138.34952369787578, 25.6583401874216, 33.1340061931156, 129.52384239127008)
(138.0028781255102, 25.920250557414334, 33.186245091753044, 129.7280489950346)
(137.48462727751266, 26.607542461242673, 33.19697469302156, 129.76999198181153)
(137.13352406909985, 26.92974175314987, 33.1795613588706, 129.70192167558503)
(136.4869585794331, 27.598293687098106, 33.14346870539163, 129.56083221198543)
(135.52727419886114, 27.896591882257994, 33.18522821360584, 129.7240739259137)
(135.15787193016573, 27.965969678094623, 33.20162064162165, 129.78815341724825)
(134.6442226273007, 28.565924955082963, 33.223609188757976, 129.87410864696298)
(134.2801765407591, 29.060837749596516, 33.263255316919285, 130.029088966139)
(133.94687374005116, 29.368933104641528, 33.25407966833521, 129.99322052167398)
(133.34582742307157, 29.939592920382424, 33.32094891362248, 130.25461848052421)
(132.84560321654953, 30.835186980078888, 33.338548205572835, 130.3234157126938)
(132.261462006718, 30.95836984129153, 33.40435259789209, 130.58065106448726)
(131.45751458490415, 31.29435859813337, 33.4207099659339, 130.64459350319615)
(131.2219349476943, 31.438689090354274, 33.360497170041086, 130.4092162101606)
(131.22656039096333, 31.415673247782536, 33.351383612604586, 130.3735904856361)
(131.43889645645342, 30.86298218649526, 33.27189580779626, 130.06286543047628)
(131.90536990780822, 30.093227016045518, 33.22896355352418, 129.8950393455945)
(132.01908173765491, 29.632134701309212, 33.271422095979204, 130.06101364791868)
(132.60543285114764, 28.932260631645775, 33.32635048422816, 130.27573371107368)
(133.1758062667664, 28.892670542558818, 33.342280899084415, 130.33800715096635)
(133.22573970946124, 28.815017647161056, 33.38212348635097, 130.49375544664468)
(133.8622415226414, 28.8953089258319, 33.443500963506295, 130.7336855846155)
(134.40414967300848, 29.069685228829428, 33.4010207223424, 130.56762646006575)
(134.49303721679516, 29.033631990904567, 33.41742898437845, 130.63176784802485)
(135.03166886961395, 29.14244151677609, 33.418901030303374, 130.63752220936775)
(135.86953802931305, 29.685155562563253, 33.37368639254576, 130.46077407995162)
(135.95207428133253, 29.744584550837487, 33.36574889827246, 130.4297456932469)
(136.2636673982878, 30.067216192640927, 33.42456950029944, 130.65968077389783)
(136.49988910586978, 30.721721295468654, 33.492897569510404, 130.92678140808613)
(136.56727003616092, 31.211752722810473, 33.453686246037556, 130.773500779965)
(136.14516082060663, 31.697165277916454, 33.47295350527113, 130.84881824787803)
(135.68726219171566, 32.29993070406813, 33.40739700328746, 130.59255192194186)
(135.50791216895036, 32.72012900874215, 33.31706140428681, 130.23942185312117)
(134.88260620131945, 33.207982344770755, 33.31350769013455, 130.22553006143505)
(134.03851768215222, 33.51050800275448, 33.32242447456276, 130.26038658238167)
(133.5540628624623, 33.51445231550211, 33.317655525075374, 130.2417443252946)
(132.88743952080893, 33.404544541427015, 33.33893626599933, 130.32493267617917)
(132.3749177205902, 33.394556576362916, 33.31063513987433, 130.2143010013269)
(132.2563983368559, 33.39690877100176, 33.30368587023352, 130.1871356745492)
(132.1425727952153, 33.218178635213576, 33.305842568749064, 130.19556640510996)
(132.1494525509837, 33.55206414988372, 33.25860527400913, 130.01091152567201)
(132.18570844779288, 33.849339842204515, 33.184247166914226, 129.7202389252101)
(132.4974079782471, 34.29789811329691, 33.204448569872994, 129.79920804586712)
(132.42063056857197, 34.72825086073877, 33.16729904352011, 129.65398717012403)
(132.43415426250164, 34.99233079547429, 33.20114948280922, 129.78631161461783)
(132.48621377030594, 35.6614046866443, 33.18817121427093, 129.73557838305905)
(132.65473771602205, 36.39525196583213, 33.101520051354335, 129.39685110983964)
(132.61134750768923, 36.49967453190007, 33.087897635988725, 129.34359984977408)
(132.23875598252388, 36.535355403608094, 33.040905393350684, 129.1599029012799)
(131.9139282594491, 36.38348694358696, 33.092782519187715, 129.3626953022792)
(131.9255214849415, 36.62618251397768, 33.01631237679668, 129.0637665638415)
(131.69410762863717, 36.80401037690001, 32.93562202299912, 128.74834063536014)
(131.4531960259783, 36.536806147649756, 32.947718665816836, 128.7956275118294)
(131.44939070213712, 36.38518152323796, 32.97882784865543, 128.91723613565298)
(131.93952026554155, 36.39442697735707, 32.91463012321381, 128.66628139074484)
(132.59379608707155, 36.09779271292925, 32.86517271843502, 128.47294789933682)
(132.8637620763502, 35.99138224062084, 32.770949968393325, 128.10462260371926)
(133.5856604700935, 35.37086253277327, 32.777928327391095, 128.13190164343783)
(134.30200346914808, 35.37771019984268, 32.730511494321064, 127.94654493234589)
(134.64576354025843, 35.36957779360438, 32.74709291460032, 128.01136321161937)
(135.08440963053351, 35.8066075280009, 32.663837599284534, 127.68591061538491)
(135.4707115414255, 36.11579474416705, 32.65046534488339, 127.63363725727137)
(135.9350943756457, 36.42465152407505, 32.60063644402112, 127.43885155390068)
(136.1750085636416, 36.54614574467484, 32.47548336099805, 126.94961677481048)
(136.4446406574604, 36.54161621853219, 32.41529937355577, 126.71435209662702)
(136.51725058701376, 36.6119242334997, 32.3786915749959, 126.57124888407482)
(136.5853112555006, 36.96838789914363, 32.299302415756564, 126.26090944341196)
(136.94337681340747, 38.30477820971309, 32.12858145619286, 125.59354569239022)
(136.89655584699236, 38.44776280005041, 32.06974230992153, 125.3635381206023)
(136.60610326264936, 39.431040797982604, 31.966351824310692, 124.95937531321448)
(134.74820447955872, 39.65796680410419, 31.87952182701538, 124.61994896015099)
(133.3744001272292, 39.76499665657461, 31.864038490658785, 124.55942319075703)
(129.39161128195744, 39.55400833115681, 31.709071747608554, 123.95364410428795)
(124.18588010976505, 38.40738098361373, 31.716984897657394, 123.98457732720614)
(121.7136211036285, 37.847712463154316, 31.711170268328942, 123.96184741255855)
(114.91560036206383, 36.42560337290436, 31.610800618645776, 123.56949332743346)
(108.52895775379989, 34.461371460211026, 31.532797993376775, 123.2645739741092)
(105.43966489855958, 33.60659136415801, 31.483859900146452, 123.0732705187543)
(100.22073362082749, 32.00739938729814, 31.304557843794232, 122.37236248028653)
(96.27629094329899, 29.08236921855832, 31.47230519836297, 123.02810213905524)
(95.06700184048711, 27.916831141497553, 31.407072979182033, 122.7731034640752)
(92.71320310275016, 25.45846637697931, 31.454346357976252, 122.9578993993617)
(89.98249386368268, 23.52850080672281, 31.569848088064333, 123.40940616243329)
(88.9592595936289, 22.726579776149045, 31.619749855710946, 123.60447670868824)
(86.84853683053362, 20.963081905311704, 31.849602974674962, 124.50299344645667)
(85.24155578562973, 19.76014664193211, 31.98526458840851, 125.03330702741508)
(84.62668324862906, 19.538413793990557, 31.945035907527043, 124.87604945669662)
(83.41746898623886, 18.557694891818564, 31.937942581721508, 124.84832100127498)
(81.89015140411036, 17.353609617823338, 31.977288439337887, 125.00212753559356)
(81.1839648254456, 16.781537084984947, 31.93015842283928, 124.81789201655354)
(79.1325084765432, 15.86164838243743, 31.79832228031204, 124.30253255031069)
(75.77821611702421, 14.788837082114263, 31.753542436361737, 124.12748406941405)
(73.45099273229962, 14.010447820866666, 31.70927399584997, 123.95443471104987)
(67.16195511612484, 12.370638557552525, 31.864154342945625, 124.55987606787835)
(58.684483353129664, 11.377073470820129, 31.86258541776411, 124.55374299671423)
(54.05292629268563, 11.364215706218609, 31.788815993730296, 124.26537161185477)
(44.77971977595699, 11.686868588112638, 31.69744979134774, 123.90821282072297)
(36.50456740145238, 12.55542005230722, 31.645310845288613, 123.70439694067365)
(32.38785483484812, 12.930518554873501, 31.620034654034225, 123.60559001122468)
(24.035543931515885, 13.712558580045503, 31.561234448369596, 123.37573466180841)
(15.069365056464559, 14.644989961991527, 31.45299619017147, 122.95262147067027)
(10.462930009742037, 14.943343232718078, 31.44684925480792, 122.92859254152185)
(1.363607701588121, 15.88242004567234, 31.24797952785403, 122.15119269979301)
(-7.081045724741919, 15.981901352598001, 31.203025058492628, 121.97546159228935)
(-11.198033262061875, 15.874160479685088, 31.168465472793184, 121.8403650300097)
(-19.63380175835153, 15.074442781942182, 30.915620446329523, 120.85197083565177)
(0.0, 0.0, 0.0, 0.0)
(130.35157826536636, 54.1332234521082, 30.915620446329523, 120.85197083565177)
(131.5263461646358, 52.577480777714825, 30.871641898767155, 120.6800546951807)
(131.92426213442616, 48.823995778263786, 31.96036196113959, 124.93596039354567)
(128.93682157521172, 49.23260809125604, 31.724473426248156, 124.0138506662428)
(117.08306767667581, 45.324799660828745, 33.04922975847622, 129.19244360131614)
(102.48041349972225, 40.29490887484069, 35.206564479570865, 137.62566114741335)
(95.19440662448034, 40.6829678281964, 34.93903965583591, 136.5798822909949)
(81.12251553643691, 41.528007318110824, 34.60685442469624, 135.28134002381253)
(68.32069233139097, 42.6120781766906, 34.18377506574513, 133.62748434791274)
(62.0931313020039, 42.627802318949435, 34.18230837940208, 133.62175093766265)
(49.68159215796918, 42.9616473718159, 34.042244272452, 133.07422761049418)
(37.496019741744874, 43.19288689680141, 34.04340543180489, 133.07876668796456)
(31.519997915859076, 43.277388191865015, 34.05335618806868, 133.11766509881392)
(20.275314740018572, 43.91185081294908, 33.821264104691096, 132.21039604561062)
(8.966237413943059, 44.03989651497483, 33.66948696362923, 131.61708540327788)
(3.309369050278285, 44.59513174864405, 33.26627613541679, 130.0408976202656)
(-9.261083926548888, 43.865428718745335, 32.96532951949106, 128.86446993982867)
(-9.440551176420666, 41.696297596410545, 33.61945673774047, 131.42151270207637)
(-15.296774053219725, 40.14806957979256, 34.15254400897775, 133.5053993078221)
(-3.2180215355195294, 42.668989379597235, 34.15254400897775, 133.5053993078221)
(0.0, 0.0, 0.0, 0.0)
(-15.750737089161703, 39.913791160283736, 34.85473582793202, 136.25033096373426)
(-51.092406137221786, -162.8322721103512, 138.47219410227484, 541.3003951270745)
(-65.47699647710722, -163.21009833373637, 138.33830051751934, 540.7769929321212)
(-73.30775923347791, -167.06554984694338, 140.15640790892283, 547.8841400076075)
(-88.12452018840827, -174.4449948542948, 143.78029770818785, 562.0502546774617)
(-102.50779235942878, -177.08275120195106, 143.78029770818785, 562.0502546774617)
(-98.45636070354499, -176.7551755183573, 143.78029770818785, 562.0502546774617)
(-114.45480144603766, -180.63118259843543, 143.78029770818785, 562.0502546774617)
(-114.30568492992438, -180.33565037187293, 143.78029770818785, 562.0502546774617)
(-114.50060403926886, -181.41163914140418, 143.78029770818785, 562.0502546774617)
(-91.35234439952887, -175.52991001542762, 143.78029770818785, 562.0502546774617)
(0.0, 0.0, 0.0, 0.0)
(-67.31357181652106, -175.52185337480262, 143.78029770818785, 562.0502546774617)
(-48.77350223644294, -175.3570279353495, 143.78029770818785, 562.0502546774617)
(-13.457243164927526, -88.17405702974611, 99.89468966037187, 390.4974232178174)
(-19.262090882212682, -87.51970293428712, 99.89468966037187, 390.4974232178174)
(-10.888308724314733, -85.3081016769629, 99.89468966037187, 390.4974232178174)
(-3.702252780543141, -105.35374372486768, 111.00055171081696, 433.9112475968301)
(-8.586842431490552, -101.26091036166142, 109.73715922010925, 428.97253149679085)
(-18.197987451021802, -99.38235554064701, 109.73715922010925, 428.97253149679085)
(-26.766013157401055, -91.64061399548743, 106.70245715386385, 417.10960523783154)
(-31.375178742451254, -88.35528762194608, 105.50705388792909, 412.4366651982684)
(-42.88842718605477, -87.08533198687527, 105.50705388792909, 412.4366651982684)
(-49.38543455753989, -83.81261724778517, 103.674464741434, 405.27290762560574)
(-53.29990599355945, -85.82127044822192, 104.45796598597067, 408.3356852178855)
(-60.52692181115326, -84.65019380642977, 103.29611474762314, 403.79390310434513)
(-62.730036571027085, -84.44759369883161, 101.91168722391376, 398.38205005711757)
(-65.43500358511588, -100.44195957701501, 109.64744217494291, 428.6218194111406)
(-76.75233680655143, -101.70991344969568, 109.64744217494291, 428.6218194111406)
(0.0, 0.0, 0.0, 0.0)
(-34.44561035086295, -125.23637218993005, 109.64744217494291, 428.6218194111406)
(-48.00464413512087, -137.7484958702674, 115.26264872050953, 450.5721722710829)
(-53.0482011224967, -130.62974407550155, 111.17666317743893, 434.5996833299887)
(-53.530795774957035, -124.33828649379288, 108.28080664495725, 423.2795168848331)
(-46.68839737948075, -111.0117409677043, 102.58805239550858, 401.02602300062466)
(-40.401992894156784, -115.47362690609455, 106.49598492571515, 416.3024865277958)
(-35.6808891070929, -107.60642888456604, 103.21329273244676, 403.4701443177466)
(-27.30703913963373, -89.06186607231797, 95.35410445524326, 372.74786287049653)
(-22.26025187767084, -86.40322425713242, 95.35410445524326, 372.74786287049653)
(-17.46197761374318, -77.39765015329107, 91.66585060512232, 358.3301432745692)
(-11.189845486195559, -68.78565529165871, 88.02748539787864, 344.10744291898027)
(-6.880008910010538, -64.60041068793635, 85.55691350283281, 334.44975278380116)
(-6.4787372409502595, -62.9353408311859, 84.5723022936185, 330.6008180568725)
(-3.5400669831183933, -55.91621307351687, 80.57309269073554, 314.96754415469366)
(-3.707915353173803, -58.29446772264504, 80.74837378143229, 315.65273387287186)
(-4.09109109439364, -59.601140521069595, 80.96808105305654, 316.51158957103934)
(-3.1247957302957303, -59.11261846906018, 79.69475393570056, 311.5340381122842)
(-3.816808783939287, -59.56996040263189, 78.82623850093445, 308.13893232183483)
(-4.519137736610098, -60.30396899286694, 78.68428938875898, 307.5840403378762)
(-5.892313731509084, -60.35462243812549, 77.82826253334211, 304.23775353942847)
(-7.261065565030847, -61.036371380694646, 77.32401357587392, 302.266598523871)
(-8.028237047169533, -61.02852294229015, 76.99756438011711, 300.990478940458)
(-9.974960479360824, -61.28394351389798, 76.35373593016864, 298.4736949997503)
(-12.333283991900792, -61.95879022599826, 76.03606879966996, 297.23190530780096)
(-13.349311625381851, -62.621228380012184, 75.8512699711731, 296.5095098873132)
(-15.79804420918235, -64.11296712119514, 76.02289170920866, 297.1803948632704)
(-18.71245590425753, -65.20719055770087, 75.91211701586293, 296.7473665165553)
(-19.97747020990669, -66.18690673244177, 76.16271619143127, 297.7269814755952)
(-22.61399185798473, -68.59125991039394, 76.83078283353461, 300.33851471290825)
(-24.994733310995052, -72.49092618010945, 78.20286525737752, 305.702109642476)
(-25.856069778715117, -73.39333614874309, 78.3622447357864, 306.32513851261984)
(-26.13883690999598, -72.0714065275103, 77.24323157403173, 301.95081433485154)
(-26.699641194234026, -71.41343508168242, 76.67374288298633, 299.72463126985593)
(-26.810002984559553, -70.46241043319398, 76.09539610536102, 297.4638211391388)
(-27.633726660055537, -71.22313950338454, 76.39102155693892, 298.6194479043979)
(-27.56081009500773, -71.23369376634363, 76.40681619631353, 298.6811905855895)
(-27.723890241064694, -71.45546716283292, 76.53684382851534, 299.18948042056024)
(-28.01785774498017, -71.81615827314769, 76.62044534025254, 299.51628633007834)
(-28.444057642772364, -72.36313213563758, 76.82975584140334, 300.3345001073042)
(-28.6125465748932, -72.04472909717609, 76.59652420247119, 299.42277642784217)
(-30.42168464171325, -72.11726336137801, 76.62760398601363, 299.54427012714444)
(-32.45505922224551, -71.61966859031503, 76.37107281260549, 298.5414664492763)
(-33.141462759786386, -69.02236336689862, 75.163101765739, 293.8193978115255)
(-33.86523847926393, -62.79256162534679, 72.39564542271167, 283.0011593796914)
(-51.91618432515871, -128.0321328218261, 106.17384050118946, 415.0431946864684)
(-50.195203961084445, -113.74642236841984, 98.89672810067765, 386.5963007571949)
