(139, 27, 33, 129)
(134.784, 12.095999999999998, 34.559999999999995, 134.784)
(141.69599999999997, 12.095999999999998, 34.559999999999995, 134.784)
(141.35815338517438, 12.243653176545394, 34.62479235074495, 135.0366901679053)
(140.785868495758, 12.826112835360647, 34.68830744207767, 135.28439902410292)
(140.44815015160665, 13.151387239215396, 34.667943349130326, 135.20497906160827)
(139.8052086761831, 13.751894305864255, 34.685515753102464, 135.27351143709961)
(138.89568382891693, 14.168856440832926, 34.634478777712886, 135.07446723308024)
(138.5457043381749, 14.35709575921436, 34.643397720134466, 135.1092511085244)
(137.97656827699188, 14.88752653722662, 34.65020011593798, 135.1357804521581)
(137.6261302427269, 15.466002529765007, 34.64233595009297, 135.10511020536256)
(137.3125396635388, 15.744488338009035, 34.62640492585199, 135.04297921082275)
(136.72828797150672, 16.397945999948234, 34.60563829038488, 134.961989332501)
(136.25462573824234, 17.214175710871444, 34.63886973933552, 135.09159198340848)
(135.67661164674925, 17.55666567287166, 34.60117233638418, 134.94457211189828)
(134.84900507667385, 17.97748637770259, 34.54425779098811, 134.7226053848536)
(134.59828110924235, 18.0857569980425, 34.54932205885893, 134.74235602954977)
(134.59585601751908, 18.094223639833487, 34.54523059191483, 134.7263993084678)
(134.81296253577653, 17.418392674318824, 34.515955299540536, 134.61222566820805)
(135.267092446814, 16.569827124300872, 34.55903519914534, 134.7802372766668)
(135.38840031449442, 16.117008084743787, 34.57346902433137, 134.8365291948923)
(135.9375403752544, 15.492745508231138, 34.601562193827036, 134.94609255592542)
(136.58860093614177, 15.412377911512252, 34.62793228298977, 135.04893590366007)
(136.62357956575636, 15.360604869743455, 34.653968065752814, 135.15047545643594)
(137.2063918201356, 15.492051207965048, 34.70645268785372, 135.35516548262947)
(137.7750577402833, 15.676056945222754, 34.67231603798799, 135.22203254815312)
(137.9140812479836, 15.591930265879014, 34.692608866337345, 135.3011745787156)
(138.4261693023516, 15.62874805535563, 34.70651869510134, 135.3554229108952)
(139.18996830646606, 15.944045265762313, 34.751796663434945, 135.53200698739627)
(139.23902824115314, 16.11299513042664, 34.739904211053, 135.48562642310668)
(141.69599999999997, 0.0, 34.559999999999995, 134.784)
(149.76, 30.24, 28.799999999999997, 112.32)
(145.152, 12.095999999999998, 34.559999999999995, 134.784)
(144.7744164386551, 12.578885994299824, 34.552349739877286, 134.75416398552144)
(144.30360840797366, 13.057731012532813, 34.547951396943304, 134.7370104480789)
(144.01044856283124, 13.379655724387646, 34.540399016915586, 134.7075561659708)
(143.44239017223356, 13.82678140681844, 34.519777516860934, 134.62713231575765)
(142.62872997761303, 14.14436892196828, 34.48813184164888, 134.50371418243063)
(142.13552367053532, 14.140002660546855, 34.49024574974961, 134.51195842402348)
(141.47586750906183, 13.959551730165515, 34.523242154727825, 134.6406444034385)
(140.9857883444153, 13.962181128913201, 34.50016562073963, 134.55064592088453)
(140.8674896484175, 13.984467947920166, 34.487922680704, 134.5028984547456)
(140.7392752337042, 13.758418546944583, 34.51516449841183, 134.60914154380615)
(140.7060717329746, 14.047169828181211, 34.511716763542886, 134.59569537781726)
(140.69090718266136, 14.191246923512253, 34.48738888174752, 134.50081663881534)
(140.88186439432315, 14.48505345902737, 34.597860322681775, 134.93165525845893)
(140.8525481018381, 15.06450425061108, 34.524306018003436, 134.6447934702134)
(140.82367106078067, 15.238387391561417, 34.58413529543075, 134.8781276521799)
(152.0, 56.0, 20.0, 78.0)
(138.23999999999998, 12.095999999999998, 34.559999999999995, 134.784)
(138.23999999999998, 12.095999999999998, 34.559999999999995, 134.784)
(138.23999999999998, 12.095999999999998, 34.559999999999995, 134.784)
(138.23999999999998, 12.095999999999998, 34.559999999999995, 134.784)
(138.2145289265715, 12.160281282867174, 34.58535315759916, 134.88287731463674)
(150.0, 56.0, 20.0, 78.0)
(148.0, 56.0, 20.0, 78.0)
(147.96464234123644, 55.84264254537293, 20.052404770652103, 78.2043786055432)
(150.0, 56.0, 20.0, 78.0)
(150.5659232257578, 55.66286382508443, 19.946919417624972, 77.79298572873739)
(150.85660765172634, 55.695623662533514, 19.795329618422315, 77.20178551184704)
(151.5614084190927, 55.14849437559914, 19.752885066111517, 77.03625175783492)
(152.2974111598308, 55.15728320778838, 19.69857367643214, 76.82443733808535)
(152.5440621648657, 55.184919606672494, 19.699290221049864, 76.82723186209446)
(132.48, 40.32, 28.799999999999997, 112.32)
(132.9780980931997, 40.74400727661353, 28.739976298952193, 112.08590756591354)
(133.54589169915172, 41.047550289045304, 28.69887150892308, 111.9255988848)
(133.96227979742412, 41.229173375481395, 28.59448886706583, 111.51850658155672)
(134.41330162401883, 41.31022652288247, 28.492631371102938, 111.12126234730144)
(134.44830810928053, 41.39503367575465, 28.487346183782673, 111.1006501167524)
(135.35999999999999, 40.32, 28.799999999999997, 112.32)
(135.39728207527114, 41.13294083452423, 28.88106023910616, 112.63613493251403)
(135.37745677638702, 41.2105354989543, 28.89977577828064, 112.7091255352945)
(134.61352145347473, 42.074492945895244, 28.9217870491052, 112.79496949151027)
(136.79999999999998, 58.8, 24.0, 93.6)
(134.4, 58.8, 24.0, 93.6)
(131.0574717095535, 58.75594493459263, 23.791959657064876, 92.78864266255302)
(126.0, 70.0, 20.0, 78.0)
(123.64280557952567, 69.50137382802122, 20.036288255011154, 78.1415241945435)
(114.0, 70.0, 20.0, 78.0)
(108.32894751066776, 67.95256539658472, 19.91278368960199, 77.65985638944775)
(126.0, 49.0, 20.0, 78.0)
(120.0, 49.0, 20.0, 78.0)
(116.69188810623845, 49.88746426130261, 18.810819124437163, 73.36219458530493)
(114.0, 49.0, 20.0, 78.0)
(113.18336173086576, 53.10511166590378, 18.248114184752872, 71.1676453205362)
(94.0, 21.0, 20.0, 78.0)
(72.0, 20.16, 28.799999999999997, 112.32)
(69.95312793122984, 18.816881129367147, 28.779867794766893, 112.24148439959089)
(69.11999999999999, 24.191999999999997, 34.559999999999995, 134.784)
(69.11999999999999, 24.191999999999997, 34.559999999999995, 134.784)
(65.66399999999999, 24.191999999999997, 34.559999999999995, 134.784)
(64.07018968817763, 23.01762804988398, 34.575959246691596, 134.84624106209725)
(63.338742379131936, 22.42665041472297, 34.59597514163845, 134.92430305238997)
(61.29989163901563, 21.524202123606287, 34.45109666581638, 134.3592769966839)
(49.7664, 0.0, 41.471999999999994, 161.74079999999998)
(53.913599999999995, 0.0, 41.471999999999994, 161.74079999999998)
(45.6192, 0.0, 41.471999999999994, 161.74079999999998)
(37.13344819573672, -1.2177928612117626, 41.57710193616328, 162.15069755103679)
(32.503420634332485, -1.3080062009079825, 41.54924659754595, 162.04206173042923)
(33.1776, 0.0, 41.471999999999994, 161.74079999999998)
(24.8832, 0.0, 41.471999999999994, 161.74079999999998)
(20.86424038339851, 0.33450361647003035, 41.46022898662093, 161.69489304782164)
(12.423618775680684, 1.1289310614584025, 41.3344684178769, 161.2044268297199)
(3.495585241421569, 2.240737172073935, 41.09658330744005, 160.27667489901617)
(-0.9928397963936391, 2.6157555660069676, 40.987604601942536, 159.8516579475759)
(-10.203939234889798, 3.4731970496951874, 40.90894135735282, 159.544871293676)
(-18.666312951231156, 3.5232949636787367, 40.80066877050429, 159.12260820496672)
(140.0, 56.0, 20.0, 78.0)
(142.34502823840072, 55.240458762575315, 20.27988370874543, 79.09154646410718)
(145.73867884900923, 51.47367053970045, 21.389463591044038, 83.41890800507176)
(144.0, 42.0, 20.0, 78.0)
(146.0, 42.0, 20.0, 78.0)
(148.11652706219706, 37.672030615810705, 21.445946730098076, 83.6391922473825)
(147.91112062748758, 34.46260354046322, 23.10352473623581, 90.10374647131965)
(145.84759277803255, 28.360257372657003, 26.83348570858335, 104.65059426347506)
(148.79999999999998, 33.6, 24.0, 93.6)
(146.4, 50.4, 24.0, 93.6)
(143.16247593038094, 47.72564587457935, 24.857250287675647, 96.94327612193503)
(141.49066823700468, 46.60650605717961, 25.66891377013124, 100.10876370351185)
(140.75616273021015, 47.04670485961164, 25.554306619657783, 99.66179581666538)
(139.77122175154904, 49.206376510118425, 25.275714455886273, 98.57528637795649)
(148.79999999999998, 33.6, 24.0, 93.6)
(149.2967649953485, 34.383504697679534, 23.870392128443594, 93.09452930093)
(149.80069369866894, 33.69599956848568, 24.447144707154283, 95.3438643579017)
(152.04865593234183, 32.43104544387245, 24.304980005433507, 94.78942202119066)
(152.91554253166964, 31.920232954200117, 24.279886005996644, 94.69155542338689)
(152.9438790890226, 30.91975767387271, 24.365058594415746, 95.02372851822139)
(151.96071307220583, 31.358598990025605, 23.998687991330527, 93.59488316618904)
(150.97844074450467, 33.0185877420691, 23.3455568654829, 91.0476717753833)
(149.5075395385875, 38.27554990666801, 21.838506738254694, 85.17017627919329)
(158.0, 77.0, 20.0, 78.0)
(158.15108199005863, 79.7621460917951, 19.99443636167959, 77.9783018105504)
(155.01830777928868, 80.01576069078831, 22.607915691422658, 88.17087119654838)
(152.73159766363827, 77.92430175000567, 25.91151475573127, 101.05490754735196)
(127.87199999999999, 12.095999999999998, 34.559999999999995, 134.784)
(127.44227927398133, 10.19397603986512, 35.58582328797482, 138.7847108231018)
(119.79559637190906, 8.402616075665094, 35.568535405595924, 138.7172880818241)
(114.52574926459336, 8.701579163164155, 34.88422296739528, 136.0484695728416)
(104.75023107250381, 9.125559800928976, 32.60187006934782, 127.1472932704565)
(89.45477256527353, 3.2518513346449396, 34.28035727423807, 133.69339336952848)
(0.0, 0.0, 0.0, 0.0)
(0.0, 0.0, 0.0, 0.0)
(0.0, 0.0, 0.0, 0.0)
(136.0, 28.0, 20.0, 78.0)
(143.59775950445297, 21.008222058821644, 22.170569858281567, 86.46522244729812)
(144.4420234148078, 20.58313776245255, 22.775987350071908, 88.82635066528044)
(145.42491772728036, 22.009983320353356, 22.51228612747053, 87.79791589713508)
(150.09319253980001, 25.709377952949573, 22.30394084813433, 86.9853693077239)
(150.7494397542386, 26.582279686916323, 23.207785530585276, 90.51036356928259)
(145.97639343457644, 27.521509758007333, 23.137545162097098, 90.23642613217869)
(222.0, 35.0, 20.0, 78.0)
(213.6, 67.2, 24.0, 93.6)
(207.50223236380933, 66.30434159483292, 24.91822203995948, 97.18106595584197)
(187.2, 50.4, 28.799999999999997, 112.32)
(173.62924222837347, 46.231944165754214, 30.800432779581172, 120.12168784036658)
(165.80836872295313, 40.78016098399479, 33.344264141007784, 130.04263014993035)
(152.6729019597944, 38.90570718482418, 33.787789830411185, 131.7723803386036)
(140.46987143002036, 37.73986010356886, 33.44974078253731, 130.4539890518955)
(134.79988512152855, 39.00018391671052, 32.32836391221627, 126.08061925764342)
(146.88, 20.16, 28.799999999999997, 112.32)
(134.60044175064968, 19.88567894325638, 27.87657255338815, 108.71863295821379)
(128.12338284422637, 19.36246724714595, 27.561723691430057, 107.49072239657723)
(115.37024148306347, 19.063497188610583, 26.98415936785745, 105.23822153464405)
(270.0, 91.0, 20.0, 78.0)
(263.1835576752664, 90.55607573920304, 18.92072644634219, 73.79083314073455)
(256.143787294773, 89.3957161283257, 18.254753291313342, 71.19353783612203)
(251.57333047994567, 89.805164592003, 17.705420338936765, 69.05113932185338)
(249.2488954836267, 89.47220224332196, 17.71294816848874, 69.0804978571061)
(244.7871605386711, 90.56896479710633, 16.958470060353125, 66.1380332353772)
(241.68226379912542, 92.38444484442115, 16.065175160538228, 62.6541831260991)
(240.5494986110908, 93.06587936108617, 15.63185299754495, 60.96422669042531)
(238.4993866137866, 92.76422766681466, 15.493154873012708, 60.423304004749575)
(235.7657788142889, 93.01457540062903, 14.734998157555022, 57.4664928144646)
(233.64506543472385, 92.61968051890938, 14.606582387388219, 56.965671310814066)
(222.0, 84.0, 20.0, 78.0)
(219.44683376978483, 82.23609194874285, 19.795449892070973, 77.2022545790768)
(218.12782064475041, 81.22481353332543, 19.594410590381987, 76.41820130248975)
(215.11804239898584, 78.55178152425768, 19.438613078004877, 75.81059100421902)
(212.12759375954568, 76.68063110412271, 19.06079148481488, 74.33708679077803)
(210.43624211571012, 75.17902445756833, 19.250730490259432, 75.07784891201177)
(244.79999999999998, 30.24, 28.799999999999997, 112.32)
(198.0, 70.0, 20.0, 78.0)
(196.53609441646557, 69.53266428134467, 19.822464487381346, 77.30761150078725)
(193.30281567007697, 68.35353055177674, 19.509480964533562, 76.08697576168089)
(190.91360169132588, 66.37792620432518, 19.672109971840452, 76.72122889017776)
(190.4115792435542, 66.19192052447079, 19.395805135938456, 75.64364003015997)
(188.56736156082482, 65.54088238946287, 18.903225486748813, 73.72257939832036)
(185.11788258920365, 64.1161271381774, 18.957990925108344, 73.93616460792254)
(185.46499183746133, 63.52696837972228, 18.958840787967947, 73.93947907307498)
(184.0, 63.0, 20.0, 78.0)
(184.73841149779415, 62.583079377529955, 19.48899731691172, 76.00708953595571)
(184.97415451661988, 62.108961373362426, 19.298593432580567, 75.26451438706421)
(168.0, 49.0, 20.0, 78.0)
(168.8332599842902, 47.654205363292334, 20.205657155443035, 78.80206290622783)
(169.54019013259955, 47.07740115458943, 20.373675520933705, 79.45733453164145)
(171.30346826633325, 46.860441979666476, 20.47822276909131, 79.86506879945611)
(176.0, 56.0, 20.0, 78.0)
(176.0, 56.0, 20.0, 78.0)
(176.63811118252443, 55.33351886575151, 20.2256697247949, 78.88011192670011)
(162.0, 56.0, 20.0, 78.0)
(160.0, 56.0, 20.0, 78.0)
(157.56721121561003, 56.21688906070333, 19.870841851006503, 77.49628321892537)
(154.0, 56.0, 20.0, 78.0)
(150.0, 56.0, 20.0, 78.0)
(147.66412673492997, 56.51781033067994, 19.95144013365572, 77.8106165212573)
(145.6175642929378, 56.892659067652694, 19.92447834771817, 77.70546555610086)
(144.79470192778606, 57.296122491510175, 19.807843458881003, 77.2505894896359)
