(131, 50, 36, 89)
(131.0, 50.0, 36.0, 89.0)
(131.0, 51.0, 36.0, 89.0)
(131.0, 51.0, 36.0, 89.0)
(131.0, 51.0, 36.0, 89.0)
(131.0, 52.0, 36.0, 89.0)
(130.0, 53.0, 36.0, 89.0)
(131.0, 54.0, 36.0, 89.0)
(131.0, 55.0, 36.0, 89.0)
(130.0, 56.0, 36.0, 89.0)
(129.0, 59.0, 36.0, 89.0)
(129.0, 61.0, 36.0, 89.0)
(130.0, 63.0, 36.0, 89.0)
(131.0, 66.0, 36.0, 89.0)
(132.0, 70.0, 36.0, 89.0)
(134.0, 75.0, 36.0, 89.0)
(137.0, 80.0, 36.0, 89.0)
(141.0, 85.0, 36.0, 89.0)
(146.0, 89.0, 36.0, 89.0)
(152.0, 94.0, 36.0, 89.0)
(159.0, 98.0, 36.0, 89.0)
(166.0, 101.0, 36.0, 89.0)
(173.0, 104.0, 36.0, 89.0)
(180.0, 106.0, 36.0, 89.0)
(188.0, 108.0, 36.0, 89.0)
(197.0, 109.0, 36.0, 89.0)
(204.0, 110.0, 36.0, 89.0)
(211.0, 111.0, 36.0, 89.0)
(217.0, 111.0, 36.0, 89.0)
(221.0, 112.0, 36.0, 89.0)
(224.0, 112.0, 36.0, 89.0)
(226.0, 112.0, 36.0, 89.0)
(226.0, 111.0, 36.0, 89.0)
(223.0, 111.0, 36.0, 89.0)
(217.0, 110.0, 36.0, 89.0)
(210.0, 110.0, 36.0, 89.0)
(203.0, 109.0, 36.0, 89.0)
(193.0, 109.0, 36.0, 89.0)
(182.0, 110.0, 36.0, 89.0)
(172.0, 110.0, 36.0, 89.0)
(162.0, 111.0, 36.0, 89.0)
(152.0, 112.0, 36.0, 89.0)
(142.0, 113.0, 36.0, 89.0)
(136.0, 114.0, 36.0, 89.0)
(127.0, 114.0, 36.0, 89.0)
(118.0, 115.0, 36.0, 89.0)
(110.0, 117.0, 36.0, 89.0)
(102.0, 118.0, 36.0, 89.0)
(96.0, 118.0, 36.0, 89.0)
(91.0, 119.0, 36.0, 89.0)
(86.0, 119.0, 36.0, 89.0)
(81.0, 118.0, 36.0, 89.0)
(78.0, 116.0, 36.0, 89.0)
(77.0, 112.0, 36.0, 89.0)
(77.0, 107.0, 36.0, 89.0)
(78.0, 101.0, 36.0, 89.0)
(79.0, 96.0, 36.0, 89.0)
(82.0, 88.0, 36.0, 89.0)
(86.0, 81.0, 36.0, 89.0)
(89.0, 74.0, 36.0, 89.0)
(93.0, 67.0, 36.0, 89.0)
(96.0, 62.0, 36.0, 89.0)
(101.0, 58.0, 36.0, 89.0)
(108.0, 55.0, 36.0, 89.0)
(116.0, 52.0, 36.0, 89.0)
(124.0, 50.0, 36.0, 89.0)
(133.0, 48.0, 36.0, 89.0)
(142.0, 48.0, 36.0, 89.0)
(150.0, 49.0, 36.0, 89.0)
(158.0, 52.0, 36.0, 89.0)
(167.0, 54.0, 36.0, 89.0)
(174.0, 57.0, 36.0, 89.0)
(182.0, 59.0, 36.0, 89.0)
(191.0, 60.0, 36.0, 89.0)
(199.0, 62.0, 36.0, 89.0)
(207.0, 63.0, 36.0, 89.0)
(213.0, 64.0, 36.0, 89.0)
(218.0, 65.0, 36.0, 89.0)
(222.0, 65.0, 36.0, 89.0)
(223.0, 65.0, 36.0, 89.0)
(222.0, 64.0, 36.0, 89.0)
(217.0, 61.0, 36.0, 89.0)
(210.0, 60.0, 36.0, 89.0)
(201.0, 57.0, 36.0, 89.0)
(191.0, 54.0, 36.0, 89.0)
(182.0, 52.0, 36.0, 89.0)
(172.0, 49.0, 36.0, 89.0)
(162.0, 47.0, 36.0, 89.0)
(152.0, 45.0, 36.0, 89.0)
(143.0, 44.0, 36.0, 89.0)
(133.0, 43.0, 36.0, 89.0)
(123.0, 44.0, 36.0, 89.0)
(112.0, 45.0, 36.0, 89.0)
(103.0, 48.0, 36.0, 89.0)
(94.0, 51.0, 36.0, 89.0)
(86.0, 54.0, 36.0, 89.0)
(81.0, 56.0, 36.0, 89.0)
(75.0, 60.0, 36.0, 89.0)
(74.0, 64.0, 36.0, 89.0)
(74.0, 70.0, 36.0, 89.0)
(77.0, 75.0, 36.0, 89.0)
(79.0, 81.0, 36.0, 89.0)
(83.0, 86.0, 36.0, 89.0)
(87.0, 91.0, 36.0, 89.0)
(90.0, 96.0, 36.0, 89.0)
(92.0, 102.0, 36.0, 89.0)
(95.0, 108.0, 36.0, 89.0)
(97.0, 114.0, 36.0, 89.0)
(99.0, 120.0, 36.0, 89.0)
(102.0, 123.0, 36.0, 89.0)
(106.0, 126.0, 36.0, 89.0)
(111.0, 128.0, 36.0, 89.0)
(117.0, 128.0, 36.0, 89.0)
(123.0, 127.0, 36.0, 89.0)
(130.0, 125.0, 36.0, 89.0)
(138.0, 121.0, 36.0, 89.0)
(145.0, 118.0, 36.0, 89.0)
(152.0, 114.0, 36.0, 89.0)
(159.0, 110.0, 36.0, 89.0)
(167.0, 106.0, 36.0, 89.0)
(172.0, 104.0, 36.0, 89.0)
(178.0, 101.0, 36.0, 89.0)
(184.0, 97.0, 36.0, 89.0)
(190.0, 94.0, 36.0, 89.0)
(195.0, 91.0, 36.0, 89.0)
(201.0, 88.0, 36.0, 89.0)
(207.0, 85.0, 36.0, 89.0)
(211.0, 82.0, 36.0, 89.0)
(216.0, 79.0, 36.0, 89.0)
(220.0, 77.0, 36.0, 89.0)
(222.0, 74.0, 36.0, 89.0)
(223.0, 72.0, 36.0, 89.0)
(222.0, 69.0, 36.0, 89.0)
(220.0, 66.0, 36.0, 89.0)
(215.0, 63.0, 36.0, 89.0)
(209.0, 60.0, 36.0, 89.0)
(202.0, 58.0, 36.0, 89.0)
(194.0, 56.0, 36.0, 89.0)
(186.0, 53.0, 36.0, 89.0)
(176.0, 51.0, 36.0, 89.0)
(167.0, 49.0, 36.0, 89.0)
(158.0, 47.0, 36.0, 89.0)
(148.0, 45.0, 36.0, 89.0)
(138.0, 44.0, 36.0, 89.0)
(130.0, 42.0, 36.0, 89.0)
(122.0, 41.0, 36.0, 89.0)
(113.0, 40.0, 36.0, 89.0)
(106.0, 39.0, 36.0, 89.0)
(99.0, 38.0, 36.0, 89.0)
(93.0, 39.0, 36.0, 89.0)
(88.0, 40.0, 36.0, 89.0)
(85.0, 41.0, 36.0, 89.0)
(84.0, 42.0, 36.0, 89.0)
(86.0, 43.0, 36.0, 89.0)
(89.0, 45.0, 36.0, 89.0)
(94.0, 46.0, 36.0, 89.0)
(98.0, 50.0, 36.0, 89.0)
(101.0, 53.0, 36.0, 89.0)
(104.0, 56.0, 36.0, 89.0)
(106.0, 59.0, 36.0, 89.0)
(109.0, 63.0, 36.0, 89.0)
(111.0, 65.0, 36.0, 89.0)
(113.0, 67.0, 36.0, 89.0)
(114.0, 68.0, 36.0, 89.0)
(116.0, 68.0, 36.0, 89.0)
(118.0, 68.0, 36.0, 89.0)
(120.0, 68.0, 36.0, 89.0)
(123.0, 66.0, 36.0, 89.0)
(127.0, 65.0, 36.0, 89.0)
(133.0, 64.0, 36.0, 89.0)
(139.0, 64.0, 36.0, 89.0)
(145.0, 63.0, 36.0, 89.0)
(151.0, 62.0, 36.0, 89.0)
(156.0, 60.0, 36.0, 89.0)
(160.0, 59.0, 36.0, 89.0)
(162.0, 58.0, 36.0, 89.0)
(165.0, 57.0, 36.0, 89.0)
(167.0, 57.0, 36.0, 89.0)
(170.0, 57.0, 36.0, 89.0)
(174.0, 58.0, 36.0, 89.0)
(179.0, 59.0, 36.0, 89.0)
(184.0, 61.0, 36.0, 89.0)
(189.0, 62.0, 36.0, 89.0)
(193.0, 63.0, 36.0, 89.0)
(196.0, 63.0, 36.0, 89.0)
(201.0, 62.0, 36.0, 89.0)
(204.0, 61.0, 36.0, 89.0)
(206.0, 59.0, 36.0, 89.0)
(207.0, 57.0, 36.0, 89.0)
(208.0, 55.0, 36.0, 89.0)
(210.0, 54.0, 36.0, 89.0)
(213.0, 56.0, 36.0, 89.0)
(216.0, 60.0, 36.0, 89.0)
(219.0, 67.0, 36.0, 89.0)
(221.0, 78.0, 36.0, 89.0)
(222.0, 89.0, 36.0, 89.0)
(222.0, 96.0, 36.0, 89.0)
(223.0, 102.0, 36.0, 89.0)
(220.0, 110.0, 36.0, 89.0)
(217.0, 115.0, 36.0, 89.0)
(213.0, 117.0, 36.0, 89.0)
(210.0, 119.0, 36.0, 89.0)
(205.0, 120.0, 36.0, 89.0)
(199.0, 121.0, 36.0, 89.0)
(193.0, 119.0, 36.0, 89.0)
(185.0, 117.0, 36.0, 89.0)
(175.0, 115.0, 36.0, 89.0)
(165.0, 115.0, 36.0, 89.0)
(153.0, 113.0, 36.0, 89.0)
(142.0, 111.0, 36.0, 89.0)
(131.0, 109.0, 36.0, 89.0)
(119.0, 105.0, 36.0, 89.0)
(108.0, 102.0, 36.0, 89.0)
(98.0, 100.0, 36.0, 89.0)
(87.0, 98.0, 36.0, 89.0)
(77.0, 96.0, 36.0, 89.0)
(70.0, 93.0, 36.0, 89.0)
(64.0, 91.0, 36.0, 89.0)
(59.0, 88.0, 36.0, 89.0)
(56.0, 84.0, 36.0, 89.0)
(56.0, 79.0, 36.0, 89.0)
(60.0, 73.0, 36.0, 89.0)
(64.0, 66.0, 36.0, 89.0)
(69.0, 58.0, 36.0, 89.0)
(76.0, 50.0, 36.0, 89.0)
(82.0, 42.0, 36.0, 89.0)
(88.0, 35.0, 36.0, 89.0)
(93.0, 27.0, 36.0, 89.0)
(97.0, 18.0, 36.0, 89.0)
(101.0, 12.0, 36.0, 89.0)
(104.0, 5.0, 36.0, 89.0)
(109.0, 0.0, 36.0, 89.0)
(112.0, 0.0, 36.0, 89.0)
(118.0, 0.0, 36.0, 89.0)
(122.0, 0.0, 36.0, 89.0)
(128.0, 4.0, 36.0, 89.0)
(134.0, 10.0, 36.0, 89.0)
(139.0, 16.0, 36.0, 89.0)
(146.0, 21.0, 36.0, 89.0)
(153.0, 28.0, 36.0, 89.0)
(160.0, 35.0, 36.0, 89.0)
(167.0, 39.0, 36.0, 89.0)
(175.0, 44.0, 36.0, 89.0)
(184.0, 50.0, 36.0, 89.0)
(192.0, 55.0, 36.0, 89.0)
(202.0, 60.0, 36.0, 89.0)
(211.0, 64.0, 36.0, 89.0)
(219.0, 68.0, 36.0, 89.0)
(226.0, 72.0, 36.0, 89.0)
(233.0, 77.0, 36.0, 89.0)
(239.0, 81.0, 36.0, 89.0)
(245.0, 85.0, 36.0, 89.0)
(249.0, 89.0, 36.0, 89.0)
(253.0, 92.0, 36.0, 89.0)
(255.0, 95.0, 36.0, 89.0)
(253.0, 97.0, 36.0, 89.0)
(249.0, 98.0, 36.0, 89.0)
(244.0, 99.0, 36.0, 89.0)
(236.0, 99.0, 36.0, 89.0)
(227.0, 99.0, 36.0, 89.0)
(218.0, 99.0, 36.0, 89.0)
(209.0, 99.0, 36.0, 89.0)
(199.0, 99.0, 36.0, 89.0)
(190.0, 100.0, 36.0, 89.0)
(180.0, 101.0, 36.0, 89.0)
(171.0, 102.0, 36.0, 89.0)
(162.0, 103.0, 36.0, 89.0)
(152.0, 104.0, 36.0, 89.0)
(142.0, 104.0, 36.0, 89.0)
(132.0, 104.0, 36.0, 89.0)
(123.0, 103.0, 36.0, 89.0)
(115.0, 103.0, 36.0, 89.0)
(107.0, 102.0, 36.0, 89.0)
(100.0, 100.0, 36.0, 89.0)
(93.0, 99.0, 36.0, 89.0)
(87.0, 97.0, 36.0, 89.0)
(82.0, 95.0, 36.0, 89.0)
(78.0, 91.0, 36.0, 89.0)
(74.0, 86.0, 36.0, 89.0)
(70.0, 82.0, 36.0, 89.0)
(67.0, 77.0, 36.0, 89.0)
(65.0, 71.0, 36.0, 89.0)
(63.0, 65.0, 36.0, 89.0)
(61.0, 59.0, 36.0, 89.0)
(60.0, 53.0, 36.0, 89.0)
(60.0, 47.0, 36.0, 89.0)
(61.0, 40.0, 36.0, 89.0)
(61.0, 34.0, 36.0, 89.0)
(62.0, 28.0, 36.0, 89.0)
(62.0, 22.0, 36.0, 89.0)
(61.0, 18.0, 36.0, 89.0)
(59.0, 15.0, 36.0, 89.0)
(57.0, 13.0, 36.0, 89.0)
(56.0, 12.0, 36.0, 89.0)
(54.0, 16.0, 36.0, 89.0)
(52.0, 21.0, 36.0, 89.0)
(49.0, 25.0, 36.0, 89.0)
(47.0, 29.0, 36.0, 89.0)
(46.0, 32.0, 36.0, 89.0)
(45.0, 36.0, 36.0, 89.0)
(45.0, 38.0, 36.0, 89.0)
(47.0, 40.0, 36.0, 89.0)
(49.0, 42.0, 36.0, 89.0)
(52.0, 44.0, 36.0, 89.0)
(55.0, 48.0, 36.0, 89.0)
(59.0, 54.0, 36.0, 89.0)
(62.0, 60.0, 36.0, 89.0)
(66.0, 66.0, 36.0, 89.0)
(72.0, 73.0, 36.0, 89.0)
(79.0, 79.0, 36.0, 89.0)
(86.0, 85.0, 36.0, 89.0)
(94.0, 89.0, 36.0, 89.0)
(103.0, 93.0, 36.0, 89.0)
(113.0, 95.0, 36.0, 89.0)
(125.0, 97.0, 36.0, 89.0)
(136.0, 97.0, 36.0, 89.0)
(147.0, 96.0, 36.0, 89.0)
(158.0, 94.0, 36.0, 89.0)
(169.0, 89.0, 36.0, 89.0)
(178.0, 85.0, 36.0, 89.0)
(185.0, 81.0, 36.0, 89.0)
(191.0, 79.0, 36.0, 89.0)
(195.0, 77.0, 36.0, 89.0)
(198.0, 75.0, 36.0, 89.0)
(197.0, 74.0, 36.0, 89.0)
(196.0, 71.0, 36.0, 89.0)
(192.0, 69.0, 36.0, 89.0)
(187.0, 65.0, 36.0, 89.0)
(182.0, 61.0, 36.0, 89.0)
(176.0, 57.0, 36.0, 89.0)
(169.0, 54.0, 36.0, 89.0)
(163.0, 52.0, 36.0, 89.0)
(157.0, 48.0, 36.0, 89.0)
(151.0, 46.0, 36.0, 89.0)
(143.0, 46.0, 36.0, 89.0)
(136.0, 47.0, 36.0, 89.0)
(128.0, 49.0, 36.0, 89.0)
(122.0, 54.0, 36.0, 89.0)
(116.0, 60.0, 36.0, 89.0)
(111.0, 66.0, 36.0, 89.0)
(108.0, 72.0, 36.0, 89.0)
(106.0, 77.0, 36.0, 89.0)
(106.0, 81.0, 36.0, 89.0)
(110.0, 84.0, 36.0, 89.0)
(116.0, 86.0, 36.0, 89.0)
(123.0, 87.0, 36.0, 89.0)
(132.0, 88.0, 36.0, 89.0)
(141.0, 88.0, 36.0, 89.0)
(152.0, 88.0, 36.0, 89.0)
(161.0, 87.0, 36.0, 89.0)
(171.0, 87.0, 36.0, 89.0)
(179.0, 87.0, 36.0, 89.0)
(187.0, 88.0, 36.0, 89.0)
(194.0, 90.0, 36.0, 89.0)
(200.0, 91.0, 36.0, 89.0)
(204.0, 94.0, 36.0, 89.0)
(207.0, 97.0, 36.0, 89.0)
(208.0, 101.0, 36.0, 89.0)
(207.0, 105.0, 36.0, 89.0)
(203.0, 110.0, 36.0, 89.0)
(197.0, 113.0, 36.0, 89.0)
(190.0, 115.0, 36.0, 89.0)
(184.0, 117.0, 36.0, 89.0)
(177.0, 117.0, 36.0, 89.0)
(170.0, 117.0, 36.0, 89.0)
(161.0, 117.0, 36.0, 89.0)
(152.0, 116.0, 36.0, 89.0)
(142.0, 114.0, 36.0, 89.0)
(133.0, 110.0, 36.0, 89.0)
(123.0, 106.0, 36.0, 89.0)
(113.0, 101.0, 36.0, 89.0)
(104.0, 97.0, 36.0, 89.0)
(94.0, 91.0, 36.0, 89.0)
(85.0, 84.0, 36.0, 89.0)
(78.0, 77.0, 36.0, 89.0)
(71.0, 71.0, 36.0, 89.0)
(65.0, 64.0, 36.0, 89.0)
(61.0, 57.0, 36.0, 89.0)
(60.0, 51.0, 36.0, 89.0)
(61.0, 45.0, 36.0, 89.0)
(65.0, 40.0, 36.0, 89.0)
(69.0, 35.0, 36.0, 89.0)
(74.0, 30.0, 36.0, 89.0)
(80.0, 26.0, 36.0, 89.0)
(85.0, 23.0, 36.0, 89.0)
(91.0, 19.0, 36.0, 89.0)
(95.0, 17.0, 36.0, 89.0)
(99.0, 15.0, 36.0, 89.0)
(103.0, 15.0, 36.0, 89.0)
(107.0, 17.0, 36.0, 89.0)
(110.0, 19.0, 36.0, 89.0)
(114.0, 23.0, 36.0, 89.0)
(118.0, 27.0, 36.0, 89.0)
(123.0, 32.0, 36.0, 89.0)
(127.0, 36.0, 36.0, 89.0)
(130.0, 41.0, 36.0, 89.0)
(133.0, 45.0, 36.0, 89.0)
(137.0, 47.0, 36.0, 89.0)
(140.0, 49.0, 36.0, 89.0)
(143.0, 50.0, 36.0, 89.0)
(146.0, 51.0, 36.0, 89.0)
(148.0, 53.0, 36.0, 89.0)
(150.0, 54.0, 36.0, 89.0)
(151.0, 55.0, 36.0, 89.0)
