(131, 50, 36, 89)
(131.12184143066406, 50.226417541503906, 36.0, 89.0)
(130.8987579345703, 49.68529510498047, 36.720001220703125, 90.77999877929688)
(131.9167022705078, 50.82476043701172, 36.0, 89.0)
(132.10464477539062, 50.96342468261719, 36.0, 89.0)
(132.04922485351562, 52.296871185302734, 35.29411697387695, 87.2549057006836)
(131.8192901611328, 51.94694900512695, 36.719993591308594, 90.77999114990234)
(131.5303955078125, 52.68179702758789, 36.719993591308594, 90.77999114990234)
(132.0111083984375, 54.46474838256836, 35.999996185302734, 88.99999237060547)
(130.31149291992188, 56.0683708190918, 35.999996185302734, 88.99999237060547)
(130.32322692871094, 57.510379791259766, 35.999996185302734, 88.99999237060547)
(130.73129272460938, 60.11857986450195, 35.29411315917969, 87.25489044189453)
(130.24996948242188, 62.33627700805664, 36.71998977661133, 90.77997589111328)
(131.10482788085938, 65.54353332519531, 36.71998977661133, 90.77997589111328)
(132.66795349121094, 68.60664367675781, 37.45438766479492, 92.59557342529297)
(134.9385986328125, 71.91265106201172, 38.20347595214844, 94.44747924804688)
(137.5221710205078, 78.48255920410156, 35.9999885559082, 88.9999771118164)
(142.16517639160156, 83.39859008789062, 35.9999885559082, 88.9999771118164)
(146.1831817626953, 85.99967956542969, 37.454383850097656, 92.5955581665039)
(153.71478271484375, 91.0722427368164, 36.7199821472168, 90.77995300292969)
(159.2384033203125, 94.18795776367188, 37.45438003540039, 92.59555053710938)
(167.58888244628906, 96.89176940917969, 38.203468322753906, 94.44745635986328)
(174.7891387939453, 100.77848052978516, 35.99998092651367, 88.99995422363281)
(182.08538818359375, 102.6427230834961, 35.99998092651367, 88.99995422363281)
(189.7908172607422, 104.82685852050781, 35.294097900390625, 87.25485229492188)
(198.9749755859375, 106.07923126220703, 35.99998092651367, 88.99995422363281)
(207.24462890625, 107.303466796875, 35.294097900390625, 87.25485229492188)
(214.05348205566406, 108.30728149414062, 35.294097900390625, 87.25485229492188)
(219.55661010742188, 108.2278060913086, 35.99998092651367, 88.99995422363281)
(223.7494354248047, 108.1007308959961, 35.99998092651367, 88.99995422363281)
(227.6616973876953, 108.95915222167969, 35.294097900390625, 87.25485229492188)
(228.2981719970703, 108.1854019165039, 35.99998092651367, 88.99995422363281)
(227.83876037597656, 107.35347747802734, 35.99998092651367, 88.99995422363281)
(224.8191375732422, 107.12659454345703, 35.99998092651367, 88.99995422363281)
(219.20199584960938, 106.16710662841797, 35.99998092651367, 88.99995422363281)
(211.3780975341797, 106.0051040649414, 35.99998092651367, 88.99995422363281)
(203.49583435058594, 105.60848236083984, 35.99998092651367, 88.99995422363281)
(194.29171752929688, 105.88996887207031, 35.294097900390625, 87.25485229492188)
(183.95489501953125, 105.71092987060547, 35.99998092651367, 88.99995422363281)
(173.71810913085938, 106.73051452636719, 35.294097900390625, 87.25485229492188)
(162.9610595703125, 107.86473083496094, 35.294097900390625, 87.25485229492188)
(152.70208740234375, 108.89886474609375, 35.294097900390625, 87.25485229492188)
(143.8472442626953, 109.96719360351562, 35.294097900390625, 87.25485229492188)
(137.01380920410156, 111.22569274902344, 35.294097900390625, 87.25485229492188)
(128.00909423828125, 112.19676208496094, 35.294097900390625, 87.25485229492188)
(118.7085952758789, 112.75353240966797, 35.99998092651367, 88.99995422363281)
(110.07401275634766, 113.91554260253906, 35.294097900390625, 87.25485229492188)
(103.48943328857422, 115.01690673828125, 35.294097900390625, 87.25485229492188)
(96.73001861572266, 115.65458679199219, 35.294097900390625, 87.25485229492188)
(91.5587158203125, 115.93197631835938, 35.294097900390625, 87.25485229492188)
(86.26580047607422, 116.12623596191406, 35.294097900390625, 87.25485229492188)
(81.66809844970703, 114.9350814819336, 35.99998092651367, 88.99995422363281)
(79.32246398925781, 113.95240783691406, 33.923587799072266, 83.86664581298828)
(77.78851318359375, 108.63169860839844, 35.294097900390625, 87.25485229492188)
(77.97286224365234, 103.76907348632812, 35.294097900390625, 87.25485229492188)
(78.6168441772461, 98.47210693359375, 35.294097900390625, 87.25485229492188)
(79.88569641113281, 92.92398071289062, 34.602054595947266, 85.54397583007812)
(83.85567474365234, 85.52862548828125, 34.602054595947266, 85.54397583007812)
(87.34225463867188, 78.49960327148438, 33.923583984375, 83.86663818359375)
(90.64231872558594, 70.48086547851562, 34.602054595947266, 85.5439682006836)
(94.24542999267578, 63.77030563354492, 35.29409408569336, 87.25484466552734)
(97.79736328125, 58.83108139038086, 35.29409408569336, 87.25484466552734)
(102.18888854980469, 53.98997497558594, 35.99997329711914, 88.99993896484375)
(109.05679321289062, 51.07942199707031, 35.294090270996094, 87.25483703613281)
(117.72261047363281, 47.81813430786133, 35.99997329711914, 88.99993133544922)
(125.57539367675781, 45.5241813659668, 35.294090270996094, 87.25482940673828)
(133.3041229248047, 44.095176696777344, 35.999969482421875, 88.99992370605469)
(142.4588623046875, 44.214210510253906, 35.999969482421875, 88.99992370605469)
(151.34507751464844, 45.441123962402344, 35.999969482421875, 88.99992370605469)
(158.38485717773438, 47.257965087890625, 36.719970703125, 90.77992248535156)
(167.749267578125, 49.424072265625, 37.454368591308594, 92.59552001953125)
(176.1680145263672, 52.43072509765625, 36.719970703125, 90.77992248535156)
(183.85501098632812, 54.57923889160156, 36.719970703125, 90.77992248535156)
(192.3447723388672, 56.48640441894531, 36.719970703125, 90.77992248535156)
(201.5336151123047, 57.34960174560547, 36.719970703125, 90.77992248535156)
(209.66619873046875, 58.109779357910156, 36.719970703125, 90.77992248535156)
(215.05471801757812, 58.86268615722656, 36.719970703125, 90.77992248535156)
(220.8362274169922, 60.24315643310547, 35.999969482421875, 88.99992370605469)
(225.152099609375, 61.37113571166992, 35.29408645629883, 87.25482940673828)
(225.7943878173828, 60.205692291259766, 36.71996307373047, 90.77991485595703)
(224.1121368408203, 59.0031623840332, 36.71996307373047, 90.77991485595703)
(219.51441955566406, 58.316619873046875, 35.29408645629883, 87.25482177734375)
(210.3794708251953, 54.9680061340332, 36.71996307373047, 90.77991485595703)
(202.88278198242188, 53.36602020263672, 35.29408645629883, 87.25482177734375)
(192.29806518554688, 49.6971549987793, 36.71996307373047, 90.77991485595703)
(183.53851318359375, 47.79627990722656, 35.29408645629883, 87.25482177734375)
(172.74398803710938, 45.19034957885742, 35.99996566772461, 88.99991607666016)
(162.90451049804688, 42.57687759399414, 35.99996566772461, 88.99991607666016)
(153.0861053466797, 40.54963302612305, 35.99996566772461, 88.99991607666016)
(143.27093505859375, 40.18327713012695, 35.29408264160156, 87.25481414794922)
(133.35043334960938, 38.66640853881836, 36.7199592590332, 90.77989959716797)
(123.46382904052734, 38.685123443603516, 36.7199592590332, 90.77989959716797)
(113.2246322631836, 41.07413101196289, 36.7199592590332, 90.77989959716797)
(102.75914764404297, 42.802696228027344, 38.20344543457031, 94.44740295410156)
(95.06071472167969, 47.42434310913086, 35.999961853027344, 88.9999008178711)
(85.40038299560547, 50.2728157043457, 36.7199592590332, 90.77989959716797)
(80.37565612792969, 53.400203704833984, 36.7199592590332, 90.77989959716797)
(75.45669555664062, 56.5445671081543, 37.4543571472168, 92.59549713134766)
(74.19065856933594, 60.55571365356445, 37.4543571472168, 92.59549713134766)
(75.57884216308594, 65.43177795410156, 37.4543571472168, 92.59549713134766)
(76.76980590820312, 69.91571807861328, 38.20344543457031, 94.44740295410156)
(80.99485778808594, 77.31599426269531, 35.999961853027344, 88.9999008178711)
(84.0022201538086, 81.82958984375, 36.7199592590332, 90.77989959716797)
(88.49981689453125, 86.87702941894531, 36.7199592590332, 90.77989959716797)
(92.46121215820312, 93.14649963378906, 35.999961853027344, 88.9999008178711)
(93.52037048339844, 99.141357421875, 35.999961853027344, 88.9999008178711)
(96.31454467773438, 105.04930114746094, 35.999961853027344, 88.9999008178711)
(98.40176391601562, 111.29917907714844, 35.999961853027344, 88.9999008178711)
(101.043701171875, 116.67404174804688, 35.999961853027344, 88.9999008178711)
(103.43055725097656, 120.50634765625, 35.999961853027344, 88.9999008178711)
(108.39778137207031, 124.98954772949219, 34.60204315185547, 85.54393768310547)
(112.8642578125, 126.09805297851562, 35.999961853027344, 88.9999008178711)
(118.94678497314453, 126.80066680908203, 35.2940788269043, 87.25480651855469)
(124.81758880615234, 126.26305389404297, 35.2940788269043, 87.25480651855469)
(133.50218200683594, 124.02300262451172, 34.6020393371582, 85.54393005371094)
(141.65707397460938, 120.96930694580078, 33.92356872558594, 83.86659240722656)
(147.36532592773438, 117.0921630859375, 34.60203552246094, 85.5439224243164)
(154.4481201171875, 113.04525756835938, 34.60203552246094, 85.5439224243164)
(161.74301147460938, 108.90501403808594, 34.60203552246094, 85.5439224243164)
(167.4654998779297, 104.85639953613281, 35.29407501220703, 87.25479888916016)
(174.82379150390625, 101.93865966796875, 34.60203552246094, 85.5439224243164)
(180.37994384765625, 98.60086059570312, 35.29407501220703, 87.25479888916016)
(185.92672729492188, 94.66757202148438, 35.29407501220703, 87.25479888916016)
(192.4178466796875, 91.41795349121094, 35.29407501220703, 87.25479888916016)
(198.2291259765625, 88.83647155761719, 34.60203552246094, 85.5439224243164)
(203.7319793701172, 84.5743179321289, 35.99995803833008, 88.99989318847656)
(209.39688110351562, 81.41932678222656, 35.29407501220703, 87.25479888916016)
(214.1492919921875, 80.05526733398438, 34.60203552246094, 85.5439224243164)
(218.26168823242188, 77.31036376953125, 35.29407501220703, 87.25479888916016)
(222.45436096191406, 72.7177734375, 36.71995162963867, 90.7798843383789)
(226.24517822265625, 71.10385131835938, 35.294071197509766, 87.25479125976562)
(225.32078552246094, 67.63117980957031, 36.719947814941406, 90.77986907958984)
(225.9365692138672, 66.22383117675781, 34.602027893066406, 85.54390716552734)
(221.2683563232422, 63.2620964050293, 35.2940673828125, 87.2547836303711)
(217.3781280517578, 60.119136810302734, 35.2940673828125, 87.2547836303711)
(211.2703857421875, 57.224796295166016, 35.2940673828125, 87.2547836303711)
(204.55496215820312, 54.323787689208984, 35.99994659423828, 88.99987030029297)
(195.73031616210938, 51.67653274536133, 35.99994659423828, 88.99987030029297)
(187.44090270996094, 49.53446960449219, 35.2940673828125, 87.25477600097656)
(177.64141845703125, 48.274696350097656, 35.2940673828125, 87.25477600097656)
(167.8666534423828, 45.96731185913086, 35.99994659423828, 88.99987030029297)
(159.11048889160156, 43.91559982299805, 35.294063568115234, 87.25476837158203)
(149.2875518798828, 41.996803283691406, 35.999942779541016, 88.99986267089844)
(139.29833984375, 39.99504852294922, 35.999942779541016, 88.99986267089844)
(130.37112426757812, 39.33881759643555, 35.294063568115234, 87.25476837158203)
(121.36331176757812, 37.20494842529297, 36.719940185546875, 90.77984619140625)
(114.29151916503906, 35.83308410644531, 36.719940185546875, 90.77984619140625)
(106.47904205322266, 35.08623504638672, 36.719940185546875, 90.77984619140625)
(101.08352661132812, 35.49885940551758, 35.99993896484375, 88.9998550415039)
(92.87796783447266, 35.135719299316406, 36.719940185546875, 90.77984619140625)
(89.16473388671875, 35.94950866699219, 36.719940185546875, 90.77984619140625)
(87.51604461669922, 37.22035598754883, 35.99993896484375, 88.9998550415039)
(86.93882751464844, 38.82128143310547, 35.29405975341797, 87.2547607421875)
(87.49641418457031, 39.95370864868164, 36.71993637084961, 90.77983856201172)
(92.46253967285156, 41.97111129760742, 35.999935150146484, 88.99983978271484)
(96.36891174316406, 43.61137390136719, 35.2940559387207, 87.25474548339844)
(99.48536682128906, 45.75310516357422, 36.719932556152344, 90.77983093261719)
(104.1104736328125, 50.31806182861328, 35.99993133544922, 88.99983215332031)
(104.97459411621094, 53.90397644042969, 35.99993133544922, 88.99983215332031)
(108.92408752441406, 57.86391067504883, 35.29405212402344, 87.2547378540039)
(110.97837829589844, 60.68156433105469, 35.99993133544922, 88.99983215332031)
(115.11290740966797, 64.74699401855469, 33.92354202270508, 83.86653137207031)
(114.71778106689453, 66.49439239501953, 35.29404830932617, 87.25473022460938)
(118.09760284423828, 68.48765563964844, 33.25837326049805, 82.22208404541016)
(119.4379653930664, 68.55900573730469, 33.25837326049805, 82.22208404541016)
(121.07019805908203, 69.46553039550781, 32.60624694824219, 80.60989379882812)
(123.99323272705078, 69.21500396728516, 32.60624694824219, 80.60989379882812)
(127.02827453613281, 69.07945251464844, 31.96691131591797, 79.02930450439453)
(130.70993041992188, 67.95010375976562, 31.96691131591797, 79.02930450439453)
(137.72439575195312, 66.60479736328125, 31.96691131591797, 79.02930450439453)
(143.70999145507812, 66.9073486328125, 31.34010887145996, 77.4797134399414)
(149.00051879882812, 67.85932922363281, 30.725597381591797, 75.96050262451172)
(154.3904571533203, 66.49378967285156, 31.34010887145996, 77.4797134399414)
(160.7120361328125, 65.55207061767578, 30.12313461303711, 74.47108459472656)
(164.80982971191406, 64.56440734863281, 30.12313461303711, 74.47108459472656)
(167.40638732910156, 62.267425537109375, 31.340106964111328, 77.47970581054688)
(169.45318603515625, 63.398681640625, 29.53248405456543, 73.0108642578125)
(172.15707397460938, 62.85720443725586, 30.123132705688477, 74.47107696533203)
(176.0877227783203, 64.86408233642578, 28.38570213317871, 70.17576599121094)
(179.05575561523438, 65.69511413574219, 30.123132705688477, 74.47107696533203)
(183.16900634765625, 66.04947662353516, 30.725595474243164, 75.96049499511719)
(189.39402770996094, 68.7764892578125, 28.95341682434082, 71.57927703857422)
(195.66111755371094, 69.66426086425781, 29.53248405456543, 73.0108642578125)
(200.41244506835938, 71.53436279296875, 27.829120635986328, 68.79976654052734)
(203.65846252441406, 70.5205078125, 29.532482147216797, 73.01085662841797)
(207.93441772460938, 70.24209594726562, 28.385700225830078, 70.1757583618164)
(211.1060333251953, 69.45635986328125, 28.385700225830078, 70.1757583618164)
(213.42230224609375, 68.484619140625, 27.829118728637695, 68.79976654052734)
(213.92164611816406, 66.46455383300781, 28.385700225830078, 70.1757583618164)
(216.6058349609375, 65.20245361328125, 27.283449172973633, 67.45075225830078)
(216.7838592529297, 62.926902770996094, 28.385698318481445, 70.17575073242188)
(221.1577911376953, 64.24600982666016, 28.385698318481445, 70.17575073242188)
(223.34620666503906, 68.55146026611328, 28.953411102294922, 71.57926940917969)
(226.3396759033203, 75.03048706054688, 29.532480239868164, 73.01084899902344)
(227.13214111328125, 86.28498077392578, 29.532480239868164, 73.01084899902344)
(228.9183349609375, 96.89449310302734, 29.532480239868164, 73.01084899902344)
(228.97877502441406, 104.39669036865234, 28.953411102294922, 71.57926940917969)
(229.5678253173828, 111.59822845458984, 28.953411102294922, 71.57926940917969)
(226.25375366210938, 118.73479461669922, 28.953411102294922, 71.57926940917969)
(224.05401611328125, 125.21043395996094, 27.283447265625, 67.45074462890625)
(220.06658935546875, 127.69406127929688, 27.283447265625, 67.45074462890625)
(217.0226287841797, 130.27926635742188, 26.2239990234375, 64.83155059814453)
(211.67538452148438, 131.50216674804688, 26.748477935791016, 66.12818145751953)
(205.8667449951172, 131.30955505371094, 26.748477935791016, 66.12818145751953)
(200.27871704101562, 131.13037109375, 25.709800720214844, 63.56034469604492)
(191.06381225585938, 128.49826049804688, 25.709800720214844, 63.56034469604492)
(181.50082397460938, 126.30449676513672, 25.709800720214844, 63.56034469604492)
(171.4178924560547, 125.32085418701172, 25.709800720214844, 63.56034469604492)
(159.62353515625, 124.27334594726562, 25.2056884765625, 62.31406021118164)
(149.37518310546875, 122.94393157958984, 25.709800720214844, 63.56034469604492)
(137.88465881347656, 120.2440414428711, 25.709800720214844, 63.56034469604492)
(126.59356689453125, 117.15574645996094, 25.2056884765625, 62.31406021118164)
(115.80831909179688, 113.6449203491211, 25.709800720214844, 63.56034469604492)
(105.23289489746094, 111.8033447265625, 25.2056884765625, 62.31406021118164)
(94.13516235351562, 109.29299926757812, 26.748476028442383, 66.128173828125)
(85.48912048339844, 108.81741333007812, 25.205686569213867, 62.314056396484375)
(77.2119369506836, 106.32510375976562, 26.2239933013916, 64.83154296875)
(70.94219970703125, 103.021728515625, 26.74847412109375, 66.12816619873047)
(67.15674591064453, 100.67276000976562, 25.70979881286621, 63.56033706665039)
(64.00100708007812, 97.17269897460938, 25.205686569213867, 62.314056396484375)
(64.96051788330078, 92.33670043945312, 25.70979881286621, 63.56033706665039)
(69.1405029296875, 86.86302185058594, 24.226919174194336, 59.89432907104492)
(72.01554107666016, 79.04193878173828, 25.205686569213867, 62.314056396484375)
(78.7695083618164, 71.66929626464844, 25.205686569213867, 62.314056396484375)
(84.968994140625, 63.764495849609375, 25.205686569213867, 62.314056396484375)
(91.02776336669922, 55.609222412109375, 25.70979881286621, 63.56033706665039)
(97.6939697265625, 47.232810974121094, 25.205686569213867, 62.314056396484375)
(101.21755981445312, 39.54163360595703, 25.70979881286621, 63.56033706665039)
(105.86093139648438, 32.336368560791016, 24.711458206176758, 61.09221649169922)
(109.16912841796875, 24.808181762695312, 25.709796905517578, 63.560333251953125)
(112.79363250732422, 18.81553077697754, 25.205684661865234, 62.31405258178711)
(117.9036636352539, 16.52387237548828, 24.226917266845703, 59.894325256347656)
(120.85350036621094, 10.690771102905273, 25.205684661865234, 62.31405258178711)
(127.12245178222656, 11.472408294677734, 24.711456298828125, 61.09220886230469)
(130.8350830078125, 10.290550231933594, 26.22399139404297, 64.83153533935547)
(137.27023315429688, 13.067882537841797, 27.28343963623047, 67.45072174072266)
(142.5756072998047, 18.59939956665039, 27.8291072845459, 68.79973602294922)
(147.448974609375, 23.857086181640625, 28.953401565551758, 71.57923889160156)
(155.12014770507812, 29.835887908935547, 28.38568687438965, 70.17572784423828)
(160.18844604492188, 35.88634490966797, 28.953401565551758, 71.57923889160156)
(167.70852661132812, 41.44313049316406, 28.953401565551758, 71.57923889160156)
(175.28797912597656, 47.13169479370117, 27.8291072845459, 68.79973602294922)
(182.38771057128906, 52.34870910644531, 28.38568878173828, 70.17573547363281)
(192.26925659179688, 58.07577896118164, 27.8291072845459, 68.79973602294922)
(200.1607666015625, 63.2351188659668, 27.8291072845459, 68.79973602294922)
(210.04913330078125, 67.98214721679688, 27.8291072845459, 68.79973602294922)
(219.5093231201172, 71.94094848632812, 27.8291072845459, 68.79973602294922)
(226.87242126464844, 76.13087463378906, 27.8291072845459, 68.79973602294922)
(233.83114624023438, 80.0210189819336, 28.38568878173828, 70.17573547363281)
(240.6605224609375, 84.73492431640625, 27.8291072845459, 68.79973602294922)
(247.1865234375, 88.86787414550781, 27.8291072845459, 68.79973602294922)
(251.86688232421875, 94.05888366699219, 27.28343963623047, 67.45072174072266)
(256.07080078125, 97.74969482421875, 27.28343963623047, 67.45072174072266)
(259.8066711425781, 100.577880859375, 27.28343963623047, 67.45072174072266)
(261.189208984375, 104.35138702392578, 26.223989486694336, 64.83152770996094)
(259.78692626953125, 106.43675994873047, 26.74846839904785, 66.12815856933594)
(255.69143676757812, 107.47806549072266, 26.74846839904785, 66.12815856933594)
(249.72140502929688, 107.41851806640625, 27.28343963623047, 67.45072174072266)
(242.91574096679688, 108.75344848632812, 25.709794998168945, 63.560325622558594)
(234.17138671875, 108.6833267211914, 26.223989486694336, 64.83152770996094)
(224.13995361328125, 108.10004425048828, 26.74846839904785, 66.12815856933594)
(216.33798217773438, 108.02701568603516, 26.74846839904785, 66.12815856933594)
(206.52745056152344, 108.05223846435547, 26.74846839904785, 66.12815856933594)
(197.41549682617188, 109.01215362548828, 26.74846839904785, 66.12815856933594)
(187.38832092285156, 110.04801177978516, 26.74846839904785, 66.12815856933594)
(178.7363739013672, 111.06108856201172, 26.74846839904785, 66.12815856933594)
(168.2227020263672, 112.02519989013672, 26.74846839904785, 66.12815856933594)
(159.56890869140625, 114.08792114257812, 25.709794998168945, 63.560325622558594)
(148.58236694335938, 113.8736801147461, 26.223989486694336, 64.83152770996094)
(139.838134765625, 114.71375274658203, 25.709793090820312, 63.56032180786133)
(130.69895935058594, 114.56890106201172, 25.205678939819336, 62.31404113769531)
(121.94359588623047, 112.78192901611328, 26.223987579345703, 64.83152770996094)
(114.6448974609375, 111.94414520263672, 25.70979118347168, 63.56031799316406)
(107.3948974609375, 110.79947662353516, 25.70979118347168, 63.56031799316406)
(100.1078109741211, 108.75810241699219, 26.22398567199707, 64.8315200805664)
(94.85554504394531, 107.73403930664062, 25.709789276123047, 63.56031036376953)
(89.73829650878906, 105.3779296875, 25.20567512512207, 62.314029693603516)
(85.81433868408203, 101.52142333984375, 25.709789276123047, 63.56031036376953)
(82.69633483886719, 97.127197265625, 25.20567512512207, 62.314029693603516)
(78.5799331665039, 92.36692810058594, 25.709789276123047, 63.56031036376953)
(75.67737579345703, 87.94215393066406, 24.71144676208496, 61.09218978881836)
(72.58574676513672, 82.59381103515625, 25.20567512512207, 62.314029693603516)
(70.91653442382812, 76.68655395507812, 25.709789276123047, 63.56031036376953)
(70.0749282836914, 71.14704895019531, 24.71144676208496, 61.09218978881836)
(68.72785949707031, 64.2330093383789, 25.709787368774414, 63.560306549072266)
(69.21215057373047, 58.898475646972656, 24.22690773010254, 59.8942985534668)
(68.91122436523438, 52.109046936035156, 24.711444854736328, 61.09218215942383)
(69.19052124023438, 44.85912322998047, 25.70978546142578, 63.560298919677734)
(69.69844818115234, 38.75838851928711, 25.205671310424805, 62.31401824951172)
(69.44300842285156, 32.319374084472656, 26.748455047607422, 66.12812805175781)
(69.69248962402344, 28.489593505859375, 26.223976135253906, 64.83149719238281)
(66.95455932617188, 23.67389678955078, 27.829090118408203, 68.79969787597656)
(66.24954223632812, 21.50328826904297, 27.28342056274414, 67.45068359375)
(64.34182739257812, 21.931007385253906, 26.748451232910156, 66.12812042236328)
(63.034027099609375, 27.62452507019043, 25.70977783203125, 63.56028366088867)
(59.092445373535156, 29.535507202148438, 27.283418655395508, 67.45067596435547)
(56.544639587402344, 33.69454574584961, 27.82908821105957, 68.79969024658203)
(55.49609375, 37.71480178833008, 27.82908821105957, 68.79969024658203)
(54.09093475341797, 41.78505325317383, 27.283418655395508, 67.45067596435547)
(52.62422180175781, 44.581363677978516, 27.283418655395508, 67.45067596435547)
(52.4039306640625, 46.74557113647461, 27.283418655395508, 67.45067596435547)
(53.902706146240234, 49.881103515625, 26.748449325561523, 66.12811279296875)
(56.62762451171875, 50.34602355957031, 28.385665893554688, 70.17567443847656)
(60.30802917480469, 53.394859313964844, 27.829084396362305, 68.7996826171875)
(62.9043083190918, 56.246490478515625, 28.9533748626709, 71.57917785644531)
(67.10167694091797, 62.27772903442383, 27.829082489013672, 68.79967498779297)
(69.97393798828125, 69.57841491699219, 27.829082489013672, 68.79967498779297)
(74.14622497558594, 75.21968078613281, 28.953372955322266, 71.57917022705078)
(81.01277160644531, 81.70155334472656, 27.829078674316406, 68.79966735839844)
(87.77489471435547, 88.62574005126953, 27.283411026000977, 67.45065307617188)
(94.63578033447266, 95.21837615966797, 26.22396469116211, 64.83146667480469)
(103.00823211669922, 99.82268524169922, 26.748443603515625, 66.12809753417969)
(111.01092529296875, 102.85546875, 27.283411026000977, 67.45065307617188)
(122.31056213378906, 105.37982940673828, 26.22396469116211, 64.83146667480469)
(133.3051300048828, 106.40330505371094, 27.283411026000977, 67.45065307617188)
(144.9732666015625, 107.21312713623047, 26.22396469116211, 64.83146667480469)
(155.06089782714844, 106.25231170654297, 26.748443603515625, 66.12809753417969)
(166.92112731933594, 103.41617584228516, 26.748443603515625, 66.12809753417969)
(177.28086853027344, 99.24283599853516, 26.748443603515625, 66.12809753417969)
(187.2204132080078, 94.7281723022461, 26.22396469116211, 64.83146667480469)
(193.51644897460938, 91.68843078613281, 25.70977020263672, 63.560264587402344)
(197.52122497558594, 88.58634185791016, 26.22396469116211, 64.83146667480469)
(203.44439697265625, 87.6568832397461, 25.205656051635742, 62.31398391723633)
(204.44680786132812, 85.54953002929688, 26.223960876464844, 64.83145904541016)
(204.39990234375, 82.33580017089844, 27.28340721130371, 67.45064544677734)
(202.16900634765625, 79.82781982421875, 26.22395896911621, 64.83145904541016)
(199.37660217285156, 77.74431610107422, 25.70976448059082, 63.56025314331055)
(193.7869110107422, 73.62239074707031, 26.22395896911621, 64.83145904541016)
(190.11737060546875, 70.69739532470703, 25.70976448059082, 63.56025314331055)
(183.6061553955078, 67.58682250976562, 25.205652236938477, 62.31397247314453)
(175.91436767578125, 62.94434356689453, 26.748435974121094, 66.12808227539062)
(170.37091064453125, 60.06452178955078, 26.223957061767578, 64.83145141601562)
(164.33847045898438, 58.19197463989258, 25.709762573242188, 63.56024932861328)
(156.63644409179688, 55.27530288696289, 26.74843406677246, 66.1280746459961)
(149.58795166015625, 54.57035446166992, 27.283401489257812, 67.45063018798828)
(142.67837524414062, 56.34865188598633, 26.223955154418945, 64.8314437866211)
(135.20993041992188, 57.69609451293945, 27.829069137573242, 68.79964447021484)
(128.3413543701172, 61.76102828979492, 27.829069137573242, 68.79964447021484)
(122.46235656738281, 68.16807556152344, 27.829069137573242, 68.79964447021484)
(118.38160705566406, 74.2158203125, 27.829069137573242, 68.79964447021484)
(114.68753051757812, 79.56476593017578, 28.385648727416992, 70.17562866210938)
(114.56266784667969, 85.01738739013672, 27.82906723022461, 68.79963684082031)
(114.65534973144531, 88.93817901611328, 27.82906723022461, 68.79963684082031)
(118.65166473388672, 92.88697814941406, 27.283397674560547, 67.45062255859375)
(124.22040557861328, 95.54165649414062, 26.22395133972168, 64.83143615722656)
(132.43467712402344, 98.88810729980469, 25.205644607543945, 62.31395721435547)
(140.31488037109375, 97.2656021118164, 26.22395133972168, 64.83143615722656)
(150.22377014160156, 97.32552337646484, 26.748430252075195, 66.12806701660156)
(160.66595458984375, 96.8692855834961, 26.748430252075195, 66.12806701660156)
(169.7297821044922, 95.53897094726562, 27.283397674560547, 67.45062255859375)
(179.6634521484375, 95.1983871459961, 26.22395133972168, 64.83143615722656)
(188.5884552001953, 95.89527130126953, 26.748430252075195, 66.12806701660156)
(195.59280395507812, 96.18402099609375, 27.829063415527344, 68.79962921142578)
(202.78367614746094, 98.21650695800781, 27.283395767211914, 67.45061492919922)
(207.15011596679688, 100.87519836425781, 26.748428344726562, 66.12805938720703)
(210.8862762451172, 102.52969360351562, 27.82906150817871, 68.79962921142578)
(214.27903747558594, 105.09947967529297, 28.385643005371094, 70.17561340332031)
(215.53053283691406, 109.264404296875, 27.829059600830078, 68.79962158203125)
(214.89877319335938, 114.13129425048828, 27.28339195251465, 67.45060729980469)
(210.58383178710938, 117.83602142333984, 27.28339195251465, 67.45060729980469)
(203.97213745117188, 122.39906311035156, 26.22394561767578, 64.8314208984375)
(197.06658935546875, 124.60890197753906, 26.748424530029297, 66.12804412841797)
(191.08827209472656, 125.67384338378906, 26.748424530029297, 66.12804412841797)
(184.11599731445312, 126.65524291992188, 26.748424530029297, 66.12804412841797)
(176.85440063476562, 126.33513641357422, 27.28339195251465, 67.45060729980469)
(169.0546417236328, 125.8043212890625, 26.22394561767578, 64.8314208984375)
(158.95654296875, 125.23065185546875, 26.22394561767578, 64.8314208984375)
(148.64410400390625, 123.19926452636719, 26.22394561767578, 64.8314208984375)
(140.55068969726562, 119.91291809082031, 26.22394561767578, 64.8314208984375)
(131.44822692871094, 115.77296447753906, 25.70975112915039, 63.56021499633789)
(120.80206298828125, 110.75901794433594, 25.70975112915039, 63.56021499633789)
(110.7509994506836, 105.44880676269531, 25.70975112915039, 63.56021499633789)
(100.99496459960938, 99.51254272460938, 25.70975112915039, 63.56021499633789)
(92.82917022705078, 93.35987091064453, 25.70975112915039, 63.56021499633789)
(85.63870239257812, 86.32557678222656, 25.70975112915039, 63.56021499633789)
(79.08931732177734, 80.27912902832031, 25.205636978149414, 62.313934326171875)
(73.28303527832031, 73.43839263916016, 25.709747314453125, 63.560211181640625)
(69.52723693847656, 67.34230041503906, 24.711408615112305, 61.09209442138672)
(68.90723419189453, 60.76527404785156, 25.709747314453125, 63.560211181640625)
(69.70330047607422, 54.00392532348633, 26.223941802978516, 64.83141326904297)
(73.27293395996094, 48.71957778930664, 26.74842071533203, 66.12804412841797)
(77.56190490722656, 43.98408889770508, 27.283390045166016, 67.45059967041016)
(81.86605834960938, 38.92886734008789, 27.283390045166016, 67.45059967041016)
(87.86876678466797, 34.42477035522461, 27.283390045166016, 67.45059967041016)
(93.60511779785156, 30.278522491455078, 27.283390045166016, 67.45059967041016)
(98.94691467285156, 28.32567596435547, 26.223941802978516, 64.83141326904297)
(102.10835266113281, 25.295536041259766, 27.829055786132812, 68.79960632324219)
(106.0577392578125, 22.428665161132812, 28.95334815979004, 71.57910919189453)
(111.02239990234375, 22.624088287353516, 28.385635375976562, 70.17559814453125)
(114.31278228759766, 23.45346450805664, 28.95334815979004, 71.57910919189453)
(117.89530944824219, 25.739948272705078, 29.53241539001465, 73.01069641113281)
(121.94983673095703, 30.61612319946289, 28.385637283325195, 70.17560577392578)
(125.72748565673828, 34.66162872314453, 28.953350067138672, 71.57911682128906)
(129.6343536376953, 38.657623291015625, 29.53241729736328, 73.01069641113281)
(134.26220703125, 44.493839263916016, 27.829057693481445, 68.79961395263672)
(137.6968536376953, 48.91059494018555, 28.385637283325195, 70.17560577392578)
(141.60128784179688, 52.74056625366211, 28.385637283325195, 70.17560577392578)
(144.65289306640625, 54.2530517578125, 28.953350067138672, 71.57911682128906)
(148.57398986816406, 57.12409591674805, 27.283390045166016, 67.45059967041016)
(150.11099243164062, 59.25410842895508, 27.283390045166016, 67.45059967041016)
(153.60406494140625, 60.17917251586914, 27.283390045166016, 67.45059967041016)
(155.32467651367188, 60.69783020019531, 27.829055786132812, 68.79960632324219)
(158.06520080566406, 62.549922943115234, 27.28338623046875, 67.45059967041016)
(159.0763397216797, 63.28964614868164, 27.28338623046875, 67.45059967041016)
