(65, 65, 70, 270)
(67.39232635498047, 64.67233276367188, 70.0, 270.0)
(71.26961517333984, 65.66770935058594, 70.0, 270.0)
(73.68602752685547, 65.17488098144531, 70.0, 270.0)
(78.16400146484375, 67.76118469238281, 68.62744903564453, 264.70587158203125)
(79.36571502685547, 64.60746765136719, 70.0, 270.0)
(83.27255249023438, 67.40278625488281, 68.62744903564453, 264.70587158203125)
(86.62214660644531, 67.24822998046875, 68.62744903564453, 264.70587158203125)
(90.78926086425781, 69.78828430175781, 67.28181457519531, 259.51556396484375)
(91.871337890625, 69.11807250976562, 67.28181457519531, 259.51556396484375)
(95.87798309326172, 69.968017578125, 67.28181457519531, 259.51556396484375)
(98.76923370361328, 69.62825012207031, 67.28181457519531, 259.51556396484375)
(102.56161499023438, 71.72771453857422, 65.96256256103516, 254.42701721191406)
(105.5393295288086, 69.84259033203125, 67.28181457519531, 259.51556396484375)
(108.13713073730469, 72.15665435791016, 65.96256256103516, 254.42701721191406)
(111.18734741210938, 71.99720001220703, 65.96256256103516, 254.42701721191406)
(114.32020568847656, 74.40348815917969, 64.66918182373047, 249.43826293945312)
(117.01861572265625, 73.99484252929688, 64.66918182373047, 249.43826293945312)
(119.24272155761719, 74.477294921875, 64.66918182373047, 249.43826293945312)
(122.38192749023438, 74.23355102539062, 64.66918182373047, 249.43826293945312)
(124.70686340332031, 74.83262634277344, 64.66918182373047, 249.43826293945312)
(127.70021057128906, 77.02046966552734, 63.401153564453125, 244.5473175048828)
(130.71487426757812, 76.7697982788086, 63.401153564453125, 244.5473175048828)
(132.9016571044922, 76.7068862915039, 63.401153564453125, 244.5473175048828)
(135.4176483154297, 76.89095306396484, 63.401153564453125, 244.5473175048828)
(137.6373748779297, 76.52701568603516, 63.401153564453125, 244.5473175048828)
(140.1319580078125, 76.48746490478516, 63.401153564453125, 244.5473175048828)
(143.05447387695312, 76.37093353271484, 63.401153564453125, 244.5473175048828)
(145.5662841796875, 76.08216094970703, 63.401153564453125, 244.5473175048828)
(148.06993103027344, 78.36587524414062, 62.15799331665039, 239.75225830078125)
(150.76849365234375, 78.38453674316406, 62.15799331665039, 239.75225830078125)
(154.1347198486328, 78.38296508789062, 62.15799331665039, 239.75225830078125)
(155.59141540527344, 78.11122131347656, 62.15799331665039, 239.75225830078125)
(159.29315185546875, 80.883544921875, 60.939212799072266, 235.05123901367188)
(161.6821746826172, 79.81996154785156, 60.939212799072266, 235.05123901367188)
(163.61500549316406, 78.95094299316406, 60.939212799072266, 235.05123901367188)
(165.91683959960938, 78.82286071777344, 60.939212799072266, 235.05123901367188)
(169.0786895751953, 78.39292907714844, 60.939212799072266, 235.05123901367188)
(171.83197021484375, 80.81392669677734, 59.74432373046875, 230.44239807128906)
(174.5063934326172, 79.99481964111328, 59.74432373046875, 230.44239807128906)
(176.28700256347656, 79.98889923095703, 59.74432373046875, 230.44239807128906)
(178.26773071289062, 79.81993865966797, 59.74432373046875, 230.44239807128906)
(180.6223907470703, 80.01302337646484, 59.74432373046875, 230.44239807128906)
(182.98265075683594, 80.25150299072266, 59.74432373046875, 230.44239807128906)
(185.84988403320312, 82.63540649414062, 58.57286834716797, 225.92391967773438)
(186.9458770751953, 82.35360717773438, 58.57286834716797, 225.92391967773438)
(188.8822021484375, 81.81692504882812, 58.57286834716797, 225.92391967773438)
(190.70802307128906, 81.68142700195312, 58.57286834716797, 225.92391967773438)
(193.87405395507812, 83.88092041015625, 57.424381256103516, 221.49404907226562)
(195.00140380859375, 82.9661865234375, 57.424381256103516, 221.49404907226562)
(197.02346801757812, 82.89762878417969, 57.424381256103516, 221.49404907226562)
(198.8611297607422, 82.82704162597656, 57.424381256103516, 221.49404907226562)
(200.34527587890625, 82.68280029296875, 57.424381256103516, 221.49404907226562)
(201.84820556640625, 82.38111877441406, 57.424381256103516, 221.49404907226562)
(203.85557556152344, 81.86245727539062, 57.424381256103516, 221.49404907226562)
(205.61248779296875, 82.07334899902344, 57.424381256103516, 221.49404907226562)
(207.18740844726562, 82.20564270019531, 57.424381256103516, 221.49404907226562)
(209.5195770263672, 83.89643859863281, 56.29841232299805, 217.15103149414062)
(211.24172973632812, 83.62770080566406, 56.29841232299805, 217.15103149414062)
(212.80563354492188, 83.44009399414062, 56.29841232299805, 217.15103149414062)
(214.5115203857422, 82.79335021972656, 56.29841232299805, 217.15103149414062)
(215.91744995117188, 83.07688903808594, 56.29841232299805, 217.15103149414062)
(217.50302124023438, 85.54784393310547, 55.19452667236328, 212.89317321777344)
(218.66380310058594, 85.5693588256836, 55.19452667236328, 212.89317321777344)
(220.66998291015625, 86.47723388671875, 54.11227798461914, 208.71878051757812)
(221.85720825195312, 86.40385437011719, 54.11227798461914, 208.71878051757812)
(222.69302368164062, 84.57540893554688, 55.19451904296875, 212.89315795898438)
(225.12107849121094, 85.94864654541016, 54.112274169921875, 208.71876525878906)
(225.58505249023438, 85.57755279541016, 54.112274169921875, 208.71876525878906)
(227.43333435058594, 85.60474395751953, 54.112274169921875, 208.71876525878906)
(228.10385131835938, 85.19181060791016, 54.112274169921875, 208.71876525878906)
(229.84324645996094, 86.56084442138672, 53.051246643066406, 204.62623596191406)
(231.7059783935547, 86.5147476196289, 53.051246643066406, 204.62623596191406)
(232.6717987060547, 86.36986541748047, 53.051246643066406, 204.62623596191406)
(233.8357696533203, 86.08988189697266, 53.051246643066406, 204.62623596191406)
(236.1415557861328, 87.17296600341797, 52.01102828979492, 200.6139678955078)
(237.9014129638672, 87.18035125732422, 52.01102828979492, 200.6139678955078)
(240.3510284423828, 87.0409927368164, 52.01102828979492, 200.6139678955078)
(240.40904235839844, 84.96280670166016, 53.051246643066406, 204.62623596191406)
(242.48402404785156, 86.15914154052734, 52.01102828979492, 200.6139678955078)
(243.1808319091797, 86.59293365478516, 52.01102828979492, 200.6139678955078)
(244.59776306152344, 87.0157241821289, 52.01102828979492, 200.6139678955078)
(247.27330017089844, 86.47940826416016, 52.01102828979492, 200.6139678955078)
(246.94435119628906, 86.76911163330078, 52.01102828979492, 200.6139678955078)
(250.4871063232422, 85.8238296508789, 52.01102828979492, 200.6139678955078)
(249.7075958251953, 85.64128875732422, 52.01102828979492, 200.6139678955078)
(251.19435119628906, 86.06043243408203, 52.01102828979492, 200.6139678955078)
(251.610595703125, 87.56259155273438, 50.99120330810547, 196.68035888671875)
(252.265380859375, 87.38287353515625, 50.99120330810547, 196.68035888671875)
(254.48446655273438, 87.2208251953125, 50.99120330810547, 196.68035888671875)
(255.3321533203125, 86.92153930664062, 50.99120330810547, 196.68035888671875)
(256.3548889160156, 88.54226684570312, 49.99137878417969, 192.82388305664062)
(256.25970458984375, 86.98951721191406, 50.99120330810547, 196.68035888671875)
(258.46966552734375, 88.55068969726562, 49.99137878417969, 192.82388305664062)
(259.2187194824219, 88.86090087890625, 49.99137878417969, 192.82388305664062)
(260.44384765625, 90.24333190917969, 49.01115417480469, 189.04302978515625)
(261.4620666503906, 88.61283874511719, 49.99137878417969, 192.82388305664062)
(262.8435363769531, 89.83564758300781, 49.01115417480469, 189.04302978515625)
(263.53814697265625, 90.0423583984375, 49.01115417480469, 189.04302978515625)
(264.1226501464844, 89.9478759765625, 49.01115417480469, 189.04302978515625)
(266.2880859375, 92.09791564941406, 48.05015182495117, 185.3363037109375)
(266.53369140625, 91.94963073730469, 48.05015182495117, 185.3363037109375)
(267.5668029785156, 90.03225708007812, 49.01115417480469, 189.04302978515625)
(268.50152587890625, 89.78395080566406, 49.01115417480469, 189.04302978515625)
(269.9947814941406, 91.12881469726562, 48.05015182495117, 185.3363037109375)
(271.0336608886719, 91.36631774902344, 48.05015182495117, 185.3363037109375)
(272.7626647949219, 92.3007583618164, 47.10799026489258, 181.70225524902344)
(273.8907470703125, 92.36295318603516, 47.10799026489258, 181.70225524902344)
(275.0412292480469, 92.3730697631836, 47.10799026489258, 181.70225524902344)
(276.5110778808594, 93.794189453125, 46.18430709838867, 178.13946533203125)
(276.6070861816406, 92.35941314697266, 47.10799026489258, 181.70225524902344)
(277.8482971191406, 93.31442260742188, 46.18430709838867, 178.13946533203125)
(278.9538269042969, 93.17501831054688, 46.18430709838867, 178.13946533203125)
(278.9990539550781, 93.09275817871094, 46.18430709838867, 178.13946533203125)
(279.924072265625, 94.59558868408203, 45.27873229980469, 174.6465301513672)
(281.1326904296875, 93.45675659179688, 46.18430709838867, 178.13946533203125)
(280.7153625488281, 92.24391174316406, 46.18430709838867, 178.13946533203125)
(282.2374572753906, 93.05294036865234, 45.27873229980469, 174.6465301513672)
(282.96453857421875, 92.54923248291016, 45.27873229980469, 174.6465301513672)
(282.8155212402344, 92.33763885498047, 45.27873229980469, 174.6465301513672)
(283.487060546875, 91.81002044677734, 45.27873229980469, 174.6465301513672)
(283.89691162109375, 92.79942321777344, 44.39091491699219, 171.22210693359375)
(284.3521728515625, 93.92828369140625, 43.520503997802734, 167.86480712890625)
(284.5242614746094, 92.60009765625, 44.39091491699219, 171.22210693359375)
(285.89642333984375, 93.24632263183594, 43.520503997802734, 167.86480712890625)
(286.00390625, 94.66024780273438, 42.66716003417969, 164.57333374023438)
(285.5686340332031, 93.30634307861328, 43.52050018310547, 167.8647918701172)
(286.12579345703125, 92.01692962646484, 43.52050018310547, 167.8647918701172)
(286.4994812011719, 91.98686981201172, 43.52050018310547, 167.8647918701172)
(287.0421142578125, 93.6922378540039, 42.66715621948242, 164.5733184814453)
(287.3758850097656, 93.5573959350586, 42.66715621948242, 164.5733184814453)
(287.7130432128906, 93.27143096923828, 42.66715621948242, 164.5733184814453)
(287.8137512207031, 92.99382781982422, 42.66715621948242, 164.5733184814453)
(287.4964904785156, 90.54188537597656, 43.5204963684082, 167.86477661132812)
(287.20025634765625, 90.20687866210938, 43.5204963684082, 167.86477661132812)
(289.6897888183594, 89.31272888183594, 43.5204963684082, 167.86477661132812)
(288.97540283203125, 89.81147766113281, 43.5204963684082, 167.86477661132812)
(291.5520324707031, 89.850341796875, 43.5204963684082, 167.86477661132812)
(290.76214599609375, 90.45561218261719, 43.5204963684082, 167.86477661132812)
(293.07244873046875, 89.75144958496094, 43.5204963684082, 167.86477661132812)
(293.06475830078125, 89.76863098144531, 43.5204963684082, 167.86477661132812)
(294.953369140625, 91.14175415039062, 42.667152404785156, 164.57330322265625)
(295.3674621582031, 91.35496520996094, 42.667152404785156, 164.57330322265625)
(297.2510986328125, 91.18278503417969, 42.667152404785156, 164.57330322265625)
(297.92303466796875, 91.1622314453125, 42.667152404785156, 164.57330322265625)
(298.8549499511719, 91.21304321289062, 42.667152404785156, 164.57330322265625)
(300.3174743652344, 91.61387634277344, 42.667152404785156, 164.57330322265625)
(302.9195861816406, 93.77301025390625, 41.830543518066406, 161.34637451171875)
(303.6986999511719, 93.16259765625, 41.830543518066406, 161.34637451171875)
(304.9467468261719, 92.9862060546875, 41.830543518066406, 161.34637451171875)
(306.31866455078125, 92.81576538085938, 41.830543518066406, 161.34637451171875)
(307.045166015625, 92.30757141113281, 41.830543518066406, 161.34637451171875)
(308.8525390625, 94.52875518798828, 41.01033401489258, 158.18272399902344)
(309.6598815917969, 94.2585678100586, 41.01033401489258, 158.18272399902344)
(310.7005615234375, 95.73438262939453, 40.20621109008789, 155.0811004638672)
(311.6385192871094, 95.91150665283203, 40.20621109008789, 155.0811004638672)
(312.26812744140625, 95.89000701904297, 40.20621109008789, 155.0811004638672)
(312.529541015625, 95.8030776977539, 40.20621109008789, 155.0811004638672)
(313.23590087890625, 95.6623306274414, 40.20621109008789, 155.0811004638672)
(313.46380615234375, 95.6119613647461, 40.20621109008789, 155.0811004638672)
(313.93292236328125, 95.27652740478516, 40.20621109008789, 155.0811004638672)
(314.50738525390625, 97.25006866455078, 39.41785430908203, 152.04029846191406)
(314.573486328125, 96.0191879272461, 39.41785430908203, 152.04029846191406)
(314.8062438964844, 95.0881118774414, 39.41785430908203, 152.04029846191406)
(315.31402587890625, 94.69994354248047, 39.41785430908203, 152.04029846191406)
(315.4635314941406, 95.07355499267578, 39.41785430908203, 152.04029846191406)
(315.9494934082031, 94.35364532470703, 39.41785430908203, 152.04029846191406)
(316.7589111328125, 94.24893951416016, 39.41785430908203, 152.04029846191406)
(317.5606994628906, 95.63084411621094, 38.644954681396484, 149.05911254882812)
(318.4440612792969, 95.51377868652344, 38.644954681396484, 149.05911254882812)
(318.98065185546875, 95.233154296875, 38.644954681396484, 149.05911254882812)
(319.5406188964844, 97.1988525390625, 37.887210845947266, 146.13638305664062)
(320.5177307128906, 96.61746215820312, 37.887210845947266, 146.13638305664062)
(320.93475341796875, 96.33908081054688, 37.887210845947266, 146.13638305664062)
(321.9211120605469, 96.00637817382812, 37.887210845947266, 146.13638305664062)
(322.5863037109375, 95.5594482421875, 37.887210845947266, 146.13638305664062)
(322.6602478027344, 95.64218139648438, 37.887210845947266, 146.13638305664062)
(323.5439147949219, 95.71516418457031, 37.887210845947266, 146.13638305664062)
(324.5220031738281, 96.9342041015625, 37.144325256347656, 143.27096557617188)
(325.2091064453125, 96.84976196289062, 37.144325256347656, 143.27096557617188)
(326.9394226074219, 97.9381103515625, 36.4160041809082, 140.46173095703125)
(327.0656433105469, 97.52598571777344, 36.4160041809082, 140.46173095703125)
(327.59307861328125, 97.60066223144531, 36.4160041809082, 140.46173095703125)
(328.7635803222656, 97.43589782714844, 36.4160041809082, 140.46173095703125)
(329.55035400390625, 97.3389892578125, 36.4160041809082, 140.46173095703125)
(329.7320556640625, 97.27273559570312, 36.4160041809082, 140.46173095703125)
(330.6265563964844, 97.08351135253906, 36.4160041809082, 140.46173095703125)
(330.9953918457031, 97.10261535644531, 36.4160041809082, 140.46173095703125)
(331.3885192871094, 98.57101440429688, 35.70196533203125, 137.70758056640625)
(332.04376220703125, 98.48175048828125, 35.70196533203125, 137.70758056640625)
(333.108642578125, 98.45590209960938, 35.70196533203125, 137.70758056640625)
(333.7409973144531, 98.55317687988281, 35.70196533203125, 137.70758056640625)
(333.8883361816406, 98.79524230957031, 35.70196533203125, 137.70758056640625)
(334.8470153808594, 100.39165496826172, 35.00192642211914, 135.00743103027344)
(334.75848388671875, 100.27652740478516, 35.00192642211914, 135.00743103027344)
(335.10369873046875, 100.15752410888672, 35.00192642211914, 135.00743103027344)
(335.89337158203125, 100.0314712524414, 35.00192642211914, 135.00743103027344)
(336.29364013671875, 99.8863754272461, 35.00192642211914, 135.00743103027344)
(337.5645751953125, 101.08314514160156, 34.315616607666016, 132.3602294921875)
(337.81304931640625, 100.77279663085938, 34.315616607666016, 132.3602294921875)
(338.50408935546875, 101.25454711914062, 34.315616607666016, 132.3602294921875)
(338.4758605957031, 100.92300415039062, 34.315616607666016, 132.3602294921875)
(339.2792053222656, 101.7550277709961, 33.64276123046875, 129.7649383544922)
(339.11529541015625, 102.17504119873047, 33.64276123046875, 129.7649383544922)
(340.3438720703125, 101.46839141845703, 33.64276123046875, 129.7649383544922)
(339.9903869628906, 101.84300994873047, 33.64276123046875, 129.7649383544922)
(340.8169860839844, 101.83866119384766, 33.64276123046875, 129.7649383544922)
(340.93572998046875, 101.95337677001953, 33.64276123046875, 129.7649383544922)
(341.3280029296875, 101.86969757080078, 33.64276123046875, 129.7649383544922)
(340.99969482421875, 102.00028228759766, 33.64276123046875, 129.7649383544922)
(342.0835876464844, 102.78289794921875, 32.98310089111328, 127.22052764892578)
(342.71063232421875, 102.41664123535156, 32.98310089111328, 127.22052764892578)
(342.6696472167969, 102.00669860839844, 32.98310089111328, 127.22052764892578)
(342.7969665527344, 102.34344482421875, 32.98310089111328, 127.22052764892578)
(343.3475341796875, 103.78652954101562, 32.33637237548828, 124.72601318359375)
(343.6911926269531, 103.01847839355469, 32.33637237548828, 124.72601318359375)
(344.19195556640625, 102.85981750488281, 32.33637237548828, 124.72601318359375)
(344.0846862792969, 102.62516784667969, 32.33637237548828, 124.72601318359375)
(344.4671630859375, 104.18357849121094, 31.70232582092285, 122.2803955078125)
(344.29931640625, 102.932861328125, 31.70232582092285, 122.2803955078125)
(343.8639831542969, 101.17561340332031, 32.33637237548828, 124.72600555419922)
(344.4400329589844, 102.93524169921875, 31.70232391357422, 122.28038787841797)
(344.4866027832031, 101.89830017089844, 31.70232391357422, 122.28038787841797)
(344.30364990234375, 100.44864654541016, 32.336368560791016, 124.72599792480469)
(345.5565185546875, 104.02140045166016, 31.08070945739746, 119.88273620605469)
(345.7229919433594, 104.07498931884766, 31.08070945739746, 119.88273620605469)
(345.8426208496094, 103.2014389038086, 31.08070945739746, 119.88273620605469)
(346.05120849609375, 103.01862335205078, 31.08070945739746, 119.88273620605469)
(346.2659912109375, 103.4224624633789, 31.08070945739746, 119.88273620605469)
(346.5204162597656, 102.95575714111328, 31.08070945739746, 119.88273620605469)
(346.5140380859375, 104.37421417236328, 30.471282958984375, 117.53208923339844)
(346.1688232421875, 101.90730285644531, 31.080707550048828, 119.88272857666016)
(346.85595703125, 104.06739807128906, 30.471281051635742, 117.5320816040039)
(346.4833068847656, 103.8988037109375, 30.471281051635742, 117.5320816040039)
(346.8359680175781, 103.93928527832031, 30.471281051635742, 117.5320816040039)
(346.6105041503906, 104.02635192871094, 30.471281051635742, 117.5320816040039)
(347.4561462402344, 105.15788269042969, 29.873804092407227, 115.22753143310547)
(347.5805969238281, 105.093505859375, 29.873804092407227, 115.22753143310547)
(347.6487731933594, 104.84556579589844, 29.873804092407227, 115.22753143310547)
(347.6675109863281, 104.57781982421875, 29.873804092407227, 115.22753143310547)
(347.6825866699219, 104.24591064453125, 29.873804092407227, 115.22753143310547)
(347.6614074707031, 104.69355773925781, 29.873804092407227, 115.22753143310547)
(347.9530029296875, 105.58087158203125, 29.288043975830078, 112.9681625366211)
(347.6474304199219, 104.76675415039062, 29.288043975830078, 112.9681625366211)
(347.4109191894531, 104.93850708007812, 29.288043975830078, 112.9681625366211)
(347.50091552734375, 106.35725402832031, 28.713768005371094, 110.75310516357422)
(348.07379150390625, 105.77772521972656, 29.288043975830078, 112.9681625366211)
(347.8456115722656, 105.46147155761719, 29.288043975830078, 112.9681625366211)
(347.8836975097656, 107.28059387207031, 28.713768005371094, 110.75310516357422)
(347.9381103515625, 107.30274963378906, 28.713768005371094, 110.75310516357422)
(347.8941955566406, 107.43205261230469, 28.713768005371094, 110.75310516357422)
(348.0133972167969, 108.83151245117188, 28.150753021240234, 108.58147430419922)
(347.8306884765625, 108.28871154785156, 28.150753021240234, 108.58147430419922)
(348.2353515625, 108.74880981445312, 28.150753021240234, 108.58147430419922)
(348.03656005859375, 108.53872680664062, 28.150753021240234, 108.58147430419922)
(348.1058654785156, 110.22673034667969, 27.598777770996094, 106.45242309570312)
(348.1678161621094, 109.57630920410156, 27.598777770996094, 106.45242309570312)
(348.21356201171875, 109.76530456542969, 27.598777770996094, 106.45242309570312)
(347.6436767578125, 110.101806640625, 27.598777770996094, 106.45242309570312)
(347.6897888183594, 109.58163452148438, 27.598777770996094, 106.45242309570312)
(347.76556396484375, 109.89093017578125, 27.598777770996094, 106.45242309570312)
(348.103515625, 110.54661560058594, 27.05762481689453, 104.36511993408203)
(348.5386657714844, 110.95310974121094, 27.05762481689453, 104.36511993408203)
(348.3785400390625, 110.7059326171875, 27.05762481689453, 104.36511993408203)
(348.97515869140625, 111.11300659179688, 27.05762481689453, 104.36511993408203)
(348.8372497558594, 110.81332397460938, 27.05762481689453, 104.36511993408203)
(348.8014831542969, 111.25669860839844, 27.05762481689453, 104.36511993408203)
(348.8774108886719, 110.9144287109375, 27.05762481689453, 104.36511993408203)
(349.3678283691406, 111.56869506835938, 26.527082443237305, 102.3187484741211)
(349.6767272949219, 111.77066040039062, 26.527082443237305, 102.3187484741211)
(349.8205261230469, 110.87705993652344, 27.0576229095459, 104.3651123046875)
(349.9236755371094, 111.20075988769531, 26.527080535888672, 102.31873321533203)
(349.8184509277344, 111.18414306640625, 26.527080535888672, 102.31873321533203)
(349.70135498046875, 111.08004760742188, 26.527080535888672, 102.31873321533203)
(350.5899658203125, 111.82025909423828, 26.006940841674805, 100.31248474121094)
(350.51617431640625, 112.15348052978516, 26.006940841674805, 100.31248474121094)
(350.56842041015625, 111.63542938232422, 26.006940841674805, 100.31248474121094)
(350.398193359375, 110.88311767578125, 26.527080535888672, 102.31873321533203)
(350.84405517578125, 111.32032012939453, 26.006940841674805, 100.31248474121094)
(351.04351806640625, 111.37816619873047, 26.006940841674805, 100.31248474121094)
(350.53704833984375, 111.5997085571289, 26.006940841674805, 100.31248474121094)
(350.7808532714844, 111.55657196044922, 26.006940841674805, 100.31248474121094)
(351.1789855957031, 111.3789291381836, 26.006940841674805, 100.31248474121094)
(350.87127685546875, 111.35350799560547, 26.006940841674805, 100.31248474121094)
(351.3727722167969, 111.06938934326172, 26.006940841674805, 100.31248474121094)
(351.49139404296875, 111.81877136230469, 25.49700164794922, 98.3455810546875)
(350.9687805175781, 111.83663940429688, 25.49700164794922, 98.3455810546875)
(351.52716064453125, 111.50566101074219, 24.997060775756836, 96.417236328125)
(351.2453918457031, 111.949951171875, 24.997060775756836, 96.417236328125)
(351.93463134765625, 112.31253051757812, 24.50692367553711, 94.52670288085938)
(351.7969665527344, 112.44056701660156, 24.50692367553711, 94.52670288085938)
(351.661376953125, 112.52890014648438, 24.50692367553711, 94.52670288085938)
(352.13177490234375, 112.55116271972656, 24.50692367553711, 94.52670288085938)
(352.05731201171875, 112.67535400390625, 24.50692367553711, 94.52670288085938)
(352.05303955078125, 112.94970703125, 24.50692367553711, 94.52670288085938)
(352.1117858886719, 112.32760620117188, 24.50692367553711, 94.52670288085938)
(352.186767578125, 112.68354797363281, 24.50692367553711, 94.52670288085938)
(352.25604248046875, 112.99746704101562, 24.50692367553711, 94.52670288085938)
(352.66119384765625, 113.38192749023438, 24.02639389038086, 92.6732406616211)
(352.8264465332031, 113.486572265625, 24.02639389038086, 92.6732406616211)
(353.0867004394531, 113.64451599121094, 24.02639389038086, 92.6732406616211)
(352.4267883300781, 112.96119689941406, 24.506921768188477, 94.52669525146484)
(353.0751037597656, 113.31849670410156, 24.026391983032227, 92.67322540283203)
(352.7532653808594, 113.69319152832031, 24.026391983032227, 92.67322540283203)
(353.33538818359375, 113.93252563476562, 23.555286407470703, 90.85610961914062)
(353.0087890625, 114.12641906738281, 23.555286407470703, 90.85610961914062)
(353.3245544433594, 114.15322875976562, 23.555286407470703, 90.85610961914062)
(352.9053955078125, 114.16677856445312, 23.555286407470703, 90.85610961914062)
(353.13922119140625, 114.08763122558594, 23.555286407470703, 90.85610961914062)
(353.2852478027344, 113.84356689453125, 23.555286407470703, 90.85610961914062)
(352.7043151855469, 113.63600158691406, 23.555286407470703, 90.85610961914062)
(352.9943542480469, 114.20524597167969, 23.09341812133789, 89.07461547851562)
(352.93511962890625, 113.94581604003906, 23.555286407470703, 90.85610961914062)
(353.01995849609375, 114.34544372558594, 23.09341812133789, 89.07461547851562)
(352.812255859375, 114.00778198242188, 23.555286407470703, 90.85610961914062)
(352.6186828613281, 114.27857971191406, 23.09341812133789, 89.07461547851562)
(352.27362060546875, 113.83839416503906, 23.555286407470703, 90.85610961914062)
(352.1925048828125, 114.88645935058594, 22.640607833862305, 87.32805633544922)
(352.4447021484375, 114.986328125, 22.640607833862305, 87.32805633544922)
(352.65509033203125, 115.05500793457031, 22.640607833862305, 87.32805633544922)
(352.7566833496094, 115.09226989746094, 22.640607833862305, 87.32805633544922)
(352.0701599121094, 115.14907836914062, 22.640607833862305, 87.32805633544922)
(352.06005859375, 115.15617370605469, 22.640607833862305, 87.32805633544922)
(351.9661865234375, 115.16786193847656, 22.640607833862305, 87.32805633544922)
(351.79229736328125, 115.14984130859375, 22.640607833862305, 87.32805633544922)
(351.60467529296875, 115.11293029785156, 22.640607833862305, 87.32805633544922)
(351.9145812988281, 115.05152893066406, 22.640607833862305, 87.32805633544922)
(351.6198425292969, 115.04981994628906, 22.640607833862305, 87.32805633544922)
(351.8751220703125, 114.9686279296875, 22.640607833862305, 87.32805633544922)
(351.7066345214844, 115.82459259033203, 22.196674346923828, 85.61573791503906)
(351.8520812988281, 115.56563568115234, 22.196674346923828, 85.61573791503906)
(351.99261474609375, 115.3172836303711, 22.196674346923828, 85.61573791503906)
(351.707763671875, 116.01734161376953, 21.761444091796875, 83.93699645996094)
(351.78582763671875, 116.42926788330078, 21.761444091796875, 83.93699645996094)
(351.8436279296875, 116.10201263427734, 21.761444091796875, 83.93699645996094)
(352.067626953125, 116.69050598144531, 21.334749221801758, 82.29117584228516)
(351.95611572265625, 117.61959838867188, 20.916419982910156, 80.67761993408203)
(351.5855712890625, 117.58212280273438, 20.916419982910156, 80.67761993408203)
(351.20172119140625, 117.64942932128906, 20.916419982910156, 80.67761993408203)
(351.47406005859375, 117.64463806152344, 20.916419982910156, 80.67761993408203)
(351.56231689453125, 116.8841552734375, 21.334749221801758, 82.29117584228516)
(351.5188293457031, 117.18373107910156, 20.916419982910156, 80.67761993408203)
(351.89410400390625, 117.23728942871094, 20.916419982910156, 80.67761993408203)
(351.6501770019531, 117.38377380371094, 20.916419982910156, 80.67761993408203)
(351.46539306640625, 117.52330017089844, 20.916419982910156, 80.67761993408203)
(352.17791748046875, 118.35566711425781, 20.506296157836914, 79.09571075439453)
(352.1011047363281, 117.96931457519531, 20.916419982910156, 80.67761993408203)
(352.2607116699219, 118.06491088867188, 20.506296157836914, 79.09571075439453)
(352.66229248046875, 118.48843383789062, 20.506296157836914, 79.09571075439453)
(353.3575744628906, 119.01551055908203, 20.104211807250977, 77.54481506347656)
(352.742919921875, 118.45462036132812, 20.50629425048828, 79.095703125)
