(65, 65, 70, 270)
(67.0, 65.0, 70.0, 270.0)
(70.0, 64.0, 70.0, 270.0)
(73.0, 64.0, 70.0, 270.0)
(76.0, 64.0, 70.0, 270.0)
(79.0, 63.0, 70.0, 270.0)
(82.0, 63.0, 70.0, 270.0)
(85.0, 63.0, 70.0, 270.0)
(88.0, 63.0, 70.0, 270.0)
(91.0, 63.0, 70.0, 270.0)
(94.0, 63.0, 70.0, 270.0)
(97.0, 63.0, 70.0, 270.0)
(100.0, 63.0, 70.0, 270.0)
(103.0, 63.0, 70.0, 270.0)
(106.0, 63.0, 70.0, 270.0)
(109.0, 63.0, 70.0, 270.0)
(112.0, 63.0, 70.0, 270.0)
(114.0, 63.0, 70.0, 270.0)
(117.0, 63.0, 70.0, 270.0)
(120.0, 63.0, 70.0, 270.0)
(123.0, 63.0, 70.0, 270.0)
(125.0, 64.0, 70.0, 270.0)
(128.0, 64.0, 70.0, 270.0)
(130.0, 64.0, 70.0, 270.0)
(133.0, 64.0, 70.0, 270.0)
(135.0, 64.0, 70.0, 270.0)
(138.0, 65.0, 70.0, 270.0)
(141.0, 64.0, 70.0, 270.0)
(143.0, 64.0, 70.0, 270.0)
(145.0, 64.0, 70.0, 270.0)
(148.0, 64.0, 70.0, 270.0)
(150.0, 64.0, 70.0, 270.0)
(153.0, 64.0, 70.0, 270.0)
(156.0, 63.0, 70.0, 270.0)
(157.0, 64.0, 70.0, 270.0)
(160.0, 63.0, 70.0, 270.0)
(163.0, 63.0, 70.0, 270.0)
(165.0, 63.0, 70.0, 270.0)
(168.0, 63.0, 70.0, 270.0)
(170.0, 62.0, 70.0, 270.0)
(173.0, 62.0, 70.0, 270.0)
(175.0, 62.0, 70.0, 270.0)
(178.0, 60.0, 70.0, 270.0)
(180.0, 61.0, 70.0, 270.0)
(182.0, 62.0, 70.0, 270.0)
(184.0, 62.0, 70.0, 270.0)
(186.0, 62.0, 70.0, 270.0)
(188.0, 61.0, 70.0, 270.0)
(191.0, 61.0, 70.0, 270.0)
(193.0, 61.0, 70.0, 270.0)
(195.0, 60.0, 70.0, 270.0)
(197.0, 60.0, 70.0, 270.0)
(199.0, 60.0, 70.0, 270.0)
(201.0, 60.0, 70.0, 270.0)
(202.0, 59.0, 70.0, 270.0)
(204.0, 59.0, 70.0, 270.0)
(206.0, 59.0, 70.0, 270.0)
(208.0, 59.0, 70.0, 270.0)
(210.0, 58.0, 70.0, 270.0)
(212.0, 58.0, 70.0, 270.0)
(214.0, 58.0, 70.0, 270.0)
(216.0, 57.0, 70.0, 270.0)
(217.0, 58.0, 70.0, 270.0)
(220.0, 58.0, 70.0, 270.0)
(221.0, 59.0, 70.0, 270.0)
(222.0, 58.0, 70.0, 270.0)
(224.0, 58.0, 70.0, 270.0)
(225.0, 58.0, 70.0, 270.0)
(227.0, 57.0, 70.0, 270.0)
(228.0, 56.0, 70.0, 270.0)
(230.0, 57.0, 70.0, 270.0)
(231.0, 56.0, 70.0, 270.0)
(232.0, 56.0, 70.0, 270.0)
(234.0, 56.0, 70.0, 270.0)
(236.0, 57.0, 70.0, 270.0)
(238.0, 56.0, 70.0, 270.0)
(239.0, 56.0, 70.0, 270.0)
(241.0, 57.0, 70.0, 270.0)
(242.0, 55.0, 70.0, 270.0)
(244.0, 55.0, 70.0, 270.0)
(246.0, 55.0, 70.0, 270.0)
(247.0, 55.0, 70.0, 270.0)
(249.0, 52.0, 70.0, 270.0)
(250.0, 54.0, 70.0, 270.0)
(250.0, 52.0, 70.0, 270.0)
(252.0, 52.0, 70.0, 270.0)
(254.0, 55.0, 70.0, 270.0)
(256.0, 50.0, 70.0, 270.0)
(256.0, 53.0, 70.0, 270.0)
(257.0, 50.0, 70.0, 270.0)
(258.0, 54.0, 70.0, 270.0)
(259.0, 51.0, 70.0, 270.0)
(261.0, 50.0, 70.0, 270.0)
(262.0, 51.0, 70.0, 270.0)
(263.0, 50.0, 70.0, 270.0)
(264.0, 50.0, 70.0, 270.0)
(266.0, 49.0, 70.0, 270.0)
(267.0, 50.0, 70.0, 270.0)
(267.0, 49.0, 70.0, 270.0)
(268.0, 49.0, 70.0, 270.0)
(272.0, 47.0, 70.0, 270.0)
(272.0, 47.0, 70.0, 270.0)
(273.0, 47.0, 70.0, 270.0)
(273.0, 47.0, 70.0, 270.0)
(276.0, 46.0, 70.0, 270.0)
(276.0, 46.0, 70.0, 270.0)
(278.0, 46.0, 70.0, 270.0)
(279.0, 46.0, 70.0, 270.0)
(281.0, 45.0, 70.0, 270.0)
(279.0, 45.0, 70.0, 270.0)
(282.0, 46.0, 70.0, 270.0)
(282.0, 44.0, 70.0, 270.0)
(283.0, 44.0, 70.0, 270.0)
(285.0, 42.0, 70.0, 270.0)
(284.0, 41.0, 70.0, 270.0)
(285.0, 40.0, 70.0, 270.0)
(286.0, 38.0, 70.0, 270.0)
(286.0, 38.0, 70.0, 270.0)
(286.0, 38.0, 70.0, 270.0)
(288.0, 37.0, 70.0, 270.0)
(288.0, 37.0, 70.0, 270.0)
(289.0, 36.0, 70.0, 270.0)
(288.0, 36.0, 70.0, 270.0)
(290.0, 32.0, 70.0, 270.0)
(290.0, 32.0, 70.0, 270.0)
(291.0, 30.0, 70.0, 270.0)
(291.0, 29.0, 70.0, 270.0)
(292.0, 29.0, 70.0, 270.0)
(293.0, 28.0, 70.0, 270.0)
(294.0, 27.0, 70.0, 270.0)
(295.0, 27.0, 70.0, 270.0)
(295.0, 26.0, 70.0, 270.0)
(296.0, 26.0, 70.0, 270.0)
(297.0, 25.0, 70.0, 270.0)
(297.0, 24.0, 70.0, 270.0)
(298.0, 23.0, 70.0, 270.0)
(300.0, 23.0, 70.0, 270.0)
(300.0, 22.0, 70.0, 270.0)
(300.0, 21.0, 70.0, 270.0)
(300.0, 21.0, 70.0, 270.0)
(300.0, 21.0, 70.0, 270.0)
(302.0, 21.0, 70.0, 270.0)
(301.0, 21.0, 70.0, 270.0)
(304.0, 20.0, 70.0, 270.0)
(305.0, 20.0, 70.0, 270.0)
(306.0, 20.0, 70.0, 270.0)
(305.0, 19.0, 70.0, 270.0)
(309.0, 18.0, 70.0, 270.0)
(309.0, 17.0, 70.0, 270.0)
(310.0, 16.0, 70.0, 270.0)
(310.0, 16.0, 70.0, 270.0)
(311.0, 16.0, 70.0, 270.0)
(311.0, 16.0, 70.0, 270.0)
(312.0, 16.0, 70.0, 270.0)
(312.0, 16.0, 70.0, 270.0)
(312.0, 16.0, 70.0, 270.0)
(313.0, 14.0, 70.0, 270.0)
(312.0, 13.0, 70.0, 270.0)
(313.0, 13.0, 70.0, 270.0)
(313.0, 13.0, 70.0, 270.0)
(314.0, 14.0, 70.0, 270.0)
(313.0, 14.0, 70.0, 270.0)
(313.0, 13.0, 70.0, 270.0)
(313.0, 11.0, 70.0, 270.0)
(314.0, 12.0, 70.0, 270.0)
(313.0, 10.0, 70.0, 270.0)
(314.0, 10.0, 70.0, 270.0)
(314.0, 10.0, 70.0, 270.0)
(315.0, 10.0, 70.0, 270.0)
(316.0, 10.0, 70.0, 270.0)
(316.0, 10.0, 70.0, 270.0)
(314.0, 11.0, 70.0, 270.0)
(319.0, 10.0, 70.0, 270.0)
(316.0, 10.0, 70.0, 270.0)
(316.0, 10.0, 70.0, 270.0)
(317.0, 9.0, 70.0, 270.0)
(318.0, 9.0, 70.0, 270.0)
(319.0, 8.0, 70.0, 270.0)
(319.0, 6.0, 70.0, 270.0)
(320.0, 7.0, 70.0, 270.0)
(320.0, 7.0, 70.0, 270.0)
(321.0, 6.0, 70.0, 270.0)
(321.0, 6.0, 70.0, 270.0)
(322.0, 5.0, 70.0, 270.0)
(323.0, 5.0, 70.0, 270.0)
(324.0, 4.0, 70.0, 270.0)
(323.0, 4.0, 70.0, 270.0)
(325.0, 4.0, 70.0, 270.0)
(323.0, 7.0, 70.0, 270.0)
(326.0, 3.0, 70.0, 270.0)
(325.0, 6.0, 70.0, 270.0)
(327.0, 6.0, 70.0, 270.0)
(329.0, 6.0, 70.0, 270.0)
(328.0, 5.0, 70.0, 270.0)
(329.0, 5.0, 70.0, 270.0)
(328.0, 5.0, 70.0, 270.0)
(329.0, 5.0, 70.0, 270.0)
(331.0, 6.0, 70.0, 270.0)
(331.0, 6.0, 70.0, 270.0)
(332.0, 5.0, 70.0, 270.0)
(332.0, 5.0, 70.0, 270.0)
(331.0, 4.0, 70.0, 270.0)
(332.0, 4.0, 70.0, 270.0)
(332.0, 4.0, 70.0, 270.0)
(333.0, 5.0, 70.0, 270.0)
(332.0, 5.0, 70.0, 270.0)
(333.0, 4.0, 70.0, 270.0)
(333.0, 3.0, 70.0, 270.0)
(334.0, 2.0, 70.0, 270.0)
(334.0, 2.0, 70.0, 270.0)
(334.0, 1.0, 70.0, 270.0)
(335.0, 0.0, 70.0, 270.0)
(335.0, 0.0, 70.0, 270.0)
(335.0, 0.0, 70.0, 270.0)
(335.0, 1.0, 70.0, 270.0)
(335.0, 0.0, 70.0, 270.0)
(336.0, 0.0, 70.0, 270.0)
(337.0, 0.0, 70.0, 270.0)
(337.0, 0.0, 70.0, 270.0)
(337.0, 1.0, 70.0, 270.0)
(337.0, 0.0, 70.0, 270.0)
(337.0, 0.0, 70.0, 270.0)
(336.0, 0.0, 70.0, 270.0)
(337.0, 0.0, 70.0, 270.0)
(338.0, 1.0, 70.0, 270.0)
(338.0, 1.0, 70.0, 270.0)
(337.0, 1.0, 70.0, 270.0)
(338.0, 0.0, 70.0, 270.0)
(337.0, 0.0, 70.0, 270.0)
(338.0, 0.0, 70.0, 270.0)
(337.0, 0.0, 70.0, 270.0)
(337.0, 0.0, 70.0, 270.0)
(337.0, 0.0, 70.0, 270.0)
(338.0, 0.0, 70.0, 270.0)
(338.0, 0.0, 70.0, 270.0)
(338.0, 0.0, 70.0, 270.0)
(337.0, 0.0, 70.0, 270.0)
(336.0, 1.0, 70.0, 270.0)
(337.0, 0.0, 70.0, 270.0)
(337.0, 0.0, 70.0, 270.0)
(337.0, 0.0, 70.0, 270.0)
(336.0, 0.0, 70.0, 270.0)
(336.0, 0.0, 70.0, 270.0)
(336.0, 0.0, 70.0, 270.0)
(336.0, 0.0, 70.0, 270.0)
(337.0, 0.0, 70.0, 270.0)
(336.0, 0.0, 70.0, 270.0)
(336.0, 0.0, 70.0, 270.0)
(337.0, 1.0, 70.0, 270.0)
(337.0, 0.0, 70.0, 270.0)
(337.0, 0.0, 70.0, 270.0)
(336.0, 0.0, 70.0, 270.0)
(335.0, 0.0, 70.0, 270.0)
(337.0, 1.0, 70.0, 270.0)
(337.0, 1.0, 70.0, 270.0)
(336.0, 2.0, 70.0, 270.0)
(337.0, 1.0, 70.0, 270.0)
(337.0, 1.0, 70.0, 270.0)
(337.0, 0.0, 70.0, 270.0)
(338.0, 1.0, 70.0, 270.0)
(338.0, 2.0, 70.0, 270.0)
(338.0, 1.0, 70.0, 270.0)
(338.0, 1.0, 70.0, 270.0)
(337.0, 0.0, 70.0, 270.0)
(339.0, 0.0, 70.0, 270.0)
(338.0, 0.0, 70.0, 270.0)
(338.0, 0.0, 70.0, 270.0)
(338.0, 0.0, 70.0, 270.0)
(339.0, 0.0, 70.0, 270.0)
(339.0, 0.0, 70.0, 270.0)
(339.0, 0.0, 70.0, 270.0)
(339.0, 0.0, 70.0, 270.0)
(339.0, 0.0, 70.0, 270.0)
(339.0, 0.0, 70.0, 270.0)
(339.0, 0.0, 70.0, 270.0)
(339.0, 0.0, 70.0, 270.0)
(340.0, 0.0, 70.0, 270.0)
(340.0, 0.0, 70.0, 270.0)
(340.0, 0.0, 70.0, 270.0)
(340.0, 0.0, 70.0, 270.0)
(340.0, 0.0, 70.0, 270.0)
(341.0, 0.0, 70.0, 270.0)
(341.0, 0.0, 70.0, 270.0)
(340.0, 0.0, 70.0, 270.0)
(341.0, 0.0, 70.0, 270.0)
(343.0, 0.0, 70.0, 270.0)
(343.0, 0.0, 70.0, 270.0)
(343.0, 0.0, 70.0, 270.0)
(343.0, 0.0, 70.0, 270.0)
(343.0, 0.0, 70.0, 270.0)
(343.0, 0.0, 70.0, 270.0)
(343.0, 0.0, 70.0, 270.0)
(342.0, 0.0, 70.0, 270.0)
(342.0, 0.0, 70.0, 270.0)
(342.0, 0.0, 70.0, 270.0)
(341.0, 0.0, 70.0, 270.0)
(342.0, 0.0, 70.0, 270.0)
(342.0, 0.0, 70.0, 270.0)
(342.0, 0.0, 70.0, 270.0)
(342.0, 0.0, 70.0, 270.0)
(342.0, 0.0, 70.0, 270.0)
(342.0, 0.0, 70.0, 270.0)
(342.0, 0.0, 70.0, 270.0)
(342.0, 0.0, 70.0, 270.0)
(342.0, 0.0, 70.0, 270.0)
(344.0, 0.0, 70.0, 270.0)
(341.0, 0.0, 70.0, 270.0)
(341.0, 0.0, 70.0, 270.0)
(341.0, 0.0, 70.0, 270.0)
(341.0, 0.0, 70.0, 270.0)
(340.0, 0.0, 70.0, 270.0)
(340.0, 0.0, 70.0, 270.0)
(340.0, 0.0, 70.0, 270.0)
(339.0, 0.0, 70.0, 270.0)
(339.0, 0.0, 70.0, 270.0)
(338.0, 0.0, 70.0, 270.0)
(338.0, 0.0, 70.0, 270.0)
(337.0, 0.0, 70.0, 270.0)
(336.0, 0.0, 70.0, 270.0)
(336.0, 0.0, 70.0, 270.0)
(336.0, 0.0, 70.0, 270.0)
(335.0, 0.0, 70.0, 270.0)
(335.0, 0.0, 70.0, 270.0)
(335.0, 0.0, 70.0, 270.0)
(334.0, 0.0, 70.0, 270.0)
(334.0, 0.0, 70.0, 270.0)
(333.0, 0.0, 70.0, 270.0)
(333.0, 0.0, 70.0, 270.0)
(332.0, 0.0, 70.0, 270.0)
(332.0, 0.0, 70.0, 270.0)
(331.0, 0.0, 70.0, 270.0)
(331.0, 1.0, 70.0, 270.0)
(331.0, 1.0, 70.0, 270.0)
(331.0, 1.0, 70.0, 270.0)
(331.0, 1.0, 70.0, 270.0)
(331.0, 1.0, 70.0, 270.0)
(331.0, 1.0, 70.0, 270.0)
(331.0, 1.0, 70.0, 270.0)
(331.0, 0.0, 70.0, 270.0)
(331.0, 0.0, 70.0, 270.0)
(331.0, 0.0, 70.0, 270.0)
(331.0, 0.0, 70.0, 270.0)
(330.0, 0.0, 70.0, 270.0)
(331.0, 0.0, 70.0, 270.0)
(331.0, 0.0, 70.0, 270.0)
(331.0, 1.0, 70.0, 270.0)
(331.0, 1.0, 70.0, 270.0)
(331.0, 1.0, 70.0, 270.0)
(331.0, 1.0, 70.0, 270.0)
(331.0, 2.0, 70.0, 270.0)
(330.0, 2.0, 70.0, 270.0)
