(77, 93, 37, 51)
(79.48799999999999, 86.39999999999999, 34.559999999999995, 46.65599999999999)
(78.79679999999999, 82.94399999999999, 41.471999999999994, 55.987199999999994)
(93.31199999999998, 100.22399999999999, 34.559999999999995, 46.65599999999999)
(99.24743980680827, 101.30716138903249, 34.4554701788639, 46.51488474146626)
(103.67999999999998, 100.22399999999999, 34.559999999999995, 46.65599999999999)
(114.04799999999999, 103.67999999999998, 34.559999999999995, 46.65599999999999)
(120.28691471030291, 103.76315154286891, 34.01498613115193, 45.9202312770551)
(128.0, 104.0, 20.0, 27.0)
(130.0, 102.0, 20.0, 27.0)
(134.54983243757727, 100.9360108207586, 20.69431095492361, 27.937319789146873)
(139.5457652343739, 101.65117820800631, 20.272055957033462, 27.367275541995177)
(145.37434101761565, 102.57931285791197, 20.343145357346838, 27.463246232418236)
(152.51543685368094, 103.57366568020363, 20.417429515294387, 27.563529845647427)
(159.46477815261306, 103.7086654108128, 20.668496673289486, 27.90247050894081)
(165.52387630643645, 103.75503040748802, 20.685432201580248, 27.92533347213334)
(171.39094213978547, 103.03297895047794, 20.54181567160097, 27.73145115666131)
(177.47720480023906, 101.78665125449265, 20.64632892491251, 27.872544048631894)
(183.2408880017153, 100.87356916364377, 20.54453014891316, 27.735115701032775)
(188.09770988967165, 100.95027192222369, 20.406035909133287, 27.548148477329946)
(192.9730894971749, 101.48219995021441, 20.236178793736162, 27.318841371543826)
(196.87539709287128, 102.78066340997096, 19.944564090624628, 26.925161522343256)
(199.71900833526544, 103.04850358354098, 19.70399687927378, 26.60039578701961)
(199.7275795439034, 102.3901269002608, 19.523036102622882, 26.356098738540897)
(198.64770351970387, 101.4153074206676, 19.399615543600067, 26.189480983860097)
(197.3841826960403, 100.48430253870227, 19.44179390967719, 26.246421778064214)
(194.04219193738865, 99.6275321592979, 19.525464147683657, 26.359376599372943)
(189.25585524860043, 98.77119994999043, 19.70174470299449, 26.597355349042566)
(183.2228201900744, 98.06865279187876, 19.774955933327753, 26.696190509992476)
(176.57096744452846, 97.23096497040149, 20.086748582622786, 27.117110586540772)
(168.57460211527714, 97.48882969217199, 20.34098436807852, 27.46032889690601)
(159.51686611197587, 98.49947251349653, 20.75717658952481, 28.022188395858503)
(149.33442795105134, 99.40668326980798, 20.967466119381676, 28.306079261165273)
(137.71512291477524, 100.67110135975123, 21.13130812552767, 28.527265969462366)
(126.29038620686107, 101.82425099352027, 21.62897490073097, 29.199116115986822)
(116.83889321413807, 101.95234073898874, 21.887368601020725, 29.547947611377992)
(110.2940941727369, 99.96670372316063, 22.116447274643388, 29.857203820768586)
(105.39666323276568, 98.25179136948269, 22.325096996382708, 30.138880945116664)
(102.24461766525685, 97.38477486372174, 22.514945577689417, 30.39517652988072)
(100.66314415171598, 97.18823929475798, 22.609044948521174, 30.52221068050359)
(100.99380502963152, 98.21871026870127, 22.558646959779928, 30.45417339570291)
(178.0, 22.0, 20.0, 27.0)
(106.0, 106.0, 20.0, 27.0)
(112.0, 106.0, 20.0, 27.0)
(118.0, 106.0, 20.0, 27.0)
(124.0, 108.0, 20.0, 27.0)
(132.0154451073413, 108.38944029615585, 20.005044233559616, 27.006809715305483)
(139.9028542163501, 108.1987623259838, 20.973237490151323, 28.31387061170429)
(149.73571400888784, 108.3029364309195, 20.93599690898211, 28.263595827125847)
(159.98483625132556, 108.37862371162839, 20.863014875278548, 28.16507008162604)
(72.0, 138.24, 28.799999999999997, 38.879999999999995)
(222.0, 22.0, 20.0, 27.0)
(220.56435551590207, 22.51678335833302, 19.964245511164624, 26.951731440072244)
(218.0, 22.0, 20.0, 27.0)
(66.24, 141.12, 28.799999999999997, 38.879999999999995)
(63.36, 141.12, 28.799999999999997, 38.879999999999995)
(62.4, 146.4, 24.0, 32.4)
(58.81958495510108, 145.93721433996018, 23.830347606887706, 32.1709692692984)
(56.376754691255606, 145.22679020084033, 23.79114622661966, 32.11804740593654)
(52.8, 144.0, 24.0, 32.4)
(51.119553122924486, 143.9554182460994, 24.150185135986966, 32.6027499335824)
(50.76688959327359, 144.09511418334122, 24.324765735327816, 32.838433742692544)
(51.46506094307918, 144.25458333364273, 24.279916871165845, 32.77788777607388)
(120.0, 108.0, 20.0, 27.0)
(104.0, 110.0, 20.0, 27.0)
(96.76799999999999, 107.13599999999998, 34.559999999999995, 46.65599999999999)
(90.0, 118.0, 20.0, 27.0)
(86.39999999999999, 114.04799999999999, 34.559999999999995, 46.65599999999999)
(82.60234156373787, 115.62051432912473, 34.64772562496565, 46.77442959370362)
(80.11615128975069, 115.66124646375864, 34.63116879501032, 46.752077873263914)
(77.75848767869758, 115.48554933151271, 34.79418888821029, 46.972154999083884)
(76.25444961605723, 115.45160597307131, 34.88557800177224, 47.095530302392504)
(75.34728397873215, 115.63393633759699, 34.81942374175443, 47.00622205136846)
(75.56401074660089, 116.1069274778819, 34.75810155367322, 46.92343709745883)
(76.60903881177494, 117.04954405544207, 34.75924720555167, 46.92498372749473)
(78.84959643830484, 117.92391385565197, 34.8896431829606, 47.101018296996784)
(80.64, 118.08, 28.799999999999997, 38.879999999999995)
(88.0, 120.0, 20.0, 27.0)
(94.0, 120.0, 20.0, 27.0)
(104.64262310790343, 116.92514674834298, 20.021997131361093, 27.029696127337477)
(122.39999999999999, 108.0, 24.0, 32.4)
(60.48, 138.24, 28.799999999999997, 38.879999999999995)
(60.0, 141.6, 24.0, 32.4)
(57.629864741820285, 141.5676433749681, 24.12563123413286, 32.56960216607936)
(56.0, 148.0, 20.0, 27.0)
(53.22863376471848, 148.27980807870784, 20.06803154282867, 27.091842582818707)
(50.13994504308377, 148.9484645540432, 20.154745076185982, 27.20890585285108)
(45.6, 146.4, 24.0, 32.4)
(41.87439564388304, 146.26634657575454, 24.048830629958527, 32.46592135044401)
(37.89978702600373, 146.02190847280644, 23.990044630853873, 32.38656025165273)
(34.10414922393515, 145.90862250181195, 24.08022541687579, 32.50830431278232)
(30.95180119755319, 145.7981430958838, 24.096103110264714, 32.529739198857364)
(28.147557471244355, 145.78687733746162, 24.3568885365152, 32.88179952429552)
(26.154444640771537, 145.91724110976813, 24.45202380439443, 33.01023213593248)
(25.05931989348162, 145.96213426823326, 24.545721403832662, 33.1367238951741)
(24.710453133518847, 146.00204051175984, 24.569088926443758, 33.16827005069908)
(25.588493183203617, 146.15335703649117, 24.5923686445791, 33.19969767018179)
(27.158524163157203, 146.5524398750535, 24.62857621592192, 33.248577891494605)
(29.677527486315164, 147.14312827397544, 24.68933208181303, 33.330598310447606)
(32.532607733879445, 146.87138091818477, 24.540931535414938, 33.13025757281018)
(35.53292762042519, 146.40995248975298, 24.41237733361251, 32.95670940037691)
(92.0, 118.0, 20.0, 27.0)
(77.50935338066661, 124.43055575957864, 20.142960108783967, 27.192996146858356)
(66.0, 126.0, 20.0, 27.0)
(58.0, 128.0, 20.0, 27.0)
(56.0, 124.0, 20.0, 27.0)
(44.0, 128.0, 20.0, 27.0)
(42.0, 124.0, 20.0, 27.0)
(34.72385525883089, 125.1295426273758, 20.220761772377283, 27.29802839270933)
(26.0, 128.0, 20.0, 27.0)
(17.347955209441878, 126.68124065426753, 19.860844647034213, 26.81214027349619)
(9.275889987275972, 118.98959373097625, 19.861365090755672, 26.812842872520157)
(2.0, 110.0, 20.0, 27.0)
(72.0, 210.0, 20.0, 27.0)
(64.8, 146.4, 24.0, 32.4)
(0.0, 130.0, 20.0, 27.0)
(8.0, 142.0, 20.0, 27.0)
(16.421736025935935, 148.0919148172645, 19.738086175667192, 26.646416337150708)
(24.102376569459267, 149.5192509446062, 19.627083561520923, 26.49656280805324)
(31.066155021539423, 149.02221705114243, 19.515131820934823, 26.345427958262004)
(36.41843092494999, 148.7868857808175, 19.4650981415551, 26.277882491099376)
(40.72047726405717, 147.7266841662489, 19.491193451621985, 26.313111159689672)
(38.01599999999999, 141.69599999999997, 34.559999999999995, 46.65599999999999)
(41.062001226203236, 139.58484287394126, 34.46864604612867, 46.532672162273705)
(44.928, 138.23999999999998, 34.559999999999995, 46.65599999999999)
(50.0, 144.0, 20.0, 27.0)
(55.29599999999999, 138.23999999999998, 34.559999999999995, 46.65599999999999)
(61.46471146103259, 136.92605171690082, 35.43673418242699, 47.83959114627643)
(69.80758202386141, 134.82951230386817, 35.34144715833184, 47.710953663747986)
(79.48799999999999, 141.69599999999997, 34.559999999999995, 46.65599999999999)
(86.39999999999999, 120.95999999999998, 34.559999999999995, 46.65599999999999)
(93.31199999999998, 114.04799999999999, 34.559999999999995, 46.65599999999999)
(98.60992293234162, 106.74455554728422, 34.460095297426115, 46.52112865152525)
(101.16854598246307, 102.57995963491891, 34.28984016398007, 46.29128422137308)
(103.67999999999998, 110.59199999999998, 34.559999999999995, 46.65599999999999)
(100.85833053888959, 112.88952647042089, 34.646179498392655, 46.77234232283008)
(93.31199999999998, 107.13599999999998, 34.559999999999995, 46.65599999999999)
(89.856, 117.50399999999999, 34.559999999999995, 46.65599999999999)
(86.39999999999999, 110.59199999999998, 34.559999999999995, 46.65599999999999)
(81.37761956737987, 110.83036551752532, 34.919213990240245, 47.14093888682433)
(76.75501640912083, 109.44434916342152, 35.144873797969254, 47.445579627258496)
(73.04490752438062, 107.5487364173743, 35.500615554266055, 47.92583099825917)
(70.97428559914518, 105.75430338111164, 35.809011809522104, 48.342165942854834)
(70.5024, 103.67999999999999, 41.471999999999994, 55.987199999999994)
(70.5024, 103.67999999999999, 41.471999999999994, 55.987199999999994)
(72.576, 114.04799999999999, 34.559999999999995, 46.65599999999999)
(75.69227983535845, 114.5391376288081, 34.65489394256434, 46.78410682246186)
(80.6262725628776, 116.22725406828319, 34.64185843869791, 46.76650889224217)
(89.856, 117.50399999999999, 34.559999999999995, 46.65599999999999)
(98.04600812519789, 119.37540621743024, 33.950293197846406, 45.83289581709264)
(107.13599999999998, 110.59199999999998, 34.559999999999995, 46.65599999999999)
(114.04799999999999, 117.50399999999999, 34.559999999999995, 46.65599999999999)
(120.0, 112.0, 20.0, 27.0)
(127.87199999999999, 114.04799999999999, 34.559999999999995, 46.65599999999999)
(130.0, 108.0, 20.0, 27.0)
(130.0, 134.0, 20.0, 27.0)
(50.4, 151.2, 24.0, 32.4)
(41.904554889328566, 150.72433757715604, 24.14530916665536, 32.59616737498474)
(36.0, 144.0, 24.0, 32.4)
(25.919999999999998, 141.12, 28.799999999999997, 38.879999999999995)
(17.28, 141.12, 28.799999999999997, 38.879999999999995)
(8.64, 144.0, 28.799999999999997, 38.879999999999995)
(2.9757788650832406, 143.4853273772862, 28.950860482724142, 39.08366165167759)
(0.0, 141.12, 28.799999999999997, 38.879999999999995)
(32.0, 184.0, 20.0, 27.0)
(26.0, 186.0, 20.0, 27.0)
(22.0, 186.0, 20.0, 27.0)
(20.0, 184.0, 20.0, 27.0)
(146.0, 28.0, 20.0, 27.0)
(146.0, 28.0, 20.0, 27.0)
(144.0, 28.0, 20.0, 27.0)
(142.32876479534195, 28.321912460283883, 20.21570038978487, 27.291195526209577)
