(168, 80, 49, 50)
(167.75059509277344, 79.87869262695312, 49.0, 50.0)
(168.6327362060547, 81.59110260009766, 46.173797607421875, 47.116119384765625)
(169.19766235351562, 82.05490112304688, 44.38081359863281, 45.28654479980469)
(168.74354553222656, 82.28811645507812, 43.51060104370117, 44.39857482910156)
(167.07864379882812, 80.71883392333984, 45.26842498779297, 46.1922721862793)
(168.35592651367188, 82.26760864257812, 43.510597229003906, 44.3985710144043)
(167.2213897705078, 81.30979919433594, 43.510597229003906, 44.3985710144043)
(167.00196838378906, 81.06900024414062, 43.510597229003906, 44.3985710144043)
(166.41978454589844, 80.79591369628906, 42.657447814941406, 43.52800750732422)
(164.01473999023438, 79.32139587402344, 44.38080596923828, 45.286537170410156)
(159.6611785888672, 78.95220947265625, 44.38080596923828, 45.286537170410156)
(157.10812377929688, 78.75806427001953, 42.65744400024414, 43.52800369262695)
(152.7194061279297, 77.47592163085938, 41.82102584838867, 42.67451477050781)
(150.4571990966797, 77.10054779052734, 41.82102584838867, 42.67451477050781)
(147.59088134765625, 74.86002349853516, 42.65744400024414, 43.52800369262695)
(144.3153076171875, 72.92803955078125, 42.65744400024414, 43.52800369262695)
(139.90313720703125, 71.83260345458984, 42.65744400024414, 43.52800369262695)
(135.25286865234375, 70.508544921875, 42.65744400024414, 43.52800369262695)
(131.4955291748047, 69.50761413574219, 41.82102584838867, 42.67451477050781)
(127.47992706298828, 69.86756896972656, 41.82102584838867, 42.67451477050781)
(123.95986938476562, 68.84025573730469, 41.001007080078125, 41.83776092529297)
(120.17630004882812, 67.84071350097656, 41.001007080078125, 41.83776092529297)
(115.63211059570312, 65.59912872314453, 42.65744400024414, 43.52800369262695)
(112.430908203125, 65.2960433959961, 41.00100326538086, 41.8377571105957)
(107.31040954589844, 64.7289047241211, 41.821022033691406, 42.67451095581055)
(102.67730712890625, 65.04531860351562, 41.821022033691406, 42.67451095581055)
(98.13774871826172, 64.73653411865234, 42.65744400024414, 43.52800369262695)
(92.80123138427734, 64.43064880371094, 44.38079833984375, 45.286529541015625)
(90.71587371826172, 66.10582733154297, 43.51058578491211, 44.3985595703125)
(87.44541931152344, 67.64859771728516, 42.657440185546875, 43.52799987792969)
(86.18115234375, 69.58702087402344, 41.000999450683594, 41.83775329589844)
(84.20933532714844, 70.65342712402344, 41.000999450683594, 41.83775329589844)
(83.10269165039062, 73.01702880859375, 41.000999450683594, 41.83775329589844)
(82.21315002441406, 74.1919937133789, 41.000999450683594, 41.83775329589844)
(81.42301940917969, 73.75881958007812, 42.65743637084961, 43.52799606323242)
(82.09273529052734, 74.88978576660156, 42.65743637084961, 43.52799606323242)
(81.78258514404297, 75.6955795288086, 42.65743637084961, 43.52799606323242)
(81.9888916015625, 76.04808807373047, 43.51058578491211, 44.398555755615234)
(83.45875549316406, 77.64960479736328, 43.51058578491211, 44.398555755615234)
(83.87997436523438, 80.38021087646484, 42.65743637084961, 43.52799606323242)
(84.96893310546875, 82.46611022949219, 41.821014404296875, 42.67450714111328)
(85.79473114013672, 86.58877563476562, 41.821014404296875, 42.67450714111328)
(85.55329895019531, 90.10342407226562, 41.821014404296875, 42.67450714111328)
(86.2673110961914, 93.81607818603516, 41.00099563598633, 41.83775329589844)
(87.8153305053711, 96.55215454101562, 41.00099563598633, 41.83775329589844)
(90.46858978271484, 98.8067626953125, 41.00099563598633, 41.83775329589844)
(93.65994262695312, 101.30414581298828, 41.00099563598633, 41.83775329589844)
(96.75535583496094, 103.51825714111328, 41.00099563598633, 41.83775329589844)
(99.7656021118164, 105.36534118652344, 41.821014404296875, 42.67450714111328)
(103.77293395996094, 107.97520446777344, 41.821014404296875, 42.67450714111328)
(107.07333374023438, 108.91793823242188, 41.821014404296875, 42.67450714111328)
(110.21333312988281, 109.1898193359375, 43.510581970214844, 44.39855194091797)
(115.90802001953125, 110.23799133300781, 42.657432556152344, 43.527992248535156)
(121.01417541503906, 109.97895812988281, 41.821014404296875, 42.674503326416016)
(127.0726318359375, 109.9097900390625, 41.821014404296875, 42.674503326416016)
(131.76300048828125, 109.73965454101562, 41.821014404296875, 42.674503326416016)
(136.3887481689453, 109.8443832397461, 41.00099563598633, 41.83774948120117)
(140.13462829589844, 109.52310943603516, 41.00099563598633, 41.83774948120117)
(143.98728942871094, 109.14667510986328, 41.00099563598633, 41.83774948120117)
(148.25453186035156, 109.44203186035156, 40.197052001953125, 41.01740264892578)
(152.74960327148438, 110.87519836425781, 40.197052001953125, 41.01740264892578)
(157.2584228515625, 110.75233459472656, 40.197052001953125, 41.01740264892578)
(162.09986877441406, 109.4693374633789, 41.00099563598633, 41.83774948120117)
(167.9947052001953, 108.86833953857422, 41.00099563598633, 41.83774948120117)
(172.8204803466797, 109.57642364501953, 41.00099563598633, 41.83774948120117)
(177.1827392578125, 109.6360092163086, 41.00099563598633, 41.83774948120117)
(182.16458129882812, 110.63619232177734, 41.00099563598633, 41.83774948120117)
(186.87977600097656, 111.9017562866211, 41.00099563598633, 41.83774948120117)
(190.17628479003906, 113.90218353271484, 41.00099563598633, 41.83774948120117)
(193.71978759765625, 116.03268432617188, 41.821014404296875, 42.674503326416016)
(199.13990783691406, 116.58737182617188, 41.821014404296875, 42.674503326416016)
(200.47801208496094, 118.9453125, 42.657432556152344, 43.527992248535156)
(203.61676025390625, 121.83882141113281, 41.82101058959961, 42.67449951171875)
(206.0704803466797, 123.8892822265625, 41.82101058959961, 42.67449951171875)
(208.82058715820312, 126.21728515625, 41.82101058959961, 42.67449951171875)
(209.89825439453125, 129.04910278320312, 42.65742874145508, 43.52798843383789)
(210.07012939453125, 131.12799072265625, 42.65742874145508, 43.52798843383789)
(209.57766723632812, 133.50531005859375, 43.51057434082031, 44.39854431152344)
(209.120361328125, 136.2503662109375, 43.51057434082031, 44.39854431152344)
(209.49472045898438, 138.14224243164062, 43.51057434082031, 44.39854431152344)
(209.23321533203125, 139.73666381835938, 43.51057434082031, 44.39854431152344)
(207.30581665039062, 142.83297729492188, 43.51057434082031, 44.39854431152344)
(203.969970703125, 144.1434326171875, 43.51057434082031, 44.39854431152344)
(201.57269287109375, 147.119140625, 43.51057434082031, 44.39854431152344)
(199.84197998046875, 147.67910766601562, 43.51057434082031, 44.39854431152344)
(198.1082763671875, 148.77102661132812, 43.51057434082031, 44.39854431152344)
(195.61236572265625, 149.7119140625, 43.51057434082031, 44.39854431152344)
(192.09518432617188, 150.38458251953125, 43.51057434082031, 44.39854431152344)
(189.3502197265625, 150.69473266601562, 43.51057434082031, 44.39854431152344)
(185.58416748046875, 150.74639892578125, 43.51057434082031, 44.39854431152344)
(182.4375, 150.3836669921875, 43.51057434082031, 44.39854431152344)
(179.59033203125, 149.27444458007812, 43.51057434082031, 44.39854431152344)
(178.69607543945312, 147.2000732421875, 43.51057434082031, 44.39854431152344)
(178.13699340820312, 144.02572631835938, 43.51057434082031, 44.39854431152344)
(178.09402465820312, 139.7510986328125, 43.51057434082031, 44.39854431152344)
(177.91241455078125, 135.64614868164062, 43.51057434082031, 44.39854431152344)
(177.47817993164062, 130.80557250976562, 43.51057434082031, 44.39854431152344)
(176.58200073242188, 125.1114730834961, 43.51057434082031, 44.39854431152344)
(176.29083251953125, 121.4166030883789, 43.51057434082031, 44.39854431152344)
(175.52401733398438, 117.94795989990234, 43.51057434082031, 44.39854431152344)
(175.33926391601562, 113.89740753173828, 43.51057434082031, 44.39854431152344)
(175.16934204101562, 109.67652130126953, 43.51057434082031, 44.39854431152344)
(176.14373779296875, 105.61811065673828, 43.51057434082031, 44.39854431152344)
(176.58523559570312, 100.7353515625, 43.51057434082031, 44.39854431152344)
(176.44491577148438, 96.59510040283203, 43.51057434082031, 44.39854431152344)
(176.49807739257812, 93.27922058105469, 43.51057434082031, 44.39854431152344)
(176.81704711914062, 91.12472534179688, 43.51057434082031, 44.39854431152344)
(176.73971557617188, 90.5504150390625, 43.51057434082031, 44.39854431152344)
(175.79705810546875, 91.03221130371094, 43.51057434082031, 44.39854431152344)
(174.56082153320312, 91.23394775390625, 43.51057434082031, 44.39854431152344)
(173.08480834960938, 92.3083267211914, 43.51057434082031, 44.39854431152344)
(172.42636108398438, 93.73141479492188, 43.51057434082031, 44.39854431152344)
(170.35476684570312, 95.61847686767578, 43.51057434082031, 44.39854431152344)
(170.12948608398438, 96.2142562866211, 43.51057434082031, 44.39854431152344)
(170.83157348632812, 96.45640563964844, 43.51057434082031, 44.39854431152344)
(171.31936645507812, 96.89041900634766, 43.51057434082031, 44.39854431152344)
(171.81634521484375, 96.80387115478516, 43.51057434082031, 44.39854431152344)
(172.72848510742188, 97.1616439819336, 43.51057434082031, 44.39854431152344)
(172.9287109375, 97.81147003173828, 43.51057434082031, 44.39854431152344)
(173.646728515625, 97.72614288330078, 43.51057434082031, 44.39854431152344)
(174.00827026367188, 98.54899597167969, 43.51057434082031, 44.39854431152344)
(176.04241943359375, 98.42965698242188, 43.51057434082031, 44.39854431152344)
(177.25588989257812, 98.47517395019531, 43.51057434082031, 44.39854431152344)
(177.50039672851562, 99.1762466430664, 42.65742874145508, 43.52798843383789)
(179.30923461914062, 99.12491607666016, 42.65742874145508, 43.52798843383789)
(180.37557983398438, 98.78977966308594, 42.65742874145508, 43.52798843383789)
(181.7076873779297, 97.76241302490234, 42.65742874145508, 43.52798843383789)
(181.84927368164062, 96.59066772460938, 41.821006774902344, 42.674495697021484)
(182.53775024414062, 95.01146697998047, 41.821006774902344, 42.674495697021484)
(182.86679077148438, 91.82528686523438, 41.821006774902344, 42.674495697021484)
(184.1305694580078, 88.85631561279297, 41.821006774902344, 42.674495697021484)
(184.73655700683594, 85.90526580810547, 41.821006774902344, 42.674495697021484)
(185.6046142578125, 82.41062927246094, 41.821006774902344, 42.674495697021484)
(185.57862854003906, 79.55915832519531, 41.821006774902344, 42.674495697021484)
(184.50144958496094, 76.25020599365234, 41.821006774902344, 42.674495697021484)
(183.6414794921875, 71.06600952148438, 41.821006774902344, 42.674495697021484)
(182.17080688476562, 67.42115020751953, 41.821006774902344, 42.674495697021484)
(181.30892944335938, 64.2672348022461, 41.821006774902344, 42.674495697021484)
(181.6554718017578, 60.57190704345703, 41.821006774902344, 42.674495697021484)
(183.43594360351562, 55.952728271484375, 41.821006774902344, 42.674495697021484)
(185.46131896972656, 50.245994567871094, 41.821006774902344, 42.674495697021484)
(186.23849487304688, 47.481231689453125, 41.821006774902344, 42.674495697021484)
(188.28811645507812, 44.43572235107422, 41.821006774902344, 42.674495697021484)
(189.4961395263672, 42.304359436035156, 41.821006774902344, 42.674495697021484)
(190.24395751953125, 40.99675750732422, 41.821006774902344, 42.674495697021484)
(189.55142211914062, 39.68263244628906, 42.65742492675781, 43.527984619140625)
(188.33395385742188, 39.217464447021484, 42.65742492675781, 43.527984619140625)
(185.95089721679688, 39.285980224609375, 42.65742492675781, 43.527984619140625)
(183.600830078125, 38.84438705444336, 42.65742492675781, 43.527984619140625)
(181.1246337890625, 39.589900970458984, 42.65742492675781, 43.527984619140625)
(177.38543701171875, 41.734275817871094, 42.65742492675781, 43.527984619140625)
(173.29110717773438, 44.85540771484375, 42.65742492675781, 43.527984619140625)
(168.82998657226562, 48.04786682128906, 42.65742492675781, 43.527984619140625)
(164.63372802734375, 51.227272033691406, 42.65742492675781, 43.527984619140625)
(162.28628540039062, 54.37651062011719, 42.65742492675781, 43.527984619140625)
(160.50823974609375, 57.262176513671875, 42.65742492675781, 43.527984619140625)
(160.20697021484375, 60.88130187988281, 42.65742492675781, 43.527984619140625)
(160.45623779296875, 64.884765625, 42.65742492675781, 43.527984619140625)
(161.89004516601562, 68.34171295166016, 42.65742492675781, 43.527984619140625)
(162.33270263671875, 70.8596420288086, 42.65742492675781, 43.527984619140625)
(164.84304809570312, 75.858642578125, 41.82100296020508, 42.67449188232422)
(166.5489044189453, 78.62852478027344, 41.82100296020508, 42.67449188232422)
(166.63525390625, 81.97373962402344, 41.82100296020508, 42.67449188232422)
(167.20648193359375, 84.70513916015625, 41.82100296020508, 42.67449188232422)
(166.79885864257812, 87.54428100585938, 41.82100296020508, 42.67449188232422)
(168.1009063720703, 90.7542724609375, 41.82100296020508, 42.67449188232422)
(170.114501953125, 91.94706726074219, 41.82100296020508, 42.67449188232422)
(173.56761169433594, 94.13262939453125, 41.82100296020508, 42.67449188232422)
(177.08753967285156, 96.0731201171875, 41.82100296020508, 42.67449188232422)
(180.42312622070312, 98.14216613769531, 41.82100296020508, 42.67449188232422)
(180.42556762695312, 98.67582702636719, 41.82100296020508, 42.67449188232422)
(179.67799377441406, 98.4378662109375, 41.82100296020508, 42.67449188232422)
(177.0117950439453, 97.96536254882812, 41.82100296020508, 42.67449188232422)
(173.41546630859375, 95.81842041015625, 41.82100296020508, 42.67449188232422)
(168.3369140625, 94.78321838378906, 41.82100296020508, 42.67449188232422)
(162.0519561767578, 92.76164245605469, 41.82100296020508, 42.67449188232422)
(155.557861328125, 90.87255859375, 41.82100296020508, 42.67449188232422)
(148.94920349121094, 88.90583801269531, 41.82100296020508, 42.67449188232422)
(141.9915008544922, 86.770751953125, 41.82100296020508, 42.67449188232422)
(133.75921630859375, 84.43305969238281, 41.82100296020508, 42.67449188232422)
(124.40106964111328, 82.62612915039062, 41.82100296020508, 42.67449188232422)
(116.93643951416016, 81.30860900878906, 41.82100296020508, 42.67449188232422)
(109.8666763305664, 78.45114135742188, 41.82100296020508, 42.67449188232422)
(101.88916778564453, 75.51123046875, 41.82100296020508, 42.67449188232422)
(93.04656982421875, 73.50108337402344, 41.82100296020508, 42.67449188232422)
(85.56871032714844, 72.968017578125, 41.82100296020508, 42.67449188232422)
(77.15156555175781, 71.96717834472656, 41.82100296020508, 42.67449188232422)
(69.8646011352539, 70.64486694335938, 41.82100296020508, 42.67449188232422)
(64.37544250488281, 69.90432739257812, 41.82100296020508, 42.67449188232422)
(58.11680603027344, 69.23297119140625, 41.82100296020508, 42.67449188232422)
(51.87126159667969, 70.41673278808594, 41.82100296020508, 42.67449188232422)
(47.187889099121094, 72.99017333984375, 41.82100296020508, 42.67449188232422)
(41.62709045410156, 74.75358581542969, 41.82100296020508, 42.67449188232422)
(38.179656982421875, 77.71382141113281, 41.82100296020508, 42.67449188232422)
(35.37939453125, 81.17291259765625, 41.82100296020508, 42.67449188232422)
(35.057823181152344, 85.23091125488281, 41.82100296020508, 42.67449188232422)
(37.33457946777344, 88.66635131835938, 41.82100296020508, 42.67449188232422)
(39.68299102783203, 90.43209838867188, 41.82100296020508, 42.67449188232422)
(42.455421447753906, 93.4537353515625, 41.82100296020508, 42.67449188232422)
(45.968711853027344, 96.62025451660156, 41.82100296020508, 42.67449188232422)
(50.39263153076172, 100.77839660644531, 41.82100296020508, 42.67449188232422)
(53.40574645996094, 105.11856079101562, 41.82100296020508, 42.67449188232422)
(56.311561584472656, 110.85214233398438, 41.82100296020508, 42.67449188232422)
(58.422203063964844, 116.17477416992188, 41.82100296020508, 42.67449188232422)
(60.52422332763672, 122.29045104980469, 41.82100296020508, 42.67449188232422)
(63.60127258300781, 127.9549560546875, 41.82100296020508, 42.67449188232422)
(66.846923828125, 133.03050231933594, 41.82100296020508, 42.67449188232422)
(70.16163635253906, 137.7882537841797, 41.82100296020508, 42.67449188232422)
(72.80986785888672, 141.194091796875, 41.82100296020508, 42.67449188232422)
(76.70175170898438, 144.1417236328125, 41.82100296020508, 42.67449188232422)
(80.23455047607422, 145.65652465820312, 41.82100296020508, 42.67449188232422)
(83.37567138671875, 147.8007354736328, 41.82100296020508, 42.67449188232422)
(87.12596893310547, 148.80992126464844, 41.82100296020508, 42.67449188232422)
(91.20063781738281, 150.57472229003906, 41.82100296020508, 42.67449188232422)
(94.96383666992188, 152.5579071044922, 41.82100296020508, 42.67449188232422)
(100.08954620361328, 154.160400390625, 41.82100296020508, 42.67449188232422)
(103.6553955078125, 155.4040985107422, 41.82100296020508, 42.67449188232422)
(108.2118148803711, 159.09849548339844, 41.82100296020508, 42.67449188232422)
(111.54985809326172, 163.3981475830078, 41.82100296020508, 42.67449188232422)
(115.89681243896484, 168.24087524414062, 41.82100296020508, 42.67449188232422)
(121.75623321533203, 173.15560913085938, 41.82100296020508, 42.67449188232422)
(127.74837493896484, 177.5236053466797, 41.82100296020508, 42.67449188232422)
(133.3406219482422, 181.67092895507812, 41.82100296020508, 42.67449188232422)
(138.93389892578125, 184.2427520751953, 41.82100296020508, 42.67449188232422)
(143.3428192138672, 186.0292205810547, 41.82100296020508, 42.67449188232422)
(147.7897491455078, 185.66954040527344, 41.82100296020508, 42.67449188232422)
(153.6109619140625, 184.6863555908203, 41.82100296020508, 42.67449188232422)
(157.95101928710938, 183.34181213378906, 41.82100296020508, 42.67449188232422)
(163.04090881347656, 182.51783752441406, 41.82100296020508, 42.67449188232422)
(168.8721160888672, 180.4537811279297, 41.82100296020508, 42.67449188232422)
(172.98545837402344, 177.83961486816406, 41.82100296020508, 42.67449188232422)
(174.95053100585938, 173.93048095703125, 41.82100296020508, 42.67449188232422)
(177.25189208984375, 170.68035888671875, 41.82100296020508, 42.67449188232422)
(178.30767822265625, 167.36566162109375, 41.82100296020508, 42.67449188232422)
(180.2642059326172, 164.3383026123047, 41.82100296020508, 42.67449188232422)
(181.52146911621094, 161.6380615234375, 41.82100296020508, 42.67449188232422)
(183.49778747558594, 158.5620880126953, 41.82100296020508, 42.67449188232422)
(185.49574279785156, 155.82530212402344, 41.82100296020508, 42.67449188232422)
(187.97032165527344, 152.64102172851562, 41.82100296020508, 42.67449188232422)
(188.94773864746094, 151.7155303955078, 41.82100296020508, 42.67449188232422)
(190.2828369140625, 148.5953369140625, 41.82100296020508, 42.67449188232422)
(189.8245391845703, 147.527099609375, 41.82100296020508, 42.67449188232422)
(190.06629943847656, 146.0756072998047, 41.82100296020508, 42.67449188232422)
(189.9771270751953, 144.41941833496094, 41.82100296020508, 42.67449188232422)
(190.113525390625, 143.2106475830078, 41.82100296020508, 42.67449188232422)
(189.94415283203125, 140.63050842285156, 41.82100296020508, 42.67449188232422)
(190.23031616210938, 138.01319885253906, 41.82100296020508, 42.67449188232422)
(188.1730499267578, 133.64321899414062, 41.82100296020508, 42.67449188232422)
(187.28826904296875, 129.63438415527344, 41.82100296020508, 42.67449188232422)
(186.25119018554688, 125.18104553222656, 41.82100296020508, 42.67449188232422)
(186.0685272216797, 119.88526916503906, 41.82100296020508, 42.67449188232422)
(186.06930541992188, 114.64393615722656, 41.82100296020508, 42.67449188232422)
(184.80947875976562, 111.02565002441406, 41.82100296020508, 42.67449188232422)
(183.0805206298828, 107.40788269042969, 41.82100296020508, 42.67449188232422)
(182.36195373535156, 104.30961608886719, 41.82100296020508, 42.67449188232422)
(180.20980834960938, 102.17491149902344, 41.82100296020508, 42.67449188232422)
(177.97222900390625, 101.1231689453125, 41.82100296020508, 42.67449188232422)
(177.62289428710938, 100.26362609863281, 41.82100296020508, 42.67449188232422)
(177.05221557617188, 99.74005126953125, 41.82100296020508, 42.67449188232422)
(176.8396759033203, 98.68270874023438, 41.82100296020508, 42.67449188232422)
(176.42556762695312, 98.15008544921875, 41.82100296020508, 42.67449188232422)
(175.50831604003906, 98.02330017089844, 41.82100296020508, 42.67449188232422)
(175.14341735839844, 97.52056884765625, 41.82100296020508, 42.67449188232422)
