(154, 94, 18, 48)
(152.54916381835938, 94.33518981933594, 18.0, 48.0)
(152.40155029296875, 94.54862213134766, 18.0, 48.0)
(151.374267578125, 91.76242065429688, 18.0, 48.0)
(150.14126586914062, 90.44693756103516, 18.0, 48.0)
(149.778564453125, 88.20310974121094, 18.360000610351562, 48.959999084472656)
(151.86590576171875, 87.2705078125, 18.360000610351562, 48.959999084472656)
(152.094970703125, 86.41970825195312, 18.360000610351562, 48.959999084472656)
(153.91278076171875, 85.87319946289062, 18.360000610351562, 48.959999084472656)
(155.21182250976562, 84.9635009765625, 18.360000610351562, 48.959999084472656)
(156.83453369140625, 84.33184051513672, 18.727197647094727, 49.93919372558594)
(157.6604766845703, 84.9087905883789, 17.999998092651367, 47.999996185302734)
(157.48361206054688, 84.70952606201172, 18.727195739746094, 49.93918991088867)
(155.74176025390625, 83.50003814697266, 19.48377227783203, 51.95672607421875)
(154.66517639160156, 83.81316375732422, 19.48377227783203, 51.95672607421875)
(152.5226593017578, 83.94500732421875, 19.48377227783203, 51.95672607421875)
(149.57958984375, 85.7889404296875, 18.359994888305664, 48.95998764038086)
(144.2365264892578, 84.46376037597656, 18.359994888305664, 48.95998764038086)
(139.0157012939453, 83.05663299560547, 19.87344741821289, 52.9958610534668)
(135.2952423095703, 82.29237365722656, 20.270915985107422, 54.05577850341797)
(132.04116821289062, 82.23738098144531, 20.270915985107422, 54.05577850341797)
(131.07821655273438, 81.97010803222656, 20.270915985107422, 54.05577850341797)
(131.33493041992188, 82.9756088256836, 19.87344741821289, 52.9958610534668)
(131.1796417236328, 80.56758880615234, 20.676334381103516, 55.13689041137695)
(132.81573486328125, 79.65027618408203, 21.089859008789062, 56.2396240234375)
(133.19155883789062, 79.45097351074219, 21.089859008789062, 56.2396240234375)
(134.59518432617188, 77.78266143798828, 21.9418888092041, 58.51170349121094)
(135.87742614746094, 76.92200469970703, 21.9418888092041, 58.51170349121094)
(138.08009338378906, 76.9516830444336, 21.9418888092041, 58.51170349121094)
(138.76524353027344, 76.16472625732422, 22.380725860595703, 59.68193435668945)
(142.8043975830078, 77.27841186523438, 21.9418888092041, 58.51170349121094)
(144.14251708984375, 76.50625610351562, 22.380725860595703, 59.68193435668945)
(146.907958984375, 76.96461486816406, 22.380725860595703, 59.68193435668945)
(148.9254150390625, 77.49036407470703, 22.380725860595703, 59.68193435668945)
(151.15682983398438, 77.74454498291016, 21.9418888092041, 58.51170349121094)
(150.2373809814453, 75.72824096679688, 22.828338623046875, 60.875572204589844)
(150.3066864013672, 75.03982543945312, 23.28490447998047, 62.09307861328125)
(151.4280548095703, 75.25933074951172, 23.28490447998047, 62.09307861328125)
(151.33238220214844, 75.67691040039062, 23.28490447998047, 62.09307861328125)
(153.34237670898438, 76.12532043457031, 23.28490447998047, 62.09307861328125)
(154.57176208496094, 76.42882537841797, 22.828336715698242, 60.87556457519531)
(155.22793579101562, 76.22041320800781, 23.284902572631836, 62.09307098388672)
(156.344970703125, 76.658935546875, 23.284902572631836, 62.09307098388672)
(156.9022216796875, 76.59293365478516, 23.750600814819336, 63.33493423461914)
(157.4991455078125, 77.36184692382812, 22.828336715698242, 60.87556457519531)
(158.63323974609375, 78.31656646728516, 22.38072395324707, 59.68193054199219)
(161.15098571777344, 79.14231872558594, 21.94188690185547, 58.511695861816406)
(161.3807373046875, 79.13662719726562, 21.94188690185547, 58.511695861816406)
(163.52500915527344, 78.69468688964844, 21.94188690185547, 58.511695861816406)
(165.27127075195312, 79.20556640625, 21.94188690185547, 58.511695861816406)
(165.46376037597656, 79.05378723144531, 21.94188690185547, 58.511695861816406)
(164.98309326171875, 78.25841522216797, 22.38072395324707, 59.68193054199219)
(164.50497436523438, 78.62911987304688, 22.38072395324707, 59.68193054199219)
(164.2284698486328, 79.13970947265625, 22.38072395324707, 59.68193054199219)
(161.658203125, 79.6898193359375, 22.38072395324707, 59.68193054199219)
(160.59971618652344, 79.86155700683594, 22.38072395324707, 59.68193054199219)
(156.98414611816406, 79.5068130493164, 22.828336715698242, 60.87556457519531)
(151.3585662841797, 80.09532165527344, 22.828336715698242, 60.87556457519531)
(144.65188598632812, 79.99539184570312, 22.38072395324707, 59.68193054199219)
(137.99598693847656, 79.647705078125, 22.828336715698242, 60.87556457519531)
(131.1997528076172, 78.08078002929688, 22.38072395324707, 59.68193054199219)
(128.06954956054688, 77.73604583740234, 22.828336715698242, 60.87556457519531)
(127.85517120361328, 75.5235595703125, 22.38072395324707, 59.68193054199219)
(128.13648986816406, 74.80265045166016, 22.828336715698242, 60.87556457519531)
(129.7996063232422, 73.2771987915039, 22.828336715698242, 60.87556457519531)
(133.6613311767578, 73.269775390625, 22.828336715698242, 60.87556457519531)
(138.65145874023438, 72.76952362060547, 22.828336715698242, 60.87556457519531)
(142.84341430664062, 71.7576675415039, 22.828336715698242, 60.87556457519531)
(148.70632934570312, 71.82135009765625, 22.828336715698242, 60.87556457519531)
(154.9749755859375, 71.43250274658203, 22.828336715698242, 60.87556457519531)
(161.96800231933594, 71.78612518310547, 22.828336715698242, 60.87556457519531)
(166.85670471191406, 71.93903350830078, 22.38072395324707, 59.68193054199219)
(171.21316528320312, 72.71080017089844, 22.38072395324707, 59.68193054199219)
(175.01824951171875, 72.8980941772461, 22.38072395324707, 59.68193054199219)
(177.3896026611328, 73.23213958740234, 22.828336715698242, 60.87556457519531)
(177.92916870117188, 73.1290054321289, 22.828336715698242, 60.87556457519531)
(178.19659423828125, 73.19930267333984, 22.828336715698242, 60.87556457519531)
(176.3657684326172, 74.42776489257812, 22.828336715698242, 60.87556457519531)
(176.55836486816406, 75.20756530761719, 22.828336715698242, 60.87556457519531)
(176.792724609375, 76.57734680175781, 22.828336715698242, 60.87556457519531)
(176.76007080078125, 77.6773910522461, 22.38072395324707, 59.68193054199219)
(179.1119842529297, 79.9120101928711, 22.38072395324707, 59.68193054199219)
(179.72496032714844, 79.45650482177734, 22.828336715698242, 60.87556457519531)
(180.6884002685547, 79.75021362304688, 22.828336715698242, 60.87556457519531)
(182.7954559326172, 79.96351623535156, 22.828336715698242, 60.87556457519531)
(185.1051483154297, 80.42481231689453, 22.828336715698242, 60.87556457519531)
(187.22573852539062, 81.29613494873047, 22.828336715698242, 60.87556457519531)
(189.96902465820312, 81.77467346191406, 22.828336715698242, 60.87556457519531)
(191.9052276611328, 81.89507293701172, 22.828336715698242, 60.87556457519531)
(193.98004150390625, 82.1027603149414, 22.828336715698242, 60.87556457519531)
(196.12823486328125, 82.2122802734375, 22.828336715698242, 60.87556457519531)
(197.12359619140625, 81.88019561767578, 22.828336715698242, 60.87556457519531)
(196.2601776123047, 79.51163482666016, 22.828336715698242, 60.87556457519531)
(195.6690673828125, 79.22917938232422, 22.828336715698242, 60.87556457519531)
(194.72743225097656, 76.79019927978516, 22.828336715698242, 60.87556457519531)
(194.53713989257812, 74.17215728759766, 22.828336715698242, 60.87556457519531)
(191.65725708007812, 73.42144012451172, 22.828336715698242, 60.87556457519531)
(186.652587890625, 72.21466064453125, 22.828336715698242, 60.87556457519531)
(183.9969482421875, 70.97112274169922, 22.828336715698242, 60.87556457519531)
(183.64413452148438, 69.40851593017578, 22.828336715698242, 60.87556457519531)
(181.9851837158203, 69.2721176147461, 22.828336715698242, 60.87556457519531)
(181.3537139892578, 68.52050018310547, 22.828336715698242, 60.87556457519531)
(181.353515625, 68.11590576171875, 22.828336715698242, 60.87556457519531)
(181.56488037109375, 67.15925598144531, 22.828336715698242, 60.87556457519531)
(182.03636169433594, 66.87557983398438, 22.828336715698242, 60.87556457519531)
(182.31240844726562, 66.56784057617188, 22.828336715698242, 60.87556457519531)
(182.95147705078125, 66.2694320678711, 22.828336715698242, 60.87556457519531)
(183.53997802734375, 66.53368377685547, 22.828336715698242, 60.87556457519531)
(180.5856475830078, 66.9215316772461, 22.828336715698242, 60.87556457519531)
(177.3566131591797, 66.989501953125, 22.828336715698242, 60.87556457519531)
(174.94467163085938, 67.4354248046875, 22.828336715698242, 60.87556457519531)
(173.31069946289062, 67.84542083740234, 22.828336715698242, 60.87556457519531)
(172.19760131835938, 67.37577056884766, 22.828336715698242, 60.87556457519531)
(168.93226623535156, 67.05517578125, 23.284902572631836, 62.09307098388672)
(166.21075439453125, 67.22100830078125, 23.284902572631836, 62.09307098388672)
(163.50096130371094, 67.34175109863281, 23.284902572631836, 62.09307098388672)
(160.95376586914062, 68.5616455078125, 22.828336715698242, 60.87556457519531)
(157.62637329101562, 69.44925689697266, 22.828336715698242, 60.87556457519531)
(155.30734252929688, 70.03620910644531, 22.828336715698242, 60.87556457519531)
(154.95143127441406, 70.70581817626953, 22.828336715698242, 60.87556457519531)
(153.58543395996094, 72.66863250732422, 22.38072395324707, 59.68193054199219)
(152.7816162109375, 76.02689361572266, 22.828336715698242, 60.87556457519531)
(149.94161987304688, 76.28853607177734, 22.828336715698242, 60.87556457519531)
(148.86660766601562, 77.44991302490234, 22.828336715698242, 60.87556457519531)
(147.9625701904297, 79.90367126464844, 22.828336715698242, 60.87556457519531)
(151.52716064453125, 80.34593200683594, 22.828336715698242, 60.87556457519531)
(157.9649658203125, 81.07379913330078, 22.828336715698242, 60.87556457519531)
(164.9634246826172, 81.54573059082031, 22.828336715698242, 60.87556457519531)
(171.38319396972656, 81.23399353027344, 23.284902572631836, 62.09307098388672)
(176.13870239257812, 79.83169555664062, 22.828336715698242, 60.87556457519531)
(179.41004943847656, 77.57872009277344, 22.828336715698242, 60.87556457519531)
(183.5878448486328, 75.18878173828125, 22.828336715698242, 60.87556457519531)
(187.3152313232422, 74.69501495361328, 22.828336715698242, 60.87556457519531)
(192.3188018798828, 72.98753356933594, 22.828336715698242, 60.87556457519531)
(196.81507873535156, 72.16665649414062, 22.828336715698242, 60.87556457519531)
(199.44418334960938, 71.3929443359375, 22.38072395324707, 59.68193054199219)
(203.61740112304688, 71.51974487304688, 21.94188690185547, 58.511695861816406)
(205.61056518554688, 70.94850158691406, 21.94188690185547, 58.511695861816406)
(206.28419494628906, 70.52999877929688, 21.511653900146484, 57.364410400390625)
(205.9139862060547, 71.45982360839844, 21.089855194091797, 56.23961639404297)
(202.908935546875, 72.05903625488281, 21.089855194091797, 56.23961639404297)
(195.70599365234375, 75.16999816894531, 21.089855194091797, 56.23961639404297)
(187.82034301757812, 78.11355590820312, 20.67633056640625, 55.136878967285156)
(181.0554656982422, 82.90538024902344, 20.270910263061523, 54.055763244628906)
(173.6643524169922, 86.8564453125, 20.270910263061523, 54.055763244628906)
(167.17681884765625, 88.8454818725586, 20.676326751708984, 55.136871337890625)
(162.47068786621094, 90.78119659423828, 20.27090835571289, 54.055755615234375)
(159.7215118408203, 92.57342529296875, 20.27090835571289, 54.055755615234375)
(156.1488494873047, 92.8851089477539, 20.67632484436035, 55.13686752319336)
(153.88897705078125, 93.46487426757812, 20.270906448364258, 54.055747985839844)
(153.3684539794922, 92.52674865722656, 20.270906448364258, 54.055747985839844)
(154.08233642578125, 90.32630920410156, 20.270906448364258, 54.055747985839844)
(157.45323181152344, 87.16802978515625, 20.270906448364258, 54.055747985839844)
(159.172607421875, 83.66815185546875, 20.67632293701172, 55.136863708496094)
(160.8877716064453, 82.22830200195312, 20.67632293701172, 55.136863708496094)
(161.4099578857422, 82.083740234375, 20.67632293701172, 55.136863708496094)
(160.28106689453125, 80.79219818115234, 20.270904541015625, 54.05574417114258)
(159.3210906982422, 80.13998413085938, 20.270904541015625, 54.05574417114258)
(159.46566772460938, 79.03761291503906, 20.270904541015625, 54.05574417114258)
(158.66795349121094, 78.66889190673828, 20.270904541015625, 54.05574417114258)
(157.30250549316406, 78.55554962158203, 20.270904541015625, 54.05574417114258)
(154.05657958984375, 77.86505889892578, 20.270904541015625, 54.05574417114258)
(150.87228393554688, 77.55021667480469, 20.270904541015625, 54.05574417114258)
(144.94354248046875, 76.84778594970703, 20.270904541015625, 54.05574417114258)
(140.66908264160156, 77.22808074951172, 20.270904541015625, 54.05574417114258)
(137.5947723388672, 77.18109893798828, 20.270904541015625, 54.05574417114258)
(135.28585815429688, 77.4196548461914, 20.270904541015625, 54.05574417114258)
(137.1629180908203, 77.86003112792969, 20.270904541015625, 54.05574417114258)
(137.1596221923828, 78.76416015625, 20.270904541015625, 54.05574417114258)
(138.5761260986328, 78.37430572509766, 20.270904541015625, 54.05574417114258)
(139.6463165283203, 76.94637298583984, 20.270904541015625, 54.05574417114258)
(137.044921875, 76.01199340820312, 20.270904541015625, 54.05574417114258)
(132.70462036132812, 74.01148223876953, 20.270904541015625, 54.05574417114258)
(135.39512634277344, 73.2083511352539, 20.270904541015625, 54.05574417114258)
(133.56532287597656, 72.25985717773438, 20.270904541015625, 54.05574417114258)
(133.5802001953125, 71.55218505859375, 20.270904541015625, 54.05574417114258)
(134.76397705078125, 71.19247436523438, 20.270904541015625, 54.05574417114258)
(136.59661865234375, 71.96136474609375, 20.270904541015625, 54.05574417114258)
(136.24276733398438, 73.20198059082031, 20.270904541015625, 54.05574417114258)
(132.91651916503906, 74.49146270751953, 20.270904541015625, 54.05574417114258)
(129.1190643310547, 77.94373321533203, 20.270904541015625, 54.05574417114258)
(125.30793762207031, 81.66809844970703, 20.270904541015625, 54.05574417114258)
(121.54537963867188, 84.28277587890625, 20.270904541015625, 54.05574417114258)
(118.10325622558594, 85.68851470947266, 20.270904541015625, 54.05574417114258)
(118.37562561035156, 87.07839965820312, 20.270904541015625, 54.05574417114258)
(122.10740661621094, 87.19461822509766, 20.270904541015625, 54.05574417114258)
(126.21859741210938, 87.82213592529297, 20.270904541015625, 54.05574417114258)
(130.11436462402344, 88.77041625976562, 20.270904541015625, 54.05574417114258)
(133.7588348388672, 88.9615707397461, 20.270904541015625, 54.05574417114258)
(137.28826904296875, 89.3867416381836, 20.270904541015625, 54.05574417114258)
(139.7488555908203, 88.9437026977539, 20.270904541015625, 54.05574417114258)
(142.89559936523438, 89.41304016113281, 20.270904541015625, 54.05574417114258)
(143.74612426757812, 88.96430969238281, 20.270904541015625, 54.05574417114258)
(147.3591766357422, 89.56246948242188, 20.270904541015625, 54.05574417114258)
(149.0161590576172, 89.1883773803711, 20.270904541015625, 54.05574417114258)
(149.53787231445312, 88.2796401977539, 20.270904541015625, 54.05574417114258)
(149.78480529785156, 88.2597885131836, 20.270904541015625, 54.05574417114258)
(149.91639709472656, 87.5621337890625, 20.270904541015625, 54.05574417114258)
(148.7340850830078, 87.46302795410156, 20.270904541015625, 54.05574417114258)
(149.353759765625, 87.22623443603516, 20.270904541015625, 54.05574417114258)
(149.67404174804688, 87.30111694335938, 20.270904541015625, 54.05574417114258)
(149.52981567382812, 87.5470199584961, 20.270904541015625, 54.05574417114258)
(147.67762756347656, 87.67229461669922, 20.270904541015625, 54.05574417114258)
(145.31591796875, 87.64986419677734, 20.270904541015625, 54.05574417114258)
(142.69142150878906, 87.69086456298828, 20.270904541015625, 54.05574417114258)
(143.21522521972656, 87.57098388671875, 20.270904541015625, 54.05574417114258)
(145.2675323486328, 87.4006576538086, 20.270904541015625, 54.05574417114258)
(147.74781799316406, 86.01176452636719, 20.270904541015625, 54.05574417114258)
(148.5768585205078, 84.07013702392578, 20.270904541015625, 54.05574417114258)
(148.50999450683594, 83.5332260131836, 20.270904541015625, 54.05574417114258)
(146.84658813476562, 83.98729705810547, 20.270904541015625, 54.05574417114258)
(145.1233673095703, 83.11521911621094, 20.270904541015625, 54.05574417114258)
(142.3366241455078, 83.26435089111328, 20.270904541015625, 54.05574417114258)
(143.02691650390625, 83.1920394897461, 20.270904541015625, 54.05574417114258)
(142.68531799316406, 82.27799224853516, 20.270904541015625, 54.05574417114258)
(142.3172149658203, 81.8606948852539, 20.270904541015625, 54.05574417114258)
(140.27711486816406, 82.2069320678711, 20.270904541015625, 54.05574417114258)
(138.37229919433594, 81.46747589111328, 20.270904541015625, 54.05574417114258)
(137.854248046875, 81.91864776611328, 20.270904541015625, 54.05574417114258)
(136.69139099121094, 82.92069244384766, 20.270904541015625, 54.05574417114258)
(133.85922241210938, 83.78501892089844, 20.270904541015625, 54.05574417114258)
(135.05799865722656, 84.06575012207031, 20.270904541015625, 54.05574417114258)
(139.25901794433594, 83.81410217285156, 20.270904541015625, 54.05574417114258)
(144.6763916015625, 84.44657135009766, 20.270904541015625, 54.05574417114258)
(148.43222045898438, 84.36087799072266, 20.270904541015625, 54.05574417114258)
(150.7225341796875, 84.12519836425781, 20.270904541015625, 54.05574417114258)
(151.88595581054688, 83.92823028564453, 20.270904541015625, 54.05574417114258)
(152.00772094726562, 84.294677734375, 20.270904541015625, 54.05574417114258)
(155.74464416503906, 83.46297454833984, 20.270904541015625, 54.05574417114258)
(160.14036560058594, 83.3873291015625, 20.270904541015625, 54.05574417114258)
(162.28736877441406, 82.7880859375, 20.270904541015625, 54.05574417114258)
(164.78970336914062, 82.99727630615234, 20.270904541015625, 54.05574417114258)
(165.9993896484375, 82.23995208740234, 20.270904541015625, 54.05574417114258)
(166.1457977294922, 82.29077911376953, 20.270904541015625, 54.05574417114258)
(166.816650390625, 82.44640350341797, 20.270904541015625, 54.05574417114258)
(168.09951782226562, 82.51570129394531, 20.270904541015625, 54.05574417114258)
(168.27305603027344, 82.38038635253906, 20.270904541015625, 54.05574417114258)
(169.11569213867188, 82.50139617919922, 20.270904541015625, 54.05574417114258)
(168.57772827148438, 82.51066589355469, 20.270904541015625, 54.05574417114258)
(168.39657592773438, 82.42976379394531, 20.270904541015625, 54.05574417114258)
(167.89483642578125, 82.345458984375, 20.270904541015625, 54.05574417114258)
(168.33555603027344, 82.13871002197266, 20.270904541015625, 54.05574417114258)
(171.2399139404297, 81.6820297241211, 20.270904541015625, 54.05574417114258)
(173.78004455566406, 81.77439880371094, 20.270904541015625, 54.05574417114258)
(175.61647033691406, 81.29627227783203, 20.270904541015625, 54.05574417114258)
(177.09495544433594, 80.5922622680664, 20.270904541015625, 54.05574417114258)
(177.81707763671875, 80.58258056640625, 20.270904541015625, 54.05574417114258)
(180.18983459472656, 80.48241424560547, 20.270904541015625, 54.05574417114258)
(180.91734313964844, 80.3780746459961, 20.270904541015625, 54.05574417114258)
(181.610595703125, 80.2301254272461, 20.270904541015625, 54.05574417114258)
(182.61846923828125, 80.15126037597656, 20.270904541015625, 54.05574417114258)
(183.2546844482422, 80.05694580078125, 20.270904541015625, 54.05574417114258)
(183.10345458984375, 80.81734466552734, 20.270904541015625, 54.05574417114258)
(182.4750213623047, 82.68889617919922, 20.270904541015625, 54.05574417114258)
(182.92965698242188, 83.93478393554688, 20.270904541015625, 54.05574417114258)
(182.40179443359375, 85.53288269042969, 20.270904541015625, 54.05574417114258)
(182.04734802246094, 86.75331115722656, 20.270904541015625, 54.05574417114258)
(181.025634765625, 87.57132720947266, 20.270904541015625, 54.05574417114258)
(180.47425842285156, 88.58740997314453, 20.270904541015625, 54.05574417114258)
(180.20123291015625, 89.2083740234375, 20.270904541015625, 54.05574417114258)
(178.95314025878906, 89.13687133789062, 20.270904541015625, 54.05574417114258)
(178.03677368164062, 89.56129455566406, 20.270904541015625, 54.05574417114258)
(177.2216339111328, 90.51022338867188, 20.270904541015625, 54.05574417114258)
(176.19790649414062, 90.94815826416016, 20.270904541015625, 54.05574417114258)
(175.2799530029297, 91.46548461914062, 20.270904541015625, 54.05574417114258)
(174.42190551757812, 91.1607437133789, 20.270904541015625, 54.05574417114258)
(174.58738708496094, 91.00016021728516, 20.270904541015625, 54.05574417114258)
(175.01124572753906, 90.8014907836914, 20.270904541015625, 54.05574417114258)
(175.48867797851562, 91.41519165039062, 20.270904541015625, 54.05574417114258)
(176.90850830078125, 91.27500915527344, 20.270904541015625, 54.05574417114258)
(177.6608428955078, 90.89987182617188, 20.270904541015625, 54.05574417114258)
