(336, 165, 25, 60)
(336.5467675215201, 164.5908095565311, 24.686555288991, 59.2477326935784)
(342.0, 172.0, 20.0, 48.0)
(340.0, 164.0, 20.0, 48.0)
(338.74868400479323, 163.36633624040996, 20.893958894710455, 50.145501347305085)
(0.0, 0.0, 0.0, 0.0)
(0.0, 0.0, 0.0, 0.0)
(0.0, 0.0, 0.0, 0.0)
(0.0, 0.0, 0.0, 0.0)
(0.0, 0.0, 0.0, 0.0)
(0.0, 0.0, 0.0, 0.0)
(332.0, 172.0, 20.0, 48.0)
(332.0, 160.0, 20.0, 48.0)
(328.8, 163.2, 24.0, 57.599999999999994)
(544.8, 148.79999999999998, 24.0, 57.599999999999994)
(330.0, 164.0, 20.0, 48.0)
(426.0, 152.0, 20.0, 48.0)
(602.0, 284.0, 20.0, 48.0)
(308.15354879999995, 57.33089279999999, 71.66361599999999, 171.99267839999996)
(100.0, 180.0, 20.0, 48.0)
(544.0, 168.0, 20.0, 48.0)
(532.8, 163.2, 24.0, 57.599999999999994)
(525.3207275299678, 160.6286797877431, 24.1067993345956, 57.85631840302943)
(518.2551005616239, 159.1724125515107, 23.56874174784591, 56.56498019483017)
(261.59999999999997, 134.4, 24.0, 57.599999999999994)
(362.4, 139.2, 24.0, 57.599999999999994)
(460.79999999999995, 129.6, 24.0, 57.599999999999994)
(453.3622811191361, 127.66587178065332, 23.897563005868314, 57.35415121408395)
(336.0, 124.0, 20.0, 48.0)
(379.2, 115.19999999999999, 24.0, 57.599999999999994)
(378.0, 120.0, 20.0, 48.0)
(369.59999999999997, 120.0, 24.0, 57.599999999999994)
(359.3819908263415, 116.36420702985063, 24.34013211684811, 58.41631708043546)
(354.0, 120.0, 20.0, 48.0)
(398.4, 100.8, 24.0, 57.599999999999994)
(392.0, 116.0, 20.0, 48.0)
(282.0, 116.0, 20.0, 48.0)
(324.0, 105.6, 24.0, 57.599999999999994)
(320.5226496852318, 103.9213972084234, 24.314991156880218, 58.355978776512515)
(309.55222884913695, 100.59457607508682, 24.481907047819888, 58.75657691476772)
(302.0066063356478, 98.35070093919722, 24.466096410735695, 58.718631385765654)
(294.26509454313054, 96.4149660697731, 24.110557984051376, 57.86533916172329)
(285.9831005070904, 93.9478086791752, 24.20555191550666, 58.093324597215975)
(277.462316882115, 91.408868530992, 24.469287134207505, 58.726289122098)
(269.31895252357026, 89.18126135564088, 24.508152081765726, 58.81956499623773)
(260.8750998617669, 87.1578866103792, 24.696577620216214, 59.2717862885189)
(252.23185690067893, 85.14076671177591, 24.81710895254838, 59.5610614861161)
(243.9438335744726, 83.64646888928107, 24.570889979961077, 58.97013595190657)
(235.76957211326956, 81.18115275934693, 25.13112860060932, 60.31470864146235)
(227.7458206643938, 79.12410503155677, 25.030956937814008, 60.07429665075361)
(219.64360005179884, 77.12532936381915, 24.81819235245701, 59.563661645896815)
(203.90007382860597, 72.8627444799141, 24.487709398452104, 58.77050255628504)
(196.37972834160496, 70.5414879429476, 24.445758770891633, 58.66982105013991)
(192.44151807814657, 69.7276540992217, 24.284154395464654, 58.28197054911516)
(184.75719637138593, 68.11871324689263, 24.07250606093907, 57.77401454625376)
(172.80676492542617, 64.72858353830793, 23.996867488014857, 57.59248197123566)
(163.9597055484615, 63.11520051235253, 23.94675406420979, 57.472209754103496)
(159.4936231614441, 61.77319580108885, 24.18145484898681, 58.03549163756834)
(150.40841750833178, 59.568667901343886, 24.150450139586457, 57.961080335007495)
(136.09100090358302, 55.87033316835508, 24.138234398888653, 57.93176255733276)
(126.63944698460945, 53.45349829406851, 24.181654431660014, 58.03597063598403)
(121.66073231369298, 52.50789271521663, 24.12520590484062, 57.90049417161748)
(106.54226498001934, 48.5416001366167, 24.343021309492578, 58.42325114278218)
(96.25274354616545, 47.283664283746276, 23.523962370559726, 56.45750968934333)
(85.7663410674278, 45.22485088604546, 23.343958184968617, 56.02549964392467)
(74.62963288810109, 43.14144653764376, 22.94559872575096, 55.06943694180229)
(63.32798815095864, 40.98613777934173, 22.6668691570671, 54.40048597696103)
(52.20798785394272, 39.426078961034776, 21.996423584106747, 52.79141660185618)
(86.0, 40.0, 20.0, 48.0)
(75.43478883806, 37.94021638639282, 20.073117941555786, 48.17548305973389)
(18.0, 28.0, 20.0, 48.0)
(6.741331589322135, 20.814661436321366, 25.41506097296706, 60.99614633512094)
(5.278265748517166, 16.184845242730262, 27.84620421310971, 66.8308901114633)
(234.0, 140.0, 20.0, 48.0)
(16.0, 20.0, 20.0, 48.0)
(14.629437912140347, 16.665072604737418, 22.751816772154854, 54.60436025317165)
(14.430820226168459, 16.233737753619728, 23.123720646906246, 55.496929552575)
(423.35999999999996, 0.0, 28.799999999999997, 69.12)
(410.4, 4.8, 24.0, 57.599999999999994)
(396.0, 4.8, 24.0, 57.599999999999994)
(394.0, 4.0, 20.0, 48.0)
(381.7480808127795, 1.2060455391106935, 20.140312983816038, 48.336751161158496)
(364.0, 4.0, 20.0, 48.0)
(352.7635494017506, 0.9797445163499248, 20.68011555196751, 49.632277324722025)
(406.0, 280.0, 20.0, 48.0)
(106.0, 140.0, 20.0, 48.0)
(500.0, 292.0, 20.0, 48.0)
(524.0, 300.0, 20.0, 48.0)
(600.0, 292.0, 20.0, 48.0)
(599.9821424606489, 291.9147529895416, 20.09980199276479, 48.2395247826355)
(599.9245454908685, 291.78972521812335, 20.210845541700582, 48.5060293000814)
(504.0, 288.0, 20.0, 48.0)
(572.0, 288.0, 20.0, 48.0)
(536.0, 280.0, 20.0, 48.0)
(410.0, 296.0, 20.0, 48.0)
(411.2822232616134, 295.30136842064564, 20.561987802945044, 49.3487707270681)
(411.9338750963541, 295.47284625175763, 20.392106985026185, 48.941056764062836)
(414.0, 296.0, 20.0, 48.0)
(556.0, 280.0, 20.0, 48.0)
(584.0, 292.0, 20.0, 48.0)
(214.0, 248.0, 20.0, 48.0)
(414.0, 296.0, 20.0, 48.0)
(498.0, 288.0, 20.0, 48.0)
(414.0, 296.0, 20.0, 48.0)
(364.0, 248.0, 20.0, 48.0)
(458.0, 240.0, 20.0, 48.0)
(348.0, 244.0, 20.0, 48.0)
(428.0, 232.0, 20.0, 48.0)
(472.0, 244.0, 20.0, 48.0)
(470.0, 244.0, 20.0, 48.0)
(560.0, 284.0, 20.0, 48.0)
(354.0, 244.0, 20.0, 48.0)
(276.0, 248.0, 20.0, 48.0)
(275.44886222478016, 247.7422961949412, 20.18098038442401, 48.43435292261762)
(520.0, 272.0, 20.0, 48.0)
(508.0, 268.0, 20.0, 48.0)
(192.0, 256.0, 20.0, 48.0)
(191.91500196364245, 255.93006843344503, 20.057691385215087, 48.13845932451621)
(191.78863108580532, 255.90597144187026, 20.062691441670612, 48.15045946000947)
(410.0, 296.0, 20.0, 48.0)
(508.0, 300.0, 20.0, 48.0)
(586.0, 288.0, 20.0, 48.0)
(542.0, 276.0, 20.0, 48.0)
(564.0, 292.0, 20.0, 48.0)
(514.0, 268.0, 20.0, 48.0)
(608.0, 304.0, 20.0, 48.0)
(434.0, 248.0, 20.0, 48.0)
(590.0, 300.0, 20.0, 48.0)
(432.0, 248.0, 20.0, 48.0)
(564.0, 292.0, 20.0, 48.0)
(514.0, 304.0, 20.0, 48.0)
(542.0, 288.0, 20.0, 48.0)
(588.0, 300.0, 20.0, 48.0)
(244.0, 256.0, 20.0, 48.0)
(360.0, 288.0, 20.0, 48.0)
(290.0, 236.0, 20.0, 48.0)
(304.0, 240.0, 20.0, 48.0)
(336.0, 248.0, 20.0, 48.0)
(454.0, 256.0, 20.0, 48.0)
(54.0, 212.0, 20.0, 48.0)
(336.0, 260.0, 20.0, 48.0)
(434.0, 252.0, 20.0, 48.0)
(334.0, 260.0, 20.0, 48.0)
(414.0, 248.0, 20.0, 48.0)
(600.0, 304.0, 20.0, 48.0)
(568.0, 296.0, 20.0, 48.0)
(568.0, 296.0, 20.0, 48.0)
(536.0, 288.0, 20.0, 48.0)
(538.0, 288.0, 20.0, 48.0)
(396.0, 276.0, 20.0, 48.0)
(548.0, 288.0, 20.0, 48.0)
(352.0, 288.0, 20.0, 48.0)
(556.0, 288.0, 20.0, 48.0)
(562.0, 288.0, 20.0, 48.0)
(548.0, 284.0, 20.0, 48.0)
(326.0, 256.0, 20.0, 48.0)
(586.0, 292.0, 20.0, 48.0)
(544.0, 280.0, 20.0, 48.0)
(224.0, 224.0, 20.0, 48.0)
(598.0, 292.0, 20.0, 48.0)
(382.0, 268.0, 20.0, 48.0)
(526.0, 276.0, 20.0, 48.0)
(612.0, 260.0, 20.0, 48.0)
(578.0, 288.0, 20.0, 48.0)
(472.0, 256.0, 20.0, 48.0)
(598.0, 292.0, 20.0, 48.0)
(564.0, 308.0, 20.0, 48.0)
(504.0, 292.0, 20.0, 48.0)
(324.0, 276.0, 20.0, 48.0)
(558.0, 268.0, 20.0, 48.0)
(542.0, 264.0, 20.0, 48.0)
(380.0, 284.0, 20.0, 48.0)
(362.0, 248.0, 20.0, 48.0)
(388.0, 284.0, 20.0, 48.0)
(554.0, 292.0, 20.0, 48.0)
(510.0, 280.0, 20.0, 48.0)
(386.0, 276.0, 20.0, 48.0)
(594.0, 292.0, 20.0, 48.0)
(578.0, 288.0, 20.0, 48.0)
(548.0, 280.0, 20.0, 48.0)
(382.0, 296.0, 20.0, 48.0)
(360.0, 292.0, 20.0, 48.0)
(96.0, 248.0, 20.0, 48.0)
(342.14399999999995, 89.856, 34.559999999999995, 82.94399999999999)
(616.0, 292.0, 20.0, 48.0)
(345.59999999999997, 131.32799999999997, 34.559999999999995, 82.94399999999999)
(500.0, 272.0, 20.0, 48.0)
(618.0, 292.0, 20.0, 48.0)
(618.0, 292.0, 20.0, 48.0)
(618.06733052949, 291.8073116545651, 20.173505444926203, 48.41641306782289)
(618.06733052949, 291.8073116545651, 20.173505444926203, 48.41641306782289)
(540.0, 304.0, 20.0, 48.0)
(532.0, 280.0, 20.0, 48.0)
(586.0, 288.0, 20.0, 48.0)
(68.0, 240.0, 20.0, 48.0)
(428.0, 264.0, 20.0, 48.0)
(50.0, 264.0, 20.0, 48.0)
(432.0, 264.0, 20.0, 48.0)
(320.0, 132.0, 20.0, 48.0)
(108.0, 248.0, 20.0, 48.0)
(108.0, 196.0, 20.0, 48.0)
(106.0, 196.0, 20.0, 48.0)
(310.0, 132.0, 20.0, 48.0)
(450.0, 160.0, 20.0, 48.0)
(364.0, 276.0, 20.0, 48.0)
(192.0, 252.0, 20.0, 48.0)
(72.0, 220.0, 20.0, 48.0)
(164.0, 268.0, 20.0, 48.0)
(118.0, 264.0, 20.0, 48.0)
(616.0, 308.0, 20.0, 48.0)
(284.0, 120.0, 20.0, 48.0)
(602.4, 288.0, 24.0, 57.599999999999994)
(576.0, 276.48, 28.799999999999997, 69.12)
(552.6604062610897, 274.1978180441935, 28.376404274695506, 68.10337025926923)
(530.0985514883157, 271.731983777036, 28.248038624930953, 67.79529269983429)
(192.0, 272.0, 20.0, 48.0)
(501.11999999999995, 193.53599999999997, 34.559999999999995, 82.94399999999999)
(596.0, 260.0, 20.0, 48.0)
(478.0, 192.0, 20.0, 48.0)
(474.0, 276.0, 20.0, 48.0)
(94.0, 204.0, 20.0, 48.0)
(68.0, 216.0, 20.0, 48.0)
(362.88, 230.39999999999998, 28.799999999999997, 69.12)
(280.8, 120.0, 24.0, 57.599999999999994)
(348.0, 4.8, 24.0, 57.599999999999994)
(328.04043460414573, 5.3094911700669165, 23.834658135458557, 57.20317952510053)
(307.90023551010455, 4.9853996663895686, 24.020451831353416, 57.649084395248195)
(288.0, 4.8, 24.0, 57.599999999999994)
(268.53388334461596, 5.266557339395156, 23.977429843971237, 57.545831625530965)
(249.63364013793375, 5.042484015519786, 24.133415524913723, 57.920197259792936)
(231.46429461349683, 5.466751625767614, 23.48167383452979, 56.3560172028715)
(216.0, 8.0, 20.0, 48.0)
(197.96700430013618, 8.546395494887374, 19.88688373371202, 47.728520960908845)
(181.64064683798472, 10.208104474151618, 18.484422876764928, 44.362614904235826)
(165.54666024013937, 11.31673234855133, 17.829836258002473, 42.791607019205934)
(150.10075010713308, 12.18217768326684, 17.662711821866665, 42.39050837247999)
(135.77696294788288, 13.32444885262888, 17.238112068101422, 41.37146896344341)
(124.0, 216.0, 20.0, 48.0)
(396.0, 120.0, 24.0, 57.599999999999994)
(373.3349615118124, 120.0385466054006, 23.99270515020328, 57.582492360487876)
(362.43675184996823, 119.87461435203312, 23.955079063735432, 57.49218975296504)
(357.59999999999997, 110.39999999999999, 24.0, 57.599999999999994)
(56.0, 212.0, 20.0, 48.0)
(35.94210628623418, 213.75954904448156, 20.369678418742577, 48.88722820498218)
(21.443406159912684, 214.60055784043107, 20.93194759838752, 50.23667423613004)
(14.0, 220.0, 20.0, 48.0)
(608.0, 96.0, 20.0, 48.0)
(584.9509263779806, 96.87031000759308, 20.100893826069893, 48.24214518256775)
(259.2, 124.8, 24.0, 57.599999999999994)
(251.11988739205086, 125.64505884248457, 23.923836055742022, 57.41720653378084)
(225.6, 124.8, 24.0, 57.599999999999994)
(210.0, 132.0, 20.0, 48.0)
(192.0, 129.6, 24.0, 57.599999999999994)
(174.1763109026759, 132.07739726505497, 24.267846334296635, 58.24283120231192)
(156.2121662478627, 134.96846413158926, 24.399962548219882, 58.55991011572771)
(137.70537035257288, 138.14123479344056, 24.65307155071359, 59.167371721712605)
(119.21577097980591, 141.41556611081154, 24.928084810407697, 59.82740354497846)
(100.96855456110077, 144.63847595396606, 25.054979195669546, 60.131950069606894)
(81.6, 148.79999999999998, 24.0, 57.599999999999994)
(244.0, 292.0, 20.0, 48.0)
(46.08, 155.51999999999998, 28.799999999999997, 69.12)
(28.061881742993872, 159.2661646206853, 28.925088442723187, 69.42021226253566)
(554.0, 132.0, 20.0, 48.0)
(554.0, 256.0, 20.0, 48.0)
(104.0, 148.0, 20.0, 48.0)
(88.0, 144.0, 20.0, 48.0)
(62.0, 148.0, 20.0, 48.0)
(44.99661966423575, 149.88069792414626, 20.143395498188656, 48.344149195652776)
(36.437218655169524, 150.7837074018014, 20.290456793664855, 48.69709630479566)
(19.401216980379807, 152.83888510838028, 20.378790862238432, 48.90909806937224)
(504.0, 284.0, 20.0, 48.0)
(543.2832, 41.471999999999994, 41.471999999999994, 99.5328)
(535.7335334930809, 42.28399697763264, 41.59403809196302, 99.82569142071125)
(514.2528, 41.471999999999994, 41.471999999999994, 99.5328)
(502.80958114691305, 42.3836211271031, 41.34397237414258, 99.22553369794221)
(493.35037626966624, 43.664039797687266, 40.12606010715187, 96.3025442571645)
(364.0, 124.0, 20.0, 48.0)
(584.0, 52.0, 20.0, 48.0)
(573.1689993709501, 54.5827484536591, 19.66053641434984, 47.18528739443961)
(563.2402378906336, 54.42963261354588, 21.47142851560793, 51.53142843745903)
(552.0, 60.0, 20.0, 48.0)
(541.9701634484913, 63.101105746838286, 19.781719001454753, 47.476125603491404)
(532.0, 64.0, 20.0, 48.0)
(604.0, 84.0, 20.0, 48.0)
(593.9257262718191, 84.65585865295176, 21.76524667511181, 52.23659202026835)
(577.9098173191475, 92.47928910501655, 19.611578740611215, 47.06778897746691)
(569.8080027579543, 94.74778892499872, 19.883933448934997, 47.72144027744398)
(565.9633296587125, 96.16148458911324, 19.69669273335616, 47.27206256005477)
(559.1056841945854, 98.20398920445595, 19.19329469676685, 46.06390727224043)
(464.0, 84.0, 20.0, 48.0)
(455.7857435905725, 85.4241253766514, 20.847702271979955, 50.03448545275189)
(450.70077780058796, 86.31872737814936, 21.654718812886603, 51.971325150927846)
(441.5936611264354, 88.20446352229266, 22.460565930722915, 53.905358233734994)
(418.0, 108.0, 20.0, 48.0)
(408.9047823868976, 111.14595130033152, 20.571752364876733, 49.372205675704166)
(404.39831377292006, 112.8845922761995, 20.80441615533179, 49.9305987727963)
(391.0437568054055, 119.31512756954551, 20.557811096220206, 49.338746630928505)
(358.0, 100.0, 20.0, 48.0)
(376.0, 124.0, 20.0, 48.0)
(367.371028247522, 126.85856624375984, 20.11054360261225, 48.2653046462694)
(364.0, 124.0, 20.0, 48.0)
(356.0, 124.0, 20.0, 48.0)
(345.1229069452637, 126.68975358513687, 20.529515699316285, 49.27083767835908)
(336.0, 132.0, 20.0, 48.0)
(325.9507786340227, 135.43694684665454, 20.372368513204556, 48.89368443169093)
(480.0, 180.0, 20.0, 48.0)
(306.0, 144.0, 20.0, 48.0)
(470.0, 180.0, 20.0, 48.0)
(332.0, 168.0, 20.0, 48.0)
(326.0180671379104, 171.0937273419225, 19.657408204647936, 47.17777969115505)
(450.0, 188.0, 20.0, 48.0)
(334.0, 160.0, 20.0, 48.0)
(328.42734592193034, 162.51056826194917, 20.985640187389365, 50.36553644973447)
(322.0, 172.0, 20.0, 48.0)
(320.0, 172.0, 20.0, 48.0)
(322.0, 204.0, 20.0, 48.0)
(316.82685826815697, 208.38289124006116, 19.893402604311024, 47.74416625034645)
(313.8874323630257, 210.8831274661836, 20.098182148948567, 48.23563715747656)
(313.17990121310703, 212.1958467737615, 19.78103619683285, 47.47448687239885)
(311.3230615571271, 210.2083769119098, 22.403345879886366, 53.768030111727285)
(308.4115934135313, 214.3741019634712, 22.81728558504679, 54.7614854041123)
(306.0956678928253, 216.39682248623774, 23.653238188958774, 56.767771653501065)
(288.0, 240.0, 20.0, 48.0)
(284.58173445651045, 239.5868243167189, 22.976911946354054, 55.144588671249736)
(294.0, 236.0, 20.0, 48.0)
(296.5428245208877, 237.73909171634142, 19.506147833224606, 46.814754799739056)
(290.0, 244.0, 20.0, 48.0)
(292.0, 244.0, 20.0, 48.0)
(293.4599446019755, 243.89654435187012, 20.03878999526773, 48.09309598864256)
(293.4196486616368, 242.78249400716666, 21.90453812594509, 52.570891502268225)
(194.0, 240.0, 20.0, 48.0)
(195.45339995672296, 245.2601600182054, 18.82295167346816, 45.17508401632358)
(278.0, 264.0, 20.0, 48.0)
(312.0, 284.0, 20.0, 48.0)
(236.0, 260.0, 20.0, 48.0)
(238.0, 260.0, 20.0, 48.0)
(238.6489987913832, 262.1717908249056, 19.17732895531954, 46.0255894927669)
(238.71974550131935, 263.08503385648675, 19.888435633103477, 47.73224551944835)
(238.3250636394329, 266.38990004909203, 21.242542398868594, 50.98210175728463)
(238.30143257433184, 268.36051093230265, 21.280893396258207, 51.07414415101971)
(238.53574643474553, 272.3502567754206, 21.265177052383905, 51.03642492572138)
(238.4743154142353, 274.2978906855709, 21.338722687154434, 51.212934449170646)
(282.0, 288.0, 20.0, 48.0)
(281.83197337986064, 288.9656570101031, 20.368890154341166, 48.8853363704188)
(282.0, 292.0, 20.0, 48.0)
(282.6475226509127, 291.0639847821124, 21.555693223565186, 51.73366373655645)
(238.0, 288.0, 20.0, 48.0)
(239.0001404151282, 289.355457845917, 19.32778313458739, 46.38667952300973)
(239.0001404151282, 289.355457845917, 19.32778313458739, 46.38667952300973)
(239.0001404151282, 289.355457845917, 19.32778313458739, 46.38667952300973)
