(257, 163, 57, 36)
(256.81427001953125, 163.02508544921875, 57.0, 36.0)
(256.42047119140625, 163.15090942382812, 57.0, 36.0)
(254.6569366455078, 161.945556640625, 60.48884963989258, 38.20348358154297)
(253.6002655029297, 161.9568634033203, 61.69862747192383, 38.967552185058594)
(252.0804901123047, 161.92791748046875, 62.93259811401367, 39.74690246582031)
(253.54296875, 163.31399536132812, 59.30279541015625, 37.45439529418945)
(254.0707550048828, 162.7700958251953, 58.139991760253906, 36.719993591308594)
(253.83517456054688, 162.8342742919922, 56.99999237060547, 35.999996185302734)
(253.8503875732422, 164.14645385742188, 53.71236801147461, 33.92359924316406)
(253.02516174316406, 162.24246215820312, 55.88234329223633, 35.29411315917969)
(253.03184509277344, 163.35159301757812, 53.712364196777344, 33.92359924316406)
(252.09524536132812, 162.5866241455078, 54.78661346435547, 34.60206985473633)
(251.85317993164062, 162.90557861328125, 54.78661346435547, 34.60206985473633)
(251.71458435058594, 163.08050537109375, 53.712364196777344, 33.92359924316406)
(249.860107421875, 161.37118530273438, 56.99998474121094, 35.99999237060547)
(248.45298767089844, 160.97842407226562, 58.139984130859375, 36.71998977661133)
(248.21250915527344, 160.67755126953125, 58.139984130859375, 36.71998977661133)
(247.5456085205078, 160.29376220703125, 58.139984130859375, 36.71998977661133)
(246.8234405517578, 160.66378784179688, 58.139984130859375, 36.71998977661133)
(246.4891357421875, 159.36676025390625, 59.30278015136719, 37.45438766479492)
(245.97572326660156, 160.22732543945312, 58.13998031616211, 36.71998596191406)
(244.86412048339844, 159.7080841064453, 59.302772521972656, 37.454383850097656)
(244.3671417236328, 159.58773803710938, 59.302772521972656, 37.454383850097656)
(244.36158752441406, 159.79737854003906, 58.13997268676758, 36.7199821472168)
(244.7372589111328, 159.02981567382812, 58.13997268676758, 36.7199821472168)
(243.98899841308594, 159.0071563720703, 58.13997268676758, 36.7199821472168)
(243.2950897216797, 158.95492553710938, 58.13997268676758, 36.7199821472168)
(242.65724182128906, 158.26039123535156, 59.30276870727539, 37.45438003540039)
(242.0713653564453, 159.16737365722656, 59.30276870727539, 37.45438003540039)
(242.32435607910156, 158.74163818359375, 59.30276870727539, 37.45438003540039)
(242.6291046142578, 158.31455993652344, 59.30276870727539, 37.45438003540039)
(241.6332550048828, 157.98521423339844, 59.30276870727539, 37.45438003540039)
(241.41883850097656, 158.49327087402344, 58.13997268676758, 36.7199821472168)
(240.9033966064453, 158.07199096679688, 58.13997268676758, 36.7199821472168)
(241.21315002441406, 157.56138610839844, 58.13997268676758, 36.7199821472168)
(239.0911102294922, 157.27450561523438, 59.30276870727539, 37.45438003540039)
(240.41407775878906, 156.84083557128906, 59.30276870727539, 37.45438003540039)
(238.9254608154297, 157.2627716064453, 59.30276870727539, 37.45438003540039)
(239.8284149169922, 157.67526245117188, 58.13997268676758, 36.7199821472168)
(240.08958435058594, 156.8653106689453, 59.30276870727539, 37.45438003540039)
(239.10337829589844, 156.96478271484375, 59.30276870727539, 37.45438003540039)
(238.9861602783203, 156.89633178710938, 59.30276870727539, 37.45438003540039)
(238.81297302246094, 156.90252685546875, 59.30276870727539, 37.45438003540039)
(238.50550842285156, 157.01339721679688, 59.30276870727539, 37.45438003540039)
(238.10023498535156, 157.18177795410156, 59.30276870727539, 37.45438003540039)
(238.44496154785156, 157.0357666015625, 59.30276870727539, 37.45438003540039)
(237.98008728027344, 157.31056213378906, 59.30276870727539, 37.45438003540039)
(237.71566772460938, 156.0889129638672, 60.48882293701172, 38.203468322753906)
(238.10934448242188, 156.27474975585938, 60.48882293701172, 38.203468322753906)
(237.2381591796875, 156.3101043701172, 60.48882293701172, 38.203468322753906)
(237.1507568359375, 156.30320739746094, 60.48882293701172, 38.203468322753906)
(236.833251953125, 156.21353149414062, 60.48882293701172, 38.203468322753906)
(237.15745544433594, 156.34483337402344, 59.30276870727539, 37.45438003540039)
(238.02281188964844, 156.14593505859375, 58.13997268676758, 36.7199821472168)
(236.92649841308594, 156.15818786621094, 58.13997268676758, 36.7199821472168)
(236.4866180419922, 155.6419677734375, 59.30276870727539, 37.45438003540039)
(236.19154357910156, 155.91885375976562, 59.30276870727539, 37.45438003540039)
(236.70494079589844, 156.03790283203125, 59.30276870727539, 37.45438003540039)
(236.14820861816406, 155.9595489501953, 59.30276870727539, 37.45438003540039)
(236.3834991455078, 155.55770874023438, 59.30276870727539, 37.45438003540039)
(236.30299377441406, 155.59097290039062, 58.13997268676758, 36.7199821472168)
(235.5924835205078, 155.56414794921875, 58.13997268676758, 36.7199821472168)
(235.0953826904297, 154.91836547851562, 59.30276870727539, 37.45438003540039)
(235.51963806152344, 155.1163787841797, 59.30276870727539, 37.45438003540039)
(235.13450622558594, 155.36038208007812, 59.30276870727539, 37.45438003540039)
(236.3339385986328, 154.4336395263672, 58.13997268676758, 36.7199821472168)
(234.8595733642578, 155.20260620117188, 58.13997268676758, 36.7199821472168)
(235.6136016845703, 154.0164031982422, 58.13997268676758, 36.7199821472168)
(235.0269012451172, 154.33477783203125, 58.13997268676758, 36.7199821472168)
(234.5746612548828, 154.671142578125, 58.13997268676758, 36.7199821472168)
(235.0218048095703, 153.620361328125, 58.13997268676758, 36.7199821472168)
(233.0782012939453, 154.4676971435547, 59.30276870727539, 37.45438003540039)
(234.59153747558594, 153.37303161621094, 59.30276870727539, 37.45438003540039)
(234.68177795410156, 154.0050506591797, 58.13997268676758, 36.7199821472168)
(234.45411682128906, 152.92955017089844, 59.30276870727539, 37.45438003540039)
(233.4578399658203, 154.0997314453125, 59.30276870727539, 37.45438003540039)
(233.61204528808594, 153.9125213623047, 59.30276870727539, 37.45438003540039)
(233.80455017089844, 153.49920654296875, 59.30276870727539, 37.45438003540039)
(233.86793518066406, 153.11404418945312, 59.30276870727539, 37.45438003540039)
(233.4110565185547, 153.6382598876953, 59.30276870727539, 37.45438003540039)
(233.41261291503906, 153.2596893310547, 59.30276870727539, 37.45438003540039)
(232.9800567626953, 153.63104248046875, 59.30276870727539, 37.45438003540039)
(233.4428253173828, 152.93133544921875, 59.30276870727539, 37.45438003540039)
(232.9550323486328, 153.23834228515625, 59.30276870727539, 37.45438003540039)
(233.2458953857422, 153.23716735839844, 59.30276870727539, 37.45438003540039)
(232.77566528320312, 152.8861083984375, 60.48882293701172, 38.203468322753906)
(232.229736328125, 153.1986541748047, 60.48882293701172, 38.203468322753906)
(232.49652099609375, 152.6246795654297, 60.48882293701172, 38.203468322753906)
(231.94784545898438, 152.3169708251953, 61.6985969543457, 38.96753692626953)
(231.987060546875, 152.43804931640625, 61.6985969543457, 38.96753692626953)
(231.88961791992188, 152.63365173339844, 61.6985969543457, 38.96753692626953)
(232.33242797851562, 151.6650848388672, 61.6985969543457, 38.96753692626953)
(231.14947509765625, 151.45327758789062, 62.93257141113281, 39.74688720703125)
(231.2177734375, 151.61480712890625, 62.93257141113281, 39.74688720703125)
(231.31216430664062, 151.66860961914062, 62.93257141113281, 39.74688720703125)
(232.78524780273438, 152.47805786132812, 60.48882293701172, 38.203468322753906)
(231.63189697265625, 151.86911010742188, 61.6985969543457, 38.96753692626953)
(231.73095703125, 151.5178680419922, 61.6985969543457, 38.96753692626953)
(231.88583374023438, 151.10736083984375, 61.6985969543457, 38.96753692626953)
(231.256591796875, 151.18429565429688, 62.93257141113281, 39.74688720703125)
(231.29367065429688, 151.0343017578125, 62.93257141113281, 39.74688720703125)
(231.29226684570312, 151.38572692871094, 62.93257141113281, 39.74688720703125)
(231.46478271484375, 151.05152893066406, 62.93257141113281, 39.74688720703125)
(230.97018432617188, 150.94558715820312, 64.19122314453125, 40.54182434082031)
(231.11709594726562, 151.05116271972656, 62.93257141113281, 39.74688720703125)
(231.277099609375, 151.178466796875, 62.93257141113281, 39.74688720703125)
(231.57809448242188, 150.4093475341797, 62.93257141113281, 39.74688720703125)
(231.23126220703125, 150.59371948242188, 62.93257141113281, 39.74688720703125)
(231.30685424804688, 150.7332763671875, 62.93257141113281, 39.74688720703125)
(231.47500610351562, 150.73388671875, 62.93257141113281, 39.74688720703125)
(231.6246337890625, 150.72467041015625, 62.93257141113281, 39.74688720703125)
(231.259521484375, 150.7903289794922, 62.93257141113281, 39.74688720703125)
(231.49569702148438, 150.77732849121094, 62.93257141113281, 39.74688720703125)
(231.773681640625, 150.66026306152344, 62.93257141113281, 39.74688720703125)
(231.3218994140625, 150.56370544433594, 62.93257141113281, 39.74688720703125)
(231.60452270507812, 150.360107421875, 62.93257141113281, 39.74688720703125)
(231.26034545898438, 150.22926330566406, 62.93257141113281, 39.74688720703125)
(232.12701416015625, 150.36827087402344, 61.6985969543457, 38.96753692626953)
(231.68719482421875, 150.32620239257812, 62.93257141113281, 39.74688720703125)
(231.92572021484375, 150.48155212402344, 61.6985969543457, 38.96753692626953)
(231.56820678710938, 150.35748291015625, 62.93257141113281, 39.74688720703125)
(231.95196533203125, 150.41024780273438, 61.6985969543457, 38.96753692626953)
(232.24664306640625, 150.64031982421875, 61.6985969543457, 38.96753692626953)
(231.85565185546875, 150.12741088867188, 61.6985969543457, 38.96753692626953)
(232.12823486328125, 150.3496551513672, 61.6985969543457, 38.96753692626953)
(232.46218872070312, 150.51513671875, 61.6985969543457, 38.96753692626953)
(232.20895385742188, 150.71267700195312, 61.6985969543457, 38.96753692626953)
(231.83843994140625, 150.24496459960938, 61.6985969543457, 38.96753692626953)
(232.18331909179688, 150.36532592773438, 61.6985969543457, 38.96753692626953)
(231.9588623046875, 150.53627014160156, 61.6985969543457, 38.96753692626953)
(232.358154296875, 149.97512817382812, 61.6985969543457, 38.96753692626953)
(232.17013549804688, 150.16473388671875, 61.6985969543457, 38.96753692626953)
(231.93408203125, 150.32815551757812, 61.6985969543457, 38.96753692626953)
(232.30157470703125, 150.45643615722656, 61.6985969543457, 38.96753692626953)
(232.07485961914062, 150.6326141357422, 61.6985969543457, 38.96753692626953)
(232.55746459960938, 150.0218505859375, 61.6985969543457, 38.96753692626953)
(232.31637573242188, 150.1709747314453, 61.6985969543457, 38.96753692626953)
(232.16351318359375, 150.3001708984375, 61.6985969543457, 38.96753692626953)
(232.02175903320312, 150.40231323242188, 61.6985969543457, 38.96753692626953)
(232.45120239257812, 150.5119171142578, 61.6985969543457, 38.96753692626953)
(232.23263549804688, 150.64820861816406, 61.6985969543457, 38.96753692626953)
(232.02499389648438, 150.0436248779297, 61.6985969543457, 38.96753692626953)
(232.49862670898438, 150.1503143310547, 61.6985969543457, 38.96753692626953)
(232.322998046875, 150.3115692138672, 61.6985969543457, 38.96753692626953)
(232.14459228515625, 150.3777618408203, 61.6985969543457, 38.96753692626953)
(232.57916259765625, 150.44093322753906, 61.6985969543457, 38.96753692626953)
(232.46978759765625, 150.54225158691406, 61.6985969543457, 38.96753692626953)
(232.19354248046875, 149.93319702148438, 61.6985969543457, 38.96753692626953)
(232.00787353515625, 150.09783935546875, 61.6985969543457, 38.96753692626953)
(232.52236938476562, 150.26654052734375, 61.6985969543457, 38.96753692626953)
(232.37966918945312, 150.3335418701172, 61.6985969543457, 38.96753692626953)
(232.24490356445312, 150.39108276367188, 61.6985969543457, 38.96753692626953)
(232.10232543945312, 150.4677734375, 61.6985969543457, 38.96753692626953)
(232.53811645507812, 150.5995330810547, 61.6985969543457, 38.96753692626953)
(232.31475830078125, 150.01507568359375, 61.6985969543457, 38.96753692626953)
(232.22735595703125, 150.1477813720703, 61.6985969543457, 38.96753692626953)
(232.13796997070312, 150.27432250976562, 61.6985969543457, 38.96753692626953)
(232.61074829101562, 150.44374084472656, 61.6985969543457, 38.96753692626953)
(231.84902954101562, 150.17042541503906, 62.93257141113281, 39.74688720703125)
(232.24148559570312, 150.1075897216797, 61.6985969543457, 38.96753692626953)
(232.09259033203125, 150.23037719726562, 61.6985969543457, 38.96753692626953)
(232.52566528320312, 150.34275817871094, 61.6985969543457, 38.96753692626953)
(232.39508056640625, 150.4624481201172, 61.6985969543457, 38.96753692626953)
(231.55770874023438, 150.1836700439453, 62.93257141113281, 39.74688720703125)
(231.94418334960938, 150.2255859375, 61.6985969543457, 38.96753692626953)
(232.35580444335938, 150.30601501464844, 61.6985969543457, 38.96753692626953)
(232.0966796875, 150.43917846679688, 61.6985969543457, 38.96753692626953)
(231.89364624023438, 150.2401580810547, 62.93257141113281, 39.74688720703125)
(232.21310424804688, 150.2911376953125, 61.6985969543457, 38.96753692626953)
(231.92935180664062, 150.41604614257812, 61.6985969543457, 38.96753692626953)
(231.68502807617188, 150.2120361328125, 62.93257141113281, 39.74688720703125)
(231.88641357421875, 150.2688446044922, 61.6985969543457, 38.96753692626953)
(232.13137817382812, 150.4788055419922, 61.6985969543457, 38.96753692626953)
(231.70831298828125, 150.34829711914062, 62.93257141113281, 39.74688720703125)
(231.80380249023438, 150.35693359375, 61.6985969543457, 38.96753692626953)
(231.40213012695312, 150.21649169921875, 62.93257141113281, 39.74688720703125)
(232.1153564453125, 150.32177734375, 61.6985969543457, 38.96753692626953)
(231.45278930664062, 150.30934143066406, 62.93257141113281, 39.74688720703125)
(231.9683837890625, 150.47288513183594, 61.6985969543457, 38.96753692626953)
(231.27371215820312, 150.46658325195312, 62.93257141113281, 39.74688720703125)
(230.90542602539062, 150.2910614013672, 62.93257141113281, 39.74688720703125)
(230.43795776367188, 150.16050720214844, 62.93257141113281, 39.74688720703125)
(230.73828125, 150.12820434570312, 62.93257141113281, 39.74688720703125)
(229.98291015625, 150.06976318359375, 62.93257141113281, 39.74688720703125)
(230.15579223632812, 150.72988891601562, 62.93257141113281, 39.74688720703125)
(229.95199584960938, 150.8519287109375, 62.93257141113281, 39.74688720703125)
(229.59201049804688, 151.02130126953125, 62.93257141113281, 39.74688720703125)
(229.15802001953125, 151.18577575683594, 62.93257141113281, 39.74688720703125)
(229.02359008789062, 150.57321166992188, 62.93257141113281, 39.74688720703125)
(229.30874633789062, 150.79635620117188, 62.93257141113281, 39.74688720703125)
(229.40060424804688, 150.93345642089844, 62.93257141113281, 39.74688720703125)
(229.33956909179688, 151.10821533203125, 62.93257141113281, 39.74688720703125)
(229.39334106445312, 151.29367065429688, 62.93257141113281, 39.74688720703125)
(228.53427124023438, 150.52337646484375, 62.93257141113281, 39.74688720703125)
(228.3016357421875, 150.67381286621094, 62.93257141113281, 39.74688720703125)
(228.81976318359375, 150.94784545898438, 62.93257141113281, 39.74688720703125)
(228.65512084960938, 150.8101806640625, 62.93257141113281, 39.74688720703125)
(228.1378173828125, 150.69776916503906, 62.93257141113281, 39.74688720703125)
(228.45944213867188, 150.79421997070312, 62.93257141113281, 39.74688720703125)
(228.6083984375, 151.04617309570312, 62.93257141113281, 39.74688720703125)
(227.63259887695312, 150.86602783203125, 62.93257141113281, 39.74688720703125)
(227.57400512695312, 150.77195739746094, 62.93257141113281, 39.74688720703125)
(227.29632568359375, 150.7401580810547, 62.93257141113281, 39.74688720703125)
(227.96466064453125, 150.6873321533203, 62.93257141113281, 39.74688720703125)
(227.58871459960938, 150.31326293945312, 62.93257141113281, 39.74688720703125)
(226.42727661132812, 149.44039916992188, 64.19122314453125, 40.54182434082031)
(226.95889282226562, 149.25596618652344, 65.47504425048828, 41.3526611328125)
(227.525146484375, 149.99012756347656, 64.19121551513672, 40.54182052612305)
(226.93374633789062, 148.8683319091797, 65.47503662109375, 41.35265350341797)
(227.10751342773438, 148.9371795654297, 65.47503662109375, 41.35265350341797)
(226.70452880859375, 148.55418395996094, 66.78453826904297, 42.17970657348633)
(224.5687255859375, 148.47474670410156, 68.12022399902344, 43.02329635620117)
(225.54531860351562, 149.19863891601562, 66.78453063964844, 42.17970275878906)
(225.9755859375, 148.85122680664062, 66.78453063964844, 42.17970275878906)
(225.8016357421875, 149.4941864013672, 65.47502899169922, 41.3526496887207)
(225.13735961914062, 148.55783081054688, 66.78453063964844, 42.17970275878906)
(223.90501403808594, 148.42242431640625, 68.1202163696289, 43.023292541503906)
(225.17393493652344, 149.3175811767578, 66.7845230102539, 42.1796989440918)
(224.00709533691406, 148.29144287109375, 68.12020874023438, 43.02328872680664)
(223.04478454589844, 148.6006317138672, 68.12020874023438, 43.02328872680664)
(222.60191345214844, 148.15292358398438, 68.12020874023438, 43.02328872680664)
(224.7360382080078, 149.04051208496094, 66.78451538085938, 42.17969512939453)
(223.4291534423828, 147.79685974121094, 68.12020111083984, 43.023284912109375)
(222.8394775390625, 147.49586486816406, 69.48260498046875, 43.883750915527344)
(222.264404296875, 147.31915283203125, 69.48260498046875, 43.883750915527344)
(223.0526580810547, 147.90101623535156, 66.78451538085938, 42.17969512939453)
(224.77793884277344, 147.8195343017578, 68.12020111083984, 43.023284912109375)
(224.11509704589844, 147.767578125, 68.12020111083984, 43.023284912109375)
(223.51222229003906, 147.7576141357422, 68.12020111083984, 43.023284912109375)
(224.3087615966797, 147.73446655273438, 68.12020111083984, 43.023284912109375)
(223.94493103027344, 147.83351135253906, 68.12020111083984, 43.023284912109375)
(222.91351318359375, 147.53883361816406, 69.48260498046875, 43.883750915527344)
(223.07443237304688, 147.37403869628906, 69.48260498046875, 43.883750915527344)
(222.99627685546875, 147.25111389160156, 69.48260498046875, 43.883750915527344)
(222.880126953125, 147.2239227294922, 69.48260498046875, 43.883750915527344)
(222.72634887695312, 147.22515869140625, 69.48260498046875, 43.883750915527344)
(222.5731201171875, 147.23782348632812, 69.48260498046875, 43.883750915527344)
(222.39154052734375, 147.31626892089844, 69.48260498046875, 43.883750915527344)
(222.30551147460938, 147.3064422607422, 69.48260498046875, 43.883750915527344)
(222.2308349609375, 147.55340576171875, 69.48260498046875, 43.883750915527344)
(222.95846557617188, 147.74777221679688, 69.48260498046875, 43.883750915527344)
(222.75991821289062, 147.92752075195312, 69.48260498046875, 43.883750915527344)
(221.09373474121094, 147.24365234375, 72.2896957397461, 45.65665054321289)
(221.13218688964844, 147.5985565185547, 72.2896957397461, 45.65665054321289)
(221.01795959472656, 147.80868530273438, 72.2896957397461, 45.65665054321289)
(220.99806213378906, 148.1403350830078, 72.2896957397461, 45.65665054321289)
(220.7946014404297, 148.38763427734375, 72.2896957397461, 45.65665054321289)
(221.6632537841797, 147.64796447753906, 72.2896957397461, 45.65665054321289)
(222.18258666992188, 148.73809814453125, 70.87225341796875, 44.76142501831055)
(222.47982788085938, 147.84291076660156, 69.48260498046875, 43.883750915527344)
(220.68995666503906, 147.5144805908203, 72.2896957397461, 45.65665054321289)
(221.97686767578125, 148.8353729248047, 70.87225341796875, 44.76142501831055)
(219.29519653320312, 146.8246307373047, 73.73548889160156, 46.56978225708008)
(220.88192749023438, 148.8472137451172, 70.87225341796875, 44.76142501831055)
(219.55105590820312, 147.3781280517578, 72.2896957397461, 45.65665054321289)
(221.98538208007812, 149.0675506591797, 69.48260498046875, 43.883750915527344)
(220.22265625, 147.6719207763672, 70.87225341796875, 44.76142501831055)
(219.96990966796875, 147.82640075683594, 70.87225341796875, 44.76142501831055)
(218.829345703125, 147.42872619628906, 72.2896957397461, 45.65665054321289)
(221.3882293701172, 147.69265747070312, 72.2896957397461, 45.65665054321289)
(220.4884796142578, 148.16441345214844, 72.2896957397461, 45.65665054321289)
(220.2617950439453, 148.78016662597656, 72.2896957397461, 45.65665054321289)
(220.1496124267578, 148.79913330078125, 70.87225341796875, 44.76142501831055)
(218.69964599609375, 147.73171997070312, 72.2896957397461, 45.65665054321289)
(220.46267700195312, 149.2053680419922, 70.87225341796875, 44.76142501831055)
(218.43743896484375, 147.5791778564453, 72.2896957397461, 45.65665054321289)
(219.01309204101562, 147.65687561035156, 73.73548889160156, 46.56978225708008)
(219.6611328125, 148.21746826171875, 73.73548889160156, 46.56978225708008)
(218.62921142578125, 147.70249938964844, 73.73548889160156, 46.56978225708008)
(218.35096740722656, 147.96324157714844, 75.21019744873047, 47.50117874145508)
(217.90512084960938, 147.34486389160156, 75.21019744873047, 47.50117874145508)
(217.42454528808594, 146.57127380371094, 75.21019744873047, 47.50117874145508)
(217.3291778564453, 146.4697723388672, 75.21019744873047, 47.50117874145508)
(218.05079650878906, 146.64352416992188, 75.21019744873047, 47.50117874145508)
(217.61178588867188, 146.5655059814453, 75.21019744873047, 47.50117874145508)
(216.98948669433594, 146.42730712890625, 75.21019744873047, 47.50117874145508)
(217.601806640625, 146.38943481445312, 75.21019744873047, 47.50117874145508)
(217.1516571044922, 146.46975708007812, 75.21019744873047, 47.50117874145508)
(217.5467529296875, 146.60952758789062, 75.21019744873047, 47.50117874145508)
(217.49391174316406, 146.921142578125, 75.21019744873047, 47.50117874145508)
(217.1165771484375, 147.10745239257812, 75.21019744873047, 47.50117874145508)
(217.6187744140625, 147.4759979248047, 75.21019744873047, 47.50117874145508)
(216.7882843017578, 146.5467529296875, 75.21019744873047, 47.50117874145508)
(216.99429321289062, 147.0008087158203, 75.21019744873047, 47.50117874145508)
(217.1934356689453, 147.39857482910156, 75.21019744873047, 47.50117874145508)
(216.76580810546875, 146.93626403808594, 75.21019744873047, 47.50117874145508)
(216.86492919921875, 147.2584686279297, 75.21019744873047, 47.50117874145508)
(216.443115234375, 146.87435913085938, 75.21019744873047, 47.50117874145508)
(216.5088653564453, 147.21507263183594, 75.21019744873047, 47.50117874145508)
(216.6074676513672, 147.44589233398438, 75.21019744873047, 47.50117874145508)
(216.1065673828125, 146.93716430664062, 75.21019744873047, 47.50117874145508)
(216.9696502685547, 147.1905517578125, 75.21019744873047, 47.50117874145508)
(217.0531005859375, 147.55848693847656, 75.21019744873047, 47.50117874145508)
(216.60626220703125, 146.98348999023438, 75.21019744873047, 47.50117874145508)
(216.5322723388672, 147.1573028564453, 75.21019744873047, 47.50117874145508)
(216.64552307128906, 147.28321838378906, 75.21019744873047, 47.50117874145508)
(215.64114379882812, 146.02719116210938, 76.71440124511719, 48.451202392578125)
(217.77273559570312, 146.94879150390625, 75.21018981933594, 47.50117492675781)
(217.35794067382812, 146.85986328125, 75.21018981933594, 47.50117492675781)
(217.60250854492188, 146.889404296875, 75.21018981933594, 47.50117492675781)
(217.32745361328125, 147.02084350585938, 75.21018981933594, 47.50117492675781)
(218.65821838378906, 147.71856689453125, 73.73548126220703, 46.56977844238281)
(217.6143798828125, 146.79824829101562, 75.21018981933594, 47.50117492675781)
(217.2811279296875, 146.78433227539062, 75.21018981933594, 47.50117492675781)
(217.62057495117188, 146.99557495117188, 75.21018981933594, 47.50117492675781)
(217.37045288085938, 147.01321411132812, 75.21018981933594, 47.50117492675781)
(217.66513061523438, 147.22470092773438, 75.21018981933594, 47.50117492675781)
(218.17417907714844, 147.77902221679688, 73.73548126220703, 46.56977844238281)
(217.1878662109375, 146.95687866210938, 75.21018981933594, 47.50117492675781)
(217.67221069335938, 147.19424438476562, 75.21018981933594, 47.50117492675781)
(217.62152099609375, 147.23324584960938, 75.21018981933594, 47.50117492675781)
(217.53302001953125, 147.189453125, 75.21018981933594, 47.50117492675781)
(217.36834716796875, 147.1536865234375, 75.21018981933594, 47.50117492675781)
(219.5298614501953, 148.23037719726562, 72.2896957397461, 45.656646728515625)
(218.36761474609375, 146.74119567871094, 75.21018981933594, 47.50117111206055)
(218.5413818359375, 146.5367889404297, 75.21018981933594, 47.50117111206055)
(217.99362182617188, 146.4478759765625, 75.21018981933594, 47.50117111206055)
(218.06765747070312, 146.34237670898438, 75.21018981933594, 47.50117111206055)
(218.25726318359375, 146.2611083984375, 75.21018981933594, 47.50117111206055)
(220.81744384765625, 147.5526580810547, 70.87224578857422, 44.761417388916016)
(218.38999938964844, 146.4812469482422, 75.2101821899414, 47.50116729736328)
(218.7328643798828, 146.2879638671875, 75.2101821899414, 47.50116729736328)
(219.69334411621094, 147.0674285888672, 72.28968048095703, 45.656639099121094)
(219.27552795410156, 147.17501831054688, 75.21017456054688, 47.501163482666016)
(218.84730529785156, 147.0177459716797, 75.21017456054688, 47.501163482666016)
(218.4673614501953, 146.83729553222656, 75.21017456054688, 47.501163482666016)
(218.0271453857422, 146.64443969726562, 75.21017456054688, 47.501163482666016)
(218.6169891357422, 146.46856689453125, 75.21017456054688, 47.501163482666016)
(218.24755859375, 146.34698486328125, 75.21017456054688, 47.501163482666016)
(220.8869171142578, 147.60781860351562, 70.87223052978516, 44.76140594482422)
(218.5456085205078, 146.57066345214844, 75.21016693115234, 47.50115966796875)
(218.3317413330078, 146.37477111816406, 75.21016693115234, 47.50115966796875)
(218.8484344482422, 146.3454132080078, 75.21016693115234, 47.50115966796875)
(218.62986755371094, 146.2806854248047, 75.21016693115234, 47.50115966796875)
(220.59107971191406, 147.44357299804688, 70.87222290039062, 44.76140213012695)
(218.34078979492188, 146.4069061279297, 75.21015930175781, 47.50115203857422)
(219.03939819335938, 146.29367065429688, 75.21015930175781, 47.50115203857422)
(221.02854919433594, 147.52520751953125, 70.8722152709961, 44.76139831542969)
(218.88909912109375, 146.48667907714844, 75.21015167236328, 47.50114822387695)
(218.70559692382812, 146.322021484375, 75.21015167236328, 47.50114822387695)
(220.74014282226562, 147.49563598632812, 70.87220764160156, 44.76139450073242)
(218.58599853515625, 146.34918212890625, 75.21014404296875, 47.50114440917969)
(218.46499633789062, 146.25839233398438, 75.21014404296875, 47.50114440917969)
(220.51527404785156, 147.55990600585938, 70.87220001220703, 44.761390686035156)
(219.38748168945312, 146.5626220703125, 75.21013641357422, 47.50114059448242)
(219.3240966796875, 146.36497497558594, 75.21013641357422, 47.50114059448242)
(221.34686279296875, 147.58448791503906, 70.8721923828125, 44.76138687133789)
(219.31832885742188, 146.40261840820312, 75.21012878417969, 47.501136779785156)
(219.37432861328125, 146.26113891601562, 75.21012878417969, 47.501136779785156)
(221.60104370117188, 147.45899963378906, 70.87218475341797, 44.761383056640625)
(218.745849609375, 146.43215942382812, 75.21012878417969, 47.50113296508789)
(220.74057006835938, 147.6094207763672, 70.87218475341797, 44.76137924194336)
(218.68043518066406, 146.40467834472656, 75.21012115478516, 47.501129150390625)
(220.7808837890625, 147.52410888671875, 70.87217712402344, 44.761375427246094)
(218.97279357910156, 146.36900329589844, 75.21011352539062, 47.501121520996094)
(221.1510467529297, 147.555419921875, 70.8721694946289, 44.76136779785156)
(219.04090881347656, 146.55686950683594, 75.2101058959961, 47.50111770629883)
(218.96336364746094, 146.28024291992188, 75.2101058959961, 47.50111770629883)
(221.11973571777344, 147.47323608398438, 70.8721694946289, 44.76136779785156)
(219.31117248535156, 146.39805603027344, 75.2101058959961, 47.50111770629883)
(221.54295349121094, 147.51467895507812, 70.8721694946289, 44.76136779785156)
(219.73023986816406, 146.42857360839844, 75.2101058959961, 47.50111770629883)
(221.32908630371094, 147.47366333007812, 70.8721694946289, 44.76136779785156)
(222.3050079345703, 148.0027618408203, 69.48251342773438, 43.88369369506836)
(220.96153259277344, 147.4508056640625, 70.8721694946289, 44.76136779785156)
(219.04737854003906, 146.2566680908203, 75.2101058959961, 47.50111770629883)
(221.17991638183594, 147.45059204101562, 70.8721694946289, 44.76136779785156)
(221.46595764160156, 147.57229614257812, 70.8721694946289, 44.76136779785156)
(219.57908630371094, 146.396484375, 75.2101058959961, 47.50111770629883)
(221.1710968017578, 147.60226440429688, 70.8721694946289, 44.76136779785156)
(219.07798767089844, 146.377197265625, 75.2101058959961, 47.50111770629883)
(221.2967071533203, 147.36260986328125, 70.8721694946289, 44.76136779785156)
(222.2792510986328, 147.853515625, 69.48251342773438, 43.88369369506836)
