(257, 163, 57, 36)
(257.0, 163.0, 57.0, 36.0)
(256.0, 163.0, 57.0, 36.0)
(256.0, 162.0, 57.0, 36.0)
(256.0, 162.0, 57.0, 36.0)
(255.0, 162.0, 57.0, 36.0)
(255.0, 162.0, 57.0, 36.0)
(254.0, 160.0, 57.0, 36.0)
(253.0, 161.0, 57.0, 36.0)
(253.0, 161.0, 57.0, 36.0)
(253.0, 161.0, 57.0, 36.0)
(252.0, 161.0, 57.0, 36.0)
(252.0, 160.0, 57.0, 36.0)
(251.0, 160.0, 57.0, 36.0)
(251.0, 160.0, 57.0, 36.0)
(250.0, 160.0, 57.0, 36.0)
(249.0, 158.0, 57.0, 36.0)
(249.0, 158.0, 57.0, 36.0)
(249.0, 159.0, 57.0, 36.0)
(248.0, 159.0, 57.0, 36.0)
(247.0, 157.0, 57.0, 36.0)
(246.0, 157.0, 57.0, 36.0)
(247.0, 157.0, 57.0, 36.0)
(246.0, 157.0, 57.0, 36.0)
(247.0, 158.0, 57.0, 36.0)
(246.0, 156.0, 57.0, 36.0)
(246.0, 156.0, 57.0, 36.0)
(244.0, 156.0, 57.0, 36.0)
(243.0, 157.0, 57.0, 36.0)
(243.0, 157.0, 57.0, 36.0)
(243.0, 157.0, 57.0, 36.0)
(242.0, 155.0, 57.0, 36.0)
(242.0, 156.0, 57.0, 36.0)
(242.0, 156.0, 57.0, 36.0)
(242.0, 156.0, 57.0, 36.0)
(241.0, 156.0, 57.0, 36.0)
(240.0, 155.0, 57.0, 36.0)
(240.0, 155.0, 57.0, 36.0)
(239.0, 155.0, 57.0, 36.0)
(239.0, 155.0, 57.0, 36.0)
(239.0, 153.0, 57.0, 36.0)
(238.0, 154.0, 57.0, 36.0)
(238.0, 154.0, 57.0, 36.0)
(237.0, 154.0, 57.0, 36.0)
(237.0, 154.0, 57.0, 36.0)
(237.0, 154.0, 57.0, 36.0)
(237.0, 153.0, 57.0, 36.0)
(236.0, 153.0, 57.0, 36.0)
(236.0, 153.0, 57.0, 36.0)
(236.0, 153.0, 57.0, 36.0)
(235.0, 153.0, 57.0, 36.0)
(235.0, 152.0, 57.0, 36.0)
(236.0, 152.0, 57.0, 36.0)
(235.0, 152.0, 57.0, 36.0)
(236.0, 152.0, 57.0, 36.0)
(235.0, 152.0, 57.0, 36.0)
(236.0, 151.0, 57.0, 36.0)
(236.0, 152.0, 57.0, 36.0)
(235.0, 151.0, 57.0, 36.0)
(235.0, 151.0, 57.0, 36.0)
(236.0, 151.0, 57.0, 36.0)
(235.0, 151.0, 57.0, 36.0)
(235.0, 150.0, 57.0, 36.0)
(236.0, 150.0, 57.0, 36.0)
(236.0, 150.0, 57.0, 36.0)
(236.0, 150.0, 57.0, 36.0)
(236.0, 149.0, 57.0, 36.0)
(236.0, 149.0, 57.0, 36.0)
(236.0, 149.0, 57.0, 36.0)
(235.0, 149.0, 57.0, 36.0)
(236.0, 149.0, 57.0, 36.0)
(234.0, 149.0, 57.0, 36.0)
(236.0, 148.0, 57.0, 36.0)
(236.0, 148.0, 57.0, 36.0)
(236.0, 148.0, 57.0, 36.0)
(233.0, 148.0, 57.0, 36.0)
(234.0, 148.0, 57.0, 36.0)
(234.0, 147.0, 57.0, 36.0)
(234.0, 147.0, 57.0, 36.0)
(233.0, 147.0, 57.0, 36.0)
(233.0, 148.0, 57.0, 36.0)
(233.0, 147.0, 57.0, 36.0)
(233.0, 146.0, 57.0, 36.0)
(233.0, 146.0, 57.0, 36.0)
(233.0, 146.0, 57.0, 36.0)
(232.0, 146.0, 57.0, 36.0)
(232.0, 146.0, 57.0, 36.0)
(234.0, 144.0, 57.0, 36.0)
(234.0, 145.0, 57.0, 36.0)
(234.0, 145.0, 57.0, 36.0)
(234.0, 145.0, 57.0, 36.0)
(234.0, 143.0, 57.0, 36.0)
(234.0, 143.0, 57.0, 36.0)
(234.0, 143.0, 57.0, 36.0)
(233.0, 144.0, 57.0, 36.0)
(234.0, 144.0, 57.0, 36.0)
(234.0, 143.0, 57.0, 36.0)
(234.0, 143.0, 57.0, 36.0)
(234.0, 143.0, 57.0, 36.0)
(234.0, 143.0, 57.0, 36.0)
(233.0, 143.0, 57.0, 36.0)
(233.0, 143.0, 57.0, 36.0)
(233.0, 143.0, 57.0, 36.0)
(233.0, 143.0, 57.0, 36.0)
(233.0, 143.0, 57.0, 36.0)
(232.0, 143.0, 57.0, 36.0)
(233.0, 143.0, 57.0, 36.0)
(232.0, 143.0, 57.0, 36.0)
(232.0, 143.0, 57.0, 36.0)
(232.0, 143.0, 57.0, 36.0)
(232.0, 143.0, 57.0, 36.0)
(232.0, 143.0, 57.0, 36.0)
(232.0, 143.0, 57.0, 36.0)
(232.0, 143.0, 57.0, 36.0)
(232.0, 143.0, 57.0, 36.0)
(232.0, 143.0, 57.0, 36.0)
(232.0, 143.0, 57.0, 36.0)
(232.0, 143.0, 57.0, 36.0)
(232.0, 143.0, 57.0, 36.0)
(233.0, 143.0, 57.0, 36.0)
(232.0, 143.0, 57.0, 36.0)
(232.0, 143.0, 57.0, 36.0)
(232.0, 143.0, 57.0, 36.0)
(232.0, 143.0, 57.0, 36.0)
(232.0, 143.0, 57.0, 36.0)
(232.0, 143.0, 57.0, 36.0)
(232.0, 143.0, 57.0, 36.0)
(232.0, 143.0, 57.0, 36.0)
(232.0, 143.0, 57.0, 36.0)
(232.0, 143.0, 57.0, 36.0)
(232.0, 143.0, 57.0, 36.0)
(232.0, 143.0, 57.0, 36.0)
(232.0, 143.0, 57.0, 36.0)
(232.0, 142.0, 57.0, 36.0)
(232.0, 142.0, 57.0, 36.0)
(232.0, 143.0, 57.0, 36.0)
(232.0, 143.0, 57.0, 36.0)
(232.0, 143.0, 57.0, 36.0)
(232.0, 143.0, 57.0, 36.0)
(232.0, 143.0, 57.0, 36.0)
(232.0, 143.0, 57.0, 36.0)
(233.0, 143.0, 57.0, 36.0)
(232.0, 143.0, 57.0, 36.0)
(232.0, 143.0, 57.0, 36.0)
(232.0, 143.0, 57.0, 36.0)
(232.0, 143.0, 57.0, 36.0)
(233.0, 143.0, 57.0, 36.0)
(234.0, 143.0, 57.0, 36.0)
(232.0, 143.0, 57.0, 36.0)
(232.0, 143.0, 57.0, 36.0)
(232.0, 143.0, 57.0, 36.0)
(232.0, 143.0, 57.0, 36.0)
(232.0, 143.0, 57.0, 36.0)
(234.0, 143.0, 57.0, 36.0)
(233.0, 143.0, 57.0, 36.0)
(232.0, 143.0, 57.0, 36.0)
(233.0, 143.0, 57.0, 36.0)
(232.0, 143.0, 57.0, 36.0)
(232.0, 143.0, 57.0, 36.0)
(232.0, 143.0, 57.0, 36.0)
(232.0, 143.0, 57.0, 36.0)
(232.0, 143.0, 57.0, 36.0)
(232.0, 143.0, 57.0, 36.0)
(232.0, 143.0, 57.0, 36.0)
(232.0, 143.0, 57.0, 36.0)
(232.0, 143.0, 57.0, 36.0)
(232.0, 143.0, 57.0, 36.0)
(232.0, 143.0, 57.0, 36.0)
(232.0, 143.0, 57.0, 36.0)
(232.0, 143.0, 57.0, 36.0)
(232.0, 143.0, 57.0, 36.0)
(231.0, 143.0, 57.0, 36.0)
(230.0, 143.0, 57.0, 36.0)
(230.0, 143.0, 57.0, 36.0)
(230.0, 143.0, 57.0, 36.0)
(230.0, 143.0, 57.0, 36.0)
(230.0, 143.0, 57.0, 36.0)
(230.0, 143.0, 57.0, 36.0)
(230.0, 143.0, 57.0, 36.0)
(230.0, 143.0, 57.0, 36.0)
(230.0, 143.0, 57.0, 36.0)
(230.0, 143.0, 57.0, 36.0)
(230.0, 143.0, 57.0, 36.0)
(230.0, 143.0, 57.0, 36.0)
(230.0, 143.0, 57.0, 36.0)
(230.0, 143.0, 57.0, 36.0)
(231.0, 143.0, 57.0, 36.0)
(230.0, 143.0, 57.0, 36.0)
(228.0, 143.0, 57.0, 36.0)
(228.0, 143.0, 57.0, 36.0)
(228.0, 143.0, 57.0, 36.0)
(228.0, 143.0, 57.0, 36.0)
(228.0, 143.0, 57.0, 36.0)
(227.0, 143.0, 57.0, 36.0)
(227.0, 143.0, 57.0, 36.0)
(227.0, 143.0, 57.0, 36.0)
(226.0, 143.0, 57.0, 36.0)
(226.0, 143.0, 57.0, 36.0)
(226.0, 143.0, 57.0, 36.0)
(226.0, 143.0, 57.0, 36.0)
(225.0, 143.0, 57.0, 36.0)
(225.0, 143.0, 57.0, 36.0)
(225.0, 143.0, 57.0, 36.0)
(224.0, 143.0, 57.0, 36.0)
(224.0, 143.0, 57.0, 36.0)
(224.0, 143.0, 57.0, 36.0)
(223.0, 143.0, 57.0, 36.0)
(223.0, 143.0, 57.0, 36.0)
(223.0, 143.0, 57.0, 36.0)
(222.0, 143.0, 57.0, 36.0)
(220.0, 145.0, 57.0, 36.0)
(220.0, 145.0, 57.0, 36.0)
(219.0, 145.0, 57.0, 36.0)
(218.0, 145.0, 57.0, 36.0)
(217.0, 145.0, 57.0, 36.0)
(216.0, 146.0, 57.0, 36.0)
(216.0, 146.0, 57.0, 36.0)
(215.0, 146.0, 57.0, 36.0)
(214.0, 146.0, 57.0, 36.0)
(213.0, 146.0, 57.0, 36.0)
(212.0, 146.0, 57.0, 36.0)
(213.0, 146.0, 57.0, 36.0)
(210.0, 147.0, 57.0, 36.0)
(205.0, 147.0, 57.0, 36.0)
(206.0, 147.0, 57.0, 36.0)
(207.0, 146.0, 57.0, 36.0)
(204.0, 147.0, 57.0, 36.0)
(203.0, 147.0, 57.0, 36.0)
(201.0, 147.0, 57.0, 36.0)
(201.0, 147.0, 57.0, 36.0)
(199.0, 148.0, 57.0, 36.0)
(198.0, 148.0, 57.0, 36.0)
(198.0, 148.0, 57.0, 36.0)
(196.0, 149.0, 57.0, 36.0)
(195.0, 149.0, 57.0, 36.0)
(195.0, 150.0, 57.0, 36.0)
(193.0, 150.0, 57.0, 36.0)
(192.0, 150.0, 57.0, 36.0)
(191.0, 150.0, 57.0, 36.0)
(189.0, 150.0, 57.0, 36.0)
(189.0, 150.0, 57.0, 36.0)
(187.0, 151.0, 57.0, 36.0)
(185.0, 151.0, 57.0, 36.0)
(184.0, 151.0, 57.0, 36.0)
(183.0, 151.0, 57.0, 36.0)
(181.0, 151.0, 57.0, 36.0)
(180.0, 152.0, 57.0, 36.0)
(177.0, 152.0, 57.0, 36.0)
(175.0, 152.0, 57.0, 36.0)
(175.0, 152.0, 57.0, 36.0)
(173.0, 151.0, 57.0, 36.0)
(173.0, 152.0, 57.0, 36.0)
(172.0, 152.0, 57.0, 36.0)
(169.0, 151.0, 57.0, 36.0)
(168.0, 151.0, 57.0, 36.0)
(168.0, 151.0, 57.0, 36.0)
(168.0, 151.0, 57.0, 36.0)
(167.0, 151.0, 57.0, 36.0)
(164.0, 152.0, 57.0, 36.0)
(162.0, 150.0, 57.0, 36.0)
(161.0, 150.0, 57.0, 36.0)
(163.0, 150.0, 57.0, 36.0)
(157.0, 150.0, 57.0, 36.0)
(153.0, 151.0, 57.0, 36.0)
(153.0, 151.0, 57.0, 36.0)
(151.0, 151.0, 57.0, 36.0)
(156.0, 151.0, 57.0, 36.0)
(155.0, 151.0, 57.0, 36.0)
(155.0, 151.0, 57.0, 36.0)
(153.0, 152.0, 57.0, 36.0)
(153.0, 152.0, 57.0, 36.0)
(146.0, 150.0, 57.0, 36.0)
(148.0, 150.0, 57.0, 36.0)
(147.0, 150.0, 57.0, 36.0)
(147.0, 150.0, 57.0, 36.0)
(146.0, 150.0, 57.0, 36.0)
(140.0, 149.0, 57.0, 36.0)
(140.0, 146.0, 57.0, 36.0)
(140.0, 149.0, 57.0, 36.0)
(137.0, 149.0, 57.0, 36.0)
(137.0, 150.0, 57.0, 36.0)
(135.0, 150.0, 57.0, 36.0)
(133.0, 150.0, 57.0, 36.0)
(131.0, 149.0, 57.0, 36.0)
(131.0, 149.0, 57.0, 36.0)
(128.0, 149.0, 57.0, 36.0)
(127.0, 149.0, 57.0, 36.0)
(123.0, 148.0, 57.0, 36.0)
(124.0, 148.0, 57.0, 36.0)
(123.0, 148.0, 57.0, 36.0)
(121.0, 148.0, 57.0, 36.0)
(119.0, 147.0, 57.0, 36.0)
(117.0, 147.0, 57.0, 36.0)
(115.0, 147.0, 57.0, 36.0)
(115.0, 147.0, 57.0, 36.0)
(113.0, 147.0, 57.0, 36.0)
(111.0, 146.0, 57.0, 36.0)
(109.0, 145.0, 57.0, 36.0)
(109.0, 146.0, 57.0, 36.0)
(108.0, 146.0, 57.0, 36.0)
(106.0, 145.0, 57.0, 36.0)
(104.0, 145.0, 57.0, 36.0)
(102.0, 145.0, 57.0, 36.0)
(101.0, 145.0, 57.0, 36.0)
(100.0, 144.0, 57.0, 36.0)
(98.0, 144.0, 57.0, 36.0)
(96.0, 144.0, 57.0, 36.0)
(94.0, 143.0, 57.0, 36.0)
(93.0, 143.0, 57.0, 36.0)
(91.0, 143.0, 57.0, 36.0)
(90.0, 142.0, 57.0, 36.0)
(89.0, 142.0, 57.0, 36.0)
(87.0, 142.0, 57.0, 36.0)
(86.0, 141.0, 57.0, 36.0)
(84.0, 141.0, 57.0, 36.0)
(80.0, 141.0, 57.0, 36.0)
(78.0, 140.0, 57.0, 36.0)
(78.0, 140.0, 57.0, 36.0)
(78.0, 140.0, 57.0, 36.0)
(78.0, 139.0, 57.0, 36.0)
(75.0, 139.0, 57.0, 36.0)
(72.0, 139.0, 57.0, 36.0)
(70.0, 139.0, 57.0, 36.0)
(69.0, 138.0, 57.0, 36.0)
(68.0, 138.0, 57.0, 36.0)
(66.0, 137.0, 57.0, 36.0)
(65.0, 137.0, 57.0, 36.0)
(62.0, 137.0, 57.0, 36.0)
(62.0, 136.0, 57.0, 36.0)
(62.0, 135.0, 57.0, 36.0)
(62.0, 135.0, 57.0, 36.0)
(62.0, 135.0, 57.0, 36.0)
(56.0, 135.0, 57.0, 36.0)
(57.0, 134.0, 57.0, 36.0)
(56.0, 135.0, 57.0, 36.0)
(56.0, 135.0, 57.0, 36.0)
(53.0, 134.0, 57.0, 36.0)
(52.0, 133.0, 57.0, 36.0)
(50.0, 132.0, 57.0, 36.0)
(49.0, 132.0, 57.0, 36.0)
(50.0, 131.0, 57.0, 36.0)
(50.0, 131.0, 57.0, 36.0)
(48.0, 132.0, 57.0, 36.0)
(46.0, 131.0, 57.0, 36.0)
(44.0, 131.0, 57.0, 36.0)
(44.0, 131.0, 57.0, 36.0)
(41.0, 131.0, 57.0, 36.0)
(41.0, 130.0, 57.0, 36.0)
(39.0, 130.0, 57.0, 36.0)
(36.0, 130.0, 57.0, 36.0)
(36.0, 129.0, 57.0, 36.0)
(35.0, 130.0, 57.0, 36.0)
(34.0, 130.0, 57.0, 36.0)
(34.0, 130.0, 57.0, 36.0)
(34.0, 130.0, 57.0, 36.0)
(31.0, 130.0, 57.0, 36.0)
(32.0, 130.0, 57.0, 36.0)
(31.0, 128.0, 57.0, 36.0)
(30.0, 128.0, 57.0, 36.0)
(29.0, 129.0, 57.0, 36.0)
(26.0, 128.0, 57.0, 36.0)
(25.0, 128.0, 57.0, 36.0)
(24.0, 128.0, 57.0, 36.0)
(23.0, 126.0, 57.0, 36.0)
(23.0, 126.0, 57.0, 36.0)
(21.0, 126.0, 57.0, 36.0)
(20.0, 126.0, 57.0, 36.0)
(17.0, 124.0, 57.0, 36.0)
(15.0, 124.0, 57.0, 36.0)
(14.0, 124.0, 57.0, 36.0)
(13.0, 125.0, 57.0, 36.0)
(13.0, 125.0, 57.0, 36.0)
(13.0, 125.0, 57.0, 36.0)
(9.0, 124.0, 57.0, 36.0)
