(257, 163, 57, 36)
(256.0, 163.0, 57.0, 36.0)
(256.0, 162.0, 57.0, 36.0)
(255.0, 162.0, 57.0, 36.0)
(255.0, 162.0, 57.0, 36.0)
(254.0, 162.0, 57.0, 36.0)
(253.0, 162.0, 57.0, 36.0)
(253.0, 162.0, 57.0, 36.0)
(252.0, 161.0, 57.0, 36.0)
(252.0, 161.0, 57.0, 36.0)
(252.0, 161.0, 57.0, 36.0)
(251.0, 161.0, 57.0, 36.0)
(252.0, 161.0, 57.0, 36.0)
(251.0, 160.0, 57.0, 36.0)
(251.0, 160.0, 57.0, 36.0)
(251.0, 160.0, 57.0, 36.0)
(250.0, 160.0, 57.0, 36.0)
(250.0, 160.0, 57.0, 36.0)
(249.0, 159.0, 57.0, 36.0)
(248.0, 159.0, 57.0, 36.0)
(248.0, 159.0, 57.0, 36.0)
(248.0, 159.0, 57.0, 36.0)
(248.0, 159.0, 57.0, 36.0)
(246.0, 158.0, 57.0, 36.0)
(246.0, 158.0, 57.0, 36.0)
(246.0, 158.0, 57.0, 36.0)
(245.0, 158.0, 57.0, 36.0)
(245.0, 158.0, 57.0, 36.0)
(244.0, 157.0, 57.0, 36.0)
(244.0, 157.0, 57.0, 36.0)
(244.0, 157.0, 57.0, 36.0)
(244.0, 157.0, 57.0, 36.0)
(243.0, 156.0, 57.0, 36.0)
(243.0, 156.0, 57.0, 36.0)
(242.0, 156.0, 57.0, 36.0)
(242.0, 156.0, 57.0, 36.0)
(243.0, 156.0, 57.0, 36.0)
(241.0, 155.0, 57.0, 36.0)
(241.0, 155.0, 57.0, 36.0)
(240.0, 155.0, 57.0, 36.0)
(240.0, 155.0, 57.0, 36.0)
(240.0, 155.0, 57.0, 36.0)
(239.0, 154.0, 57.0, 36.0)
(239.0, 154.0, 57.0, 36.0)
(238.0, 154.0, 57.0, 36.0)
(238.0, 154.0, 57.0, 36.0)
(237.0, 154.0, 57.0, 36.0)
(237.0, 153.0, 57.0, 36.0)
(237.0, 153.0, 57.0, 36.0)
(237.0, 153.0, 57.0, 36.0)
(236.0, 153.0, 57.0, 36.0)
(236.0, 153.0, 57.0, 36.0)
(236.0, 153.0, 57.0, 36.0)
(236.0, 153.0, 57.0, 36.0)
(235.0, 152.0, 57.0, 36.0)
(235.0, 152.0, 57.0, 36.0)
(235.0, 152.0, 57.0, 36.0)
(235.0, 152.0, 57.0, 36.0)
(235.0, 152.0, 57.0, 36.0)
(235.0, 151.0, 57.0, 36.0)
(234.0, 151.0, 57.0, 36.0)
(234.0, 151.0, 57.0, 36.0)
(234.0, 151.0, 57.0, 36.0)
(233.0, 150.0, 57.0, 36.0)
(234.0, 150.0, 57.0, 36.0)
(233.0, 150.0, 57.0, 36.0)
(233.0, 150.0, 57.0, 36.0)
(233.0, 150.0, 57.0, 36.0)
(233.0, 150.0, 57.0, 36.0)
(232.0, 150.0, 57.0, 36.0)
(233.0, 149.0, 57.0, 36.0)
(232.0, 149.0, 57.0, 36.0)
(232.0, 149.0, 57.0, 36.0)
(231.0, 149.0, 57.0, 36.0)
(231.0, 149.0, 57.0, 36.0)
(230.0, 149.0, 57.0, 36.0)
(231.0, 149.0, 57.0, 36.0)
(230.0, 149.0, 57.0, 36.0)
(230.0, 148.0, 57.0, 36.0)
(230.0, 148.0, 57.0, 36.0)
(230.0, 148.0, 57.0, 36.0)
(230.0, 148.0, 57.0, 36.0)
(230.0, 147.0, 57.0, 36.0)
(230.0, 147.0, 57.0, 36.0)
(230.0, 147.0, 57.0, 36.0)
(229.0, 147.0, 57.0, 36.0)
(229.0, 147.0, 57.0, 36.0)
(229.0, 146.0, 57.0, 36.0)
(229.0, 146.0, 57.0, 36.0)
(228.0, 146.0, 57.0, 36.0)
(228.0, 146.0, 57.0, 36.0)
(228.0, 145.0, 57.0, 36.0)
(227.0, 145.0, 57.0, 36.0)
(227.0, 145.0, 57.0, 36.0)
(226.0, 145.0, 57.0, 36.0)
(225.0, 145.0, 57.0, 36.0)
(225.0, 145.0, 57.0, 36.0)
(225.0, 144.0, 57.0, 36.0)
(225.0, 144.0, 57.0, 36.0)
(226.0, 144.0, 57.0, 36.0)
(225.0, 144.0, 57.0, 36.0)
(224.0, 144.0, 57.0, 36.0)
(225.0, 143.0, 57.0, 36.0)
(225.0, 143.0, 57.0, 36.0)
(224.0, 143.0, 57.0, 36.0)
(224.0, 143.0, 57.0, 36.0)
(224.0, 143.0, 57.0, 36.0)
(224.0, 143.0, 57.0, 36.0)
(224.0, 143.0, 57.0, 36.0)
(225.0, 143.0, 57.0, 36.0)
(224.0, 143.0, 57.0, 36.0)
(224.0, 142.0, 57.0, 36.0)
(224.0, 142.0, 57.0, 36.0)
(224.0, 142.0, 57.0, 36.0)
(224.0, 142.0, 57.0, 36.0)
(223.0, 142.0, 57.0, 36.0)
(223.0, 142.0, 57.0, 36.0)
(224.0, 142.0, 57.0, 36.0)
(223.0, 142.0, 57.0, 36.0)
(223.0, 142.0, 57.0, 36.0)
(223.0, 142.0, 57.0, 36.0)
(223.0, 142.0, 57.0, 36.0)
(223.0, 142.0, 57.0, 36.0)
(223.0, 142.0, 57.0, 36.0)
(223.0, 142.0, 57.0, 36.0)
(223.0, 142.0, 57.0, 36.0)
(223.0, 142.0, 57.0, 36.0)
(223.0, 142.0, 57.0, 36.0)
(223.0, 142.0, 57.0, 36.0)
(223.0, 142.0, 57.0, 36.0)
(223.0, 142.0, 57.0, 36.0)
(223.0, 142.0, 57.0, 36.0)
(223.0, 142.0, 57.0, 36.0)
(223.0, 142.0, 57.0, 36.0)
(223.0, 142.0, 57.0, 36.0)
(223.0, 142.0, 57.0, 36.0)
(224.0, 142.0, 57.0, 36.0)
(223.0, 142.0, 57.0, 36.0)
(224.0, 142.0, 57.0, 36.0)
(224.0, 142.0, 57.0, 36.0)
(223.0, 142.0, 57.0, 36.0)
(223.0, 142.0, 57.0, 36.0)
(224.0, 142.0, 57.0, 36.0)
(224.0, 142.0, 57.0, 36.0)
(223.0, 142.0, 57.0, 36.0)
(223.0, 142.0, 57.0, 36.0)
(223.0, 142.0, 57.0, 36.0)
(224.0, 142.0, 57.0, 36.0)
(223.0, 142.0, 57.0, 36.0)
(223.0, 142.0, 57.0, 36.0)
(223.0, 142.0, 57.0, 36.0)
(223.0, 142.0, 57.0, 36.0)
(223.0, 142.0, 57.0, 36.0)
(223.0, 142.0, 57.0, 36.0)
(223.0, 142.0, 57.0, 36.0)
(223.0, 142.0, 57.0, 36.0)
(223.0, 142.0, 57.0, 36.0)
(223.0, 142.0, 57.0, 36.0)
(223.0, 142.0, 57.0, 36.0)
(223.0, 142.0, 57.0, 36.0)
(223.0, 142.0, 57.0, 36.0)
(223.0, 142.0, 57.0, 36.0)
(223.0, 142.0, 57.0, 36.0)
(223.0, 142.0, 57.0, 36.0)
(223.0, 142.0, 57.0, 36.0)
(223.0, 142.0, 57.0, 36.0)
(223.0, 142.0, 57.0, 36.0)
(223.0, 142.0, 57.0, 36.0)
(223.0, 142.0, 57.0, 36.0)
(223.0, 142.0, 57.0, 36.0)
(223.0, 142.0, 57.0, 36.0)
(223.0, 142.0, 57.0, 36.0)
(223.0, 142.0, 57.0, 36.0)
(223.0, 142.0, 57.0, 36.0)
(223.0, 142.0, 57.0, 36.0)
(223.0, 142.0, 57.0, 36.0)
(223.0, 142.0, 57.0, 36.0)
(222.0, 142.0, 57.0, 36.0)
(221.0, 143.0, 57.0, 36.0)
(221.0, 143.0, 57.0, 36.0)
(220.0, 143.0, 57.0, 36.0)
(220.0, 143.0, 57.0, 36.0)
(220.0, 143.0, 57.0, 36.0)
(220.0, 143.0, 57.0, 36.0)
(220.0, 143.0, 57.0, 36.0)
(219.0, 143.0, 57.0, 36.0)
(219.0, 143.0, 57.0, 36.0)
(221.0, 143.0, 57.0, 36.0)
(219.0, 143.0, 57.0, 36.0)
(218.0, 143.0, 57.0, 36.0)
(218.0, 143.0, 57.0, 36.0)
(217.0, 144.0, 57.0, 36.0)
(216.0, 144.0, 57.0, 36.0)
(216.0, 144.0, 57.0, 36.0)
(216.0, 144.0, 57.0, 36.0)
(216.0, 144.0, 57.0, 36.0)
(215.0, 144.0, 57.0, 36.0)
(214.0, 144.0, 57.0, 36.0)
(211.0, 144.0, 57.0, 36.0)
(213.0, 144.0, 57.0, 36.0)
(210.0, 145.0, 57.0, 36.0)
(209.0, 145.0, 57.0, 36.0)
(208.0, 145.0, 57.0, 36.0)
(207.0, 145.0, 57.0, 36.0)
(206.0, 145.0, 57.0, 36.0)
(205.0, 145.0, 57.0, 36.0)
(204.0, 145.0, 57.0, 36.0)
(203.0, 146.0, 57.0, 36.0)
(201.0, 146.0, 57.0, 36.0)
(200.0, 146.0, 57.0, 36.0)
(199.0, 146.0, 57.0, 36.0)
(198.0, 146.0, 57.0, 36.0)
(197.0, 146.0, 57.0, 36.0)
(196.0, 146.0, 57.0, 36.0)
(194.0, 146.0, 57.0, 36.0)
(193.0, 146.0, 57.0, 36.0)
(193.0, 147.0, 57.0, 36.0)
(192.0, 147.0, 57.0, 36.0)
(190.0, 147.0, 57.0, 36.0)
(189.0, 147.0, 57.0, 36.0)
(187.0, 147.0, 57.0, 36.0)
(186.0, 147.0, 57.0, 36.0)
(185.0, 147.0, 57.0, 36.0)
(188.0, 142.0, 57.0, 36.0)
(188.0, 141.0, 57.0, 36.0)
(189.0, 140.0, 57.0, 36.0)
(185.0, 142.0, 57.0, 36.0)
(181.0, 142.0, 57.0, 36.0)
(179.0, 142.0, 57.0, 36.0)
(178.0, 142.0, 57.0, 36.0)
(176.0, 142.0, 57.0, 36.0)
(174.0, 142.0, 57.0, 36.0)
(173.0, 142.0, 57.0, 36.0)
(171.0, 142.0, 57.0, 36.0)
(193.0, 139.0, 57.0, 36.0)
(170.0, 142.0, 57.0, 36.0)
(168.0, 142.0, 57.0, 36.0)
(165.0, 142.0, 57.0, 36.0)
(166.0, 142.0, 57.0, 36.0)
(165.0, 142.0, 57.0, 36.0)
(164.0, 142.0, 57.0, 36.0)
(164.0, 141.0, 57.0, 36.0)
(163.0, 141.0, 57.0, 36.0)
(157.0, 141.0, 57.0, 36.0)
(157.0, 141.0, 57.0, 36.0)
(155.0, 141.0, 57.0, 36.0)
(154.0, 141.0, 57.0, 36.0)
(151.0, 140.0, 57.0, 36.0)
(150.0, 140.0, 57.0, 36.0)
(149.0, 139.0, 57.0, 36.0)
(147.0, 139.0, 57.0, 36.0)
(146.0, 139.0, 57.0, 36.0)
(145.0, 139.0, 57.0, 36.0)
(143.0, 139.0, 57.0, 36.0)
(142.0, 139.0, 57.0, 36.0)
(141.0, 138.0, 57.0, 36.0)
(139.0, 138.0, 57.0, 36.0)
(134.0, 144.0, 57.0, 36.0)
(132.0, 144.0, 57.0, 36.0)
(132.0, 144.0, 57.0, 36.0)
(127.0, 144.0, 57.0, 36.0)
(125.0, 144.0, 57.0, 36.0)
(146.0, 140.0, 57.0, 36.0)
(144.0, 139.0, 57.0, 36.0)
(143.0, 139.0, 57.0, 36.0)
(144.0, 139.0, 57.0, 36.0)
(139.0, 139.0, 57.0, 36.0)
(119.0, 142.0, 57.0, 36.0)
(135.0, 139.0, 57.0, 36.0)
(134.0, 139.0, 57.0, 36.0)
(132.0, 138.0, 57.0, 36.0)
(134.0, 138.0, 57.0, 36.0)
(133.0, 138.0, 57.0, 36.0)
(139.0, 139.0, 57.0, 36.0)
(138.0, 138.0, 57.0, 36.0)
(137.0, 138.0, 57.0, 36.0)
(137.0, 138.0, 57.0, 36.0)
(136.0, 138.0, 57.0, 36.0)
(132.0, 138.0, 57.0, 36.0)
(131.0, 138.0, 57.0, 36.0)
(121.0, 137.0, 57.0, 36.0)
(120.0, 137.0, 57.0, 36.0)
(97.0, 137.0, 57.0, 36.0)
(111.0, 136.0, 57.0, 36.0)
(114.0, 136.0, 57.0, 36.0)
(119.0, 136.0, 57.0, 36.0)
(118.0, 136.0, 57.0, 36.0)
(110.0, 134.0, 57.0, 36.0)
(109.0, 134.0, 57.0, 36.0)
(109.0, 134.0, 57.0, 36.0)
(110.0, 134.0, 57.0, 36.0)
(110.0, 134.0, 57.0, 36.0)
(109.0, 134.0, 57.0, 36.0)
(95.0, 132.0, 57.0, 36.0)
(93.0, 132.0, 57.0, 36.0)
(97.0, 132.0, 57.0, 36.0)
(97.0, 132.0, 57.0, 36.0)
(94.0, 132.0, 57.0, 36.0)
(93.0, 132.0, 57.0, 36.0)
(94.0, 132.0, 57.0, 36.0)
(96.0, 132.0, 57.0, 36.0)
(82.0, 130.0, 57.0, 36.0)
(81.0, 130.0, 57.0, 36.0)
(80.0, 129.0, 57.0, 36.0)
(81.0, 129.0, 57.0, 36.0)
(82.0, 129.0, 57.0, 36.0)
(81.0, 129.0, 57.0, 36.0)
(81.0, 129.0, 57.0, 36.0)
(79.0, 129.0, 57.0, 36.0)
(78.0, 129.0, 57.0, 36.0)
(77.0, 129.0, 57.0, 36.0)
(76.0, 128.0, 57.0, 36.0)
(76.0, 128.0, 57.0, 36.0)
(70.0, 126.0, 57.0, 36.0)
(61.0, 126.0, 57.0, 36.0)
(62.0, 126.0, 57.0, 36.0)
(60.0, 126.0, 57.0, 36.0)
(65.0, 126.0, 57.0, 36.0)
(58.0, 126.0, 57.0, 36.0)
(59.0, 126.0, 57.0, 36.0)
(61.0, 125.0, 57.0, 36.0)
(57.0, 125.0, 57.0, 36.0)
(55.0, 125.0, 57.0, 36.0)
(57.0, 125.0, 57.0, 36.0)
(56.0, 125.0, 57.0, 36.0)
(54.0, 125.0, 57.0, 36.0)
(53.0, 124.0, 57.0, 36.0)
(45.0, 123.0, 57.0, 36.0)
(44.0, 123.0, 57.0, 36.0)
(45.0, 123.0, 57.0, 36.0)
(44.0, 123.0, 57.0, 36.0)
(43.0, 123.0, 57.0, 36.0)
(39.0, 118.0, 57.0, 36.0)
(40.0, 122.0, 57.0, 36.0)
(40.0, 122.0, 57.0, 36.0)
(34.0, 120.0, 57.0, 36.0)
(34.0, 120.0, 57.0, 36.0)
(34.0, 120.0, 57.0, 36.0)
(33.0, 120.0, 57.0, 36.0)
(28.0, 120.0, 57.0, 36.0)
(28.0, 120.0, 57.0, 36.0)
(27.0, 120.0, 57.0, 36.0)
(23.0, 119.0, 57.0, 36.0)
(22.0, 119.0, 57.0, 36.0)
(22.0, 119.0, 57.0, 36.0)
(22.0, 119.0, 57.0, 36.0)
(20.0, 118.0, 57.0, 36.0)
(18.0, 118.0, 57.0, 36.0)
(18.0, 118.0, 57.0, 36.0)
(19.0, 113.0, 57.0, 36.0)
(18.0, 113.0, 57.0, 36.0)
(12.0, 116.0, 57.0, 36.0)
(11.0, 116.0, 57.0, 36.0)
(10.0, 116.0, 57.0, 36.0)
(8.0, 115.0, 57.0, 36.0)
(8.0, 115.0, 57.0, 36.0)
(8.0, 115.0, 57.0, 36.0)
(8.0, 115.0, 57.0, 36.0)
(7.0, 115.0, 57.0, 36.0)
(4.0, 115.0, 57.0, 36.0)
(4.0, 115.0, 57.0, 36.0)
(0.0, 116.0, 57.0, 36.0)
(3.0, 115.0, 57.0, 36.0)
(4.0, 115.0, 57.0, 36.0)
(4.0, 115.0, 57.0, 36.0)
(4.0, 115.0, 57.0, 36.0)
(3.0, 115.0, 57.0, 36.0)
(23.0, 111.0, 57.0, 36.0)
(23.0, 111.0, 57.0, 36.0)
(22.0, 111.0, 57.0, 36.0)
(22.0, 111.0, 57.0, 36.0)
(18.0, 111.0, 57.0, 36.0)
(17.0, 111.0, 57.0, 36.0)
(17.0, 111.0, 57.0, 36.0)
