(124, 92, 46, 58)
(129.39263999999997, 94.55615999999998, 49.76639999999999, 62.207999999999984)
(129.1032518169559, 95.01203265083355, 49.69115414929127, 62.11394268661408)
(128.99344432215122, 95.18435503891952, 49.570894871322466, 61.96361858915307)
(128.8949483412202, 95.2261024638788, 49.518222526543866, 61.897778158179825)
(134.36927999999997, 94.55615999999998, 49.76639999999999, 62.207999999999984)
(129.39263999999997, 94.55615999999998, 49.76639999999999, 62.207999999999984)
(129.21241189037332, 94.94430488616003, 49.6832832212064, 62.104104026508004)
(129.0315559813512, 95.46201322864215, 49.717266767766255, 62.14658345970782)
(128.68876707734447, 96.3794438466806, 49.641247896092224, 62.051559870115284)
(128.28109946460347, 97.67190896759516, 49.58739672020705, 61.98424590025882)
(127.88315773745835, 98.72972625446454, 49.549845115903544, 61.937306394879435)
(127.36928971042046, 99.23983415279609, 49.31500792779181, 61.643759909739764)
(126.7193611414253, 99.3868884684076, 49.1992766868759, 61.49909585859487)
(124.41599999999997, 99.53279999999998, 49.76639999999999, 62.207999999999984)
(129.39263999999997, 99.53279999999998, 49.76639999999999, 62.207999999999984)
(124.41599999999997, 99.53279999999998, 49.76639999999999, 62.207999999999984)
(129.39263999999997, 99.53279999999998, 49.76639999999999, 62.207999999999984)
(119.43935999999997, 99.53279999999998, 49.76639999999999, 62.207999999999984)
(119.43935999999997, 99.53279999999998, 49.76639999999999, 62.207999999999984)
(119.43935999999997, 99.53279999999998, 49.76639999999999, 62.207999999999984)
(129.39263999999997, 99.53279999999998, 49.76639999999999, 62.207999999999984)
(129.39263999999997, 99.53279999999998, 49.76639999999999, 62.207999999999984)
(130.70539344503428, 98.52294873073134, 49.742013105048535, 62.17751638131067)
(113.46739199999998, 89.57951999999997, 59.71967999999998, 74.64959999999998)
(113.46739199999998, 89.57951999999997, 59.71967999999998, 74.64959999999998)
(134.36927999999997, 94.55615999999998, 49.76639999999999, 62.207999999999984)
(129.39263999999997, 94.55615999999998, 49.76639999999999, 62.207999999999984)
(131.07913040194353, 93.81367371348901, 49.55471985529253, 61.94339981911566)
(132.19531037816964, 92.85130514739467, 49.500124795418465, 61.87515599427308)
(132.36307968708223, 92.03119157296412, 49.55278503013235, 61.94098128766543)
(124.41599999999997, 89.57951999999997, 49.76639999999999, 62.207999999999984)
(123.97618722673596, 88.36938797507035, 49.48589981410612, 61.85737476763265)
(161.74079999999998, 157.59359999999998, 41.471999999999994, 51.839999999999996)
(157.59359999999998, 157.59359999999998, 41.471999999999994, 51.839999999999996)
(153.44639999999998, 157.59359999999998, 41.471999999999994, 51.839999999999996)
(149.29919999999998, 157.59359999999998, 41.471999999999994, 51.839999999999996)
(145.64054294349387, 157.50154470109584, 41.33084853684036, 51.663560671050455)
(141.799564300796, 157.42399235719617, 41.40935123239232, 51.7616890404904)
(141.0048, 165.88799999999998, 41.471999999999994, 51.839999999999996)
(136.8576, 165.88799999999998, 41.471999999999994, 51.839999999999996)
(133.54088874797856, 167.3919961125855, 41.6553645206444, 52.0692056508055)
(130.08537296419306, 169.32448202860556, 41.4735921331373, 51.84199016642163)
(126.52125076409888, 170.9639604735562, 41.68499693371625, 52.106246167145315)
(123.03800715085735, 173.25067400815172, 40.96448770023839, 51.20560962529799)
(120.95999999999998, 172.79999999999998, 34.559999999999995, 43.199999999999996)
(117.50399999999999, 172.79999999999998, 34.559999999999995, 43.199999999999996)
(114.86907996933583, 173.0083927320555, 34.55861508574239, 43.198268857177986)
(128.5632, 103.67999999999999, 41.471999999999994, 51.839999999999996)
(129.61416189762716, 102.96800275655545, 41.47997000357376, 51.84996250446721)
(130.35519354629932, 101.92900987721009, 41.7526979659951, 52.19087245749388)
(130.29270120572667, 101.07306623494156, 41.94964309635911, 52.437053870448906)
(130.61163835962225, 100.96819382355126, 41.8544323627867, 52.3180404534834)
(132.7104, 99.5328, 41.471999999999994, 51.839999999999996)
(136.8576, 99.5328, 41.471999999999994, 51.839999999999996)
(136.8576, 99.5328, 41.471999999999994, 51.839999999999996)
(136.8576, 99.5328, 41.471999999999994, 51.839999999999996)
(124.41599999999997, 94.55615999999998, 49.76639999999999, 62.207999999999984)
(124.41599999999997, 94.55615999999998, 49.76639999999999, 62.207999999999984)
(124.41599999999997, 94.55615999999998, 49.76639999999999, 62.207999999999984)
(123.76485698791078, 95.28433023391193, 49.40889598511585, 61.76111998139481)
(123.93784818373584, 97.21848380999208, 48.67921608370011, 60.84902010462515)
(123.60688413886518, 99.77221649804439, 48.27058753281641, 60.33823441602052)
(122.80853726527862, 101.74215171099281, 47.69561990303643, 59.619524878795545)
(122.71015713585373, 102.94116560865996, 47.24053995192524, 59.050674939906564)
(119.43935999999997, 104.50943999999997, 49.76639999999999, 62.207999999999984)
(120.2757530460578, 105.92682232930079, 49.535233780931186, 61.919042226163974)
(128.5632, 111.97439999999999, 41.471999999999994, 51.839999999999996)
(130.04857904048495, 112.32317397150463, 41.37404465340507, 51.717555816756345)
(130.00836119324288, 111.70229924545984, 41.11036413695174, 51.387955171189674)
(130.35372599320758, 109.70471447393135, 40.46922560147546, 50.586532001844326)
(130.59800315054034, 107.40394367206213, 40.029377341497444, 50.036721676871814)
(130.03740787890277, 105.2031995825152, 39.535943861335035, 49.419929826668806)
(128.5632, 103.67999999999999, 41.471999999999994, 51.839999999999996)
(124.41599999999997, 94.55615999999998, 49.76639999999999, 62.207999999999984)
(119.43935999999997, 89.57951999999997, 49.76639999999999, 62.207999999999984)
(119.75227839439378, 86.71488872663483, 50.03585740066546, 62.54482175083183)
(132.7104, 91.2384, 41.471999999999994, 51.839999999999996)
(132.7104, 87.0912, 41.471999999999994, 51.839999999999996)
(132.7104, 87.0912, 41.471999999999994, 51.839999999999996)
(132.12317979717017, 87.27175604529084, 41.291215796284646, 51.61401974535581)
(128.5632, 87.0912, 41.471999999999994, 51.839999999999996)
(128.34195137112195, 88.18642342410753, 41.15714252142794, 51.446428151784936)
(119.43935999999997, 84.60287999999998, 49.76639999999999, 62.207999999999984)
(118.85160867769466, 86.05961235590743, 49.91376543757933, 62.39220679697416)
(124.416, 91.2384, 41.471999999999994, 51.839999999999996)
(123.30425566379743, 92.97107217984447, 41.51870034232699, 51.89837542790873)
(124.416, 95.3856, 41.471999999999994, 51.839999999999996)
(122.72194935384294, 97.14531788126854, 41.36123044270471, 51.701538053380894)
(120.66660083824382, 98.42722934370323, 41.37475950515294, 51.718449381441175)
(118.95821498769368, 99.45880406786907, 41.14947188008137, 51.43683985010172)
(117.66496087021956, 100.20568933240335, 41.13267811307649, 51.41584764134562)
(116.27233888529565, 101.19629422124359, 41.15231234171337, 51.44039042714172)
(114.33008599129653, 102.47875566111775, 41.029768569164716, 51.287210711455906)
(112.58678214861568, 104.0452217897735, 40.89102530237799, 51.1137816279725)
(110.35718482300202, 105.89751880341073, 40.78353904540219, 50.97942380675275)
(107.82719999999999, 107.82719999999999, 41.471999999999994, 51.839999999999996)
(106.55037367469889, 109.17200018510945, 41.777277711637375, 52.22159713954672)
(105.99582773989346, 110.6465728935558, 41.86024653437322, 52.32530816796652)
(105.91856036752608, 111.62763970196131, 42.16139535381502, 52.70174419226877)
(106.14442533199119, 111.796521810863, 42.240671284259804, 52.800839105324755)
(106.95787389825242, 111.1711129752325, 42.53217014783111, 53.16521268478889)
(111.97439999999999, 111.97439999999999, 41.471999999999994, 51.839999999999996)
(113.95010067126701, 111.25380595993336, 41.66741872582535, 52.08427340728169)
(115.9251580421043, 111.05344203505224, 41.66014456032264, 52.07518070040331)
(118.44713670255797, 110.89785948293378, 41.451728010899686, 51.81466001362461)
(109.48607999999997, 104.50943999999997, 49.76639999999999, 62.207999999999984)
(114.46271999999998, 104.50943999999997, 49.76639999999999, 62.207999999999984)
(117.4834005702634, 104.15868091058314, 50.01574930869192, 62.5196866358649)
(124.416, 107.82719999999999, 41.471999999999994, 51.839999999999996)
(127.35172246203393, 107.79861947311127, 41.41136897974071, 51.76421122467589)
(92.16, 135.35999999999999, 28.799999999999997, 36.0)
(92.16, 135.35999999999999, 28.799999999999997, 36.0)
(92.03021370902097, 134.66008555668634, 28.84637678117681, 36.05797097647102)
(91.64428897659033, 134.0265108179059, 28.840394214788077, 36.0504927684851)
(90.96058102607307, 133.3755349373765, 28.755661678322614, 35.94457709790327)
(86.39999999999999, 132.48, 28.799999999999997, 36.0)
(84.67529054449815, 132.04145746468032, 28.867048915886482, 36.0838111448581)
(81.68546185564031, 132.02945045797813, 28.751811884422466, 35.93976485552808)
(78.66376174847159, 131.93510082145374, 28.51812774817399, 35.647659685217484)
(77.75999999999999, 132.48, 28.799999999999997, 36.0)
(73.63976860139542, 132.36233785745716, 28.71462661556853, 35.89328326946067)
(69.12, 132.48, 28.799999999999997, 36.0)
(65.68012225092428, 131.7634562651934, 28.802329350690524, 36.00291168836316)
(60.48, 126.72, 28.799999999999997, 36.0)
(55.640937069331784, 126.17558303405242, 28.979880622078614, 36.22485077759827)
(52.43163092124557, 126.19411888226986, 28.80564318680572, 36.007053983507156)
(187.2, 112.32, 28.799999999999997, 36.0)
(186.03021622153605, 112.69276363934681, 27.743495169232588, 34.67936896154074)
(185.02483441179896, 113.03117492698013, 26.734605468394278, 33.41825683549285)
(178.56, 109.44, 28.799999999999997, 36.0)
(175.9114456447021, 109.49186542074578, 28.650255072900496, 35.812818841125626)
(173.32933911425258, 108.8875251806575, 29.04229711329173, 36.30287139161467)
(177.6, 115.19999999999999, 24.0, 30.0)
(31.68, 129.6, 28.799999999999997, 36.0)
(31.68, 129.6, 28.799999999999997, 36.0)
(30.454703029606392, 130.06194625374383, 28.75990943150987, 35.94988678938734)
(29.450349410222316, 130.45194433113727, 28.742699617055365, 35.92837452131921)
(29.475615491405406, 130.78799413384903, 28.63707559677903, 35.79634449597379)
(29.530052887893596, 130.56454746362675, 28.62916058163468, 35.78645072704335)
(29.486046155794696, 130.04600469333957, 28.698855869562948, 35.87356983695369)
(127.87199999999999, 117.50399999999999, 34.559999999999995, 43.199999999999996)
(127.87199999999999, 117.50399999999999, 34.559999999999995, 43.199999999999996)
(127.87199999999999, 117.50399999999999, 34.559999999999995, 43.199999999999996)
(127.60109598393218, 116.33482264715155, 34.511445483307476, 43.13930685413435)
(126.34410136580117, 114.99380398386279, 34.67954848910076, 43.349435611375945)
(124.82530660426896, 113.80969651827566, 34.79874201607143, 43.49842752008929)
(17.28, 123.83999999999999, 28.799999999999997, 36.0)
(12.813191112584613, 123.5094510031575, 28.93324851213546, 36.16656064016933)
(8.64, 123.83999999999999, 28.799999999999997, 36.0)
(5.063007176484971, 123.34605436931835, 28.910997823543727, 36.138747279429666)
(1.1591990706516633, 122.90479368771031, 28.948960714897844, 36.18620089362231)
(0.0, 123.83999999999999, 28.799999999999997, 36.0)
(100.22399999999999, 110.59199999999998, 34.559999999999995, 43.199999999999996)
(95.3856, 107.82719999999999, 41.471999999999994, 51.839999999999996)
(95.11269468740711, 107.91365205371689, 41.34952144061546, 51.68690180076933)
(94.51658890950876, 107.46834168498164, 41.29568502277937, 51.61960627847421)
(100.22399999999999, 110.59199999999998, 34.559999999999995, 43.199999999999996)
(100.22399999999999, 110.59199999999998, 34.559999999999995, 43.199999999999996)
(152.0, 198.0, 20.0, 25.0)
(149.9461100273233, 197.88632329465216, 20.07741495511904, 25.096768693898795)
(147.85575594717838, 197.8450989104134, 20.030812934744795, 25.038516168430988)
(91.2384, 111.97439999999999, 41.471999999999994, 51.839999999999996)
(91.38967018041917, 111.99513083007717, 41.63267832812651, 52.04084791015814)
(91.3246853522475, 113.42618121270927, 41.650907872165156, 52.063634840206454)
(90.7793131843608, 115.09501570072686, 41.721251206961995, 52.1515640087025)
(91.2384, 116.1216, 41.471999999999994, 51.839999999999996)
(91.2384, 116.1216, 41.471999999999994, 51.839999999999996)
(91.2384, 116.1216, 41.471999999999994, 51.839999999999996)
(90.41497614500092, 116.15584347379263, 41.512608391150515, 51.89076048893815)
(89.43945657446562, 116.08763190735203, 41.618280100580485, 52.022850125725604)
(88.48993255910683, 115.20994434115647, 41.58258997211837, 51.97823746514796)
(87.76680844531914, 113.90198169617528, 41.48001770408829, 51.85002213011036)
(86.55650628368215, 112.35413847899233, 41.485216753924746, 51.856520942405936)
(85.54834514026257, 111.24432386002057, 41.40635471459207, 51.75794339324009)
(93.31199999999998, 114.04799999999999, 34.559999999999995, 43.199999999999996)
(93.31199999999998, 114.04799999999999, 34.559999999999995, 43.199999999999996)
(96.0, 192.0, 24.0, 30.0)
(93.2171616587743, 192.14552128733507, 23.970705979326382, 29.963382474157974)
(78.79679999999999, 107.82719999999999, 41.471999999999994, 51.839999999999996)
(76.90204359921479, 108.47564788585933, 41.30196385137506, 51.62745481421884)
(74.52797480951354, 108.70345069267806, 41.37737193859008, 51.721714923237606)
(72.72951021156199, 108.66877555436949, 41.38045958175881, 51.725574477198506)
(71.20233456983142, 108.25165590149828, 41.43696235447774, 51.79620294309718)
(69.3309871092115, 107.75543002604076, 41.58943205599102, 51.98679006998877)
(67.76947940335026, 107.45483533359459, 41.44408351507678, 51.80510439384597)
(66.4465004353977, 107.2295974940152, 41.46021967363817, 51.82527459204772)
(65.159955101147, 107.25229999673407, 41.391388345069224, 51.73923543133654)
(64.98783927401145, 107.49672132914762, 41.35517261164504, 51.6939657645563)
(65.94624067589274, 108.25467867842306, 40.87528997389808, 51.0941124673726)
(66.88981412900364, 109.01378683697479, 40.674315553027824, 50.84289444128478)
(76.03199999999998, 114.04799999999999, 34.559999999999995, 43.199999999999996)
(76.97732751240498, 115.5317109346957, 34.310061527924375, 42.88757690990547)
(146.88, 187.2, 28.799999999999997, 36.0)
(145.70356391097778, 187.616730584523, 28.74430284210694, 35.93037855263368)
(144.38207791724867, 187.54160954255693, 28.828925220190165, 36.03615652523771)
(144.0, 187.2, 24.0, 30.0)
(142.03282303409648, 186.7397623131284, 23.99514494743204, 29.99393118429005)
(58.0, 194.0, 20.0, 25.0)
(52.8, 192.0, 24.0, 30.0)
(50.71734589511702, 191.36857710995463, 24.070310803760094, 30.087888504700118)
(48.50726576140185, 190.90426910284484, 24.132148927635754, 30.165186159544696)
(46.05929475450466, 190.47491056501804, 24.21620510768989, 30.270256384612367)
(43.95383804520901, 190.05189380895268, 24.164797054113215, 30.205996317641524)
(41.60997010432289, 189.50447703851518, 24.212819648531944, 30.266024560664935)
(39.582544875127525, 189.1064278781196, 24.167618227039863, 30.209522783799834)
(37.680458532988155, 188.74315939746688, 24.30434096014673, 30.380426200183418)
(36.439547768845195, 188.31413321645812, 24.22808753726078, 30.285109421575978)
(36.24020775569623, 188.1027237029516, 24.162900376058698, 30.203625470073373)
(36.73081512439073, 187.5383467672743, 24.222129059079865, 30.277661323849834)
(37.35923035528337, 186.99069205405905, 24.24158949084926, 30.301986863561577)
(34.56, 184.32, 28.799999999999997, 36.0)
(34.56, 184.32, 28.799999999999997, 36.0)
(34.51158267859791, 183.39314581727203, 28.850337297833477, 36.06292162229185)
(34.224971981816694, 182.75982369995762, 28.738652685536536, 35.923315856920674)
(33.82518678234014, 181.86036628661046, 28.746436890641995, 35.933046113302495)
(33.18211729617252, 181.97979870075153, 28.6552717858288, 35.819089732285995)
(31.843090331722017, 181.83684680900066, 28.847215027473947, 36.059018784342435)
(31.56345662295083, 181.80335043414507, 28.901859031930385, 36.12732378991298)
(31.86933907605229, 181.60761092544865, 28.88218091771965, 36.10272614714956)
(31.68, 181.44, 28.799999999999997, 36.0)
(279.936, 124.41599999999998, 34.559999999999995, 43.199999999999996)
(109.48607999999997, 159.25247999999996, 49.76639999999999, 62.207999999999984)
(109.62627146030451, 158.99169179852515, 49.86559471610969, 62.33199339513711)
(292.8, 134.4, 24.0, 30.0)
(33.6, 180.0, 24.0, 30.0)
(33.17065338382136, 180.7071550400184, 24.136349787533067, 30.170437234416333)
(33.64777504208413, 181.73638315502217, 24.174545741027057, 30.21818217628382)
(32.593998020369014, 182.79100187803084, 24.329367698275643, 30.41170962284455)
(31.87864400946863, 184.38030364617416, 24.32566943955884, 30.40708679944855)
(32.0, 186.0, 20.0, 25.0)
(30.0, 188.0, 20.0, 25.0)
(28.27501521110461, 190.0676638483992, 20.11443071365504, 25.1430383920688)
(26.248819042421413, 191.7284353688074, 20.1474062419394, 25.18425780242425)
(17.279999999999998, 190.07999999999998, 34.559999999999995, 43.199999999999996)
(14.467833746152547, 191.79557969833093, 34.60619797095173, 43.25774746368967)
(18.0, 196.0, 20.0, 25.0)
(292.8, 141.6, 24.0, 30.0)
(289.16955045246954, 141.43561055093846, 24.17654850912345, 30.220685636404315)
(285.04854304686944, 141.10850519408478, 24.152968837901824, 30.191211047377283)
(119.43935999999997, 114.46271999999998, 49.76639999999999, 62.207999999999984)
(117.43022110068082, 111.70166258678857, 50.29017096270075, 62.86271370337594)
(115.30278497528106, 109.06342455894512, 50.966918213500286, 63.70864776687536)
(114.46271999999998, 104.50943999999997, 49.76639999999999, 62.207999999999984)
(109.48607999999997, 104.50943999999997, 49.76639999999999, 62.207999999999984)
(104.50943999999997, 104.50943999999997, 49.76639999999999, 62.207999999999984)
(99.53279999999998, 104.50943999999997, 49.76639999999999, 62.207999999999984)
(95.08732798853089, 102.3574709726021, 49.89155117625846, 62.36443897032307)
(90.87012832867687, 100.60436586799942, 49.94240557409152, 62.42800696761439)
(86.81581989899405, 99.67959155983877, 49.961735629257916, 62.452169536572384)
(84.60287999999998, 94.55615999999998, 49.76639999999999, 62.207999999999984)
(79.62623999999998, 94.55615999999998, 49.76639999999999, 62.207999999999984)
(79.62623999999998, 94.55615999999998, 49.76639999999999, 62.207999999999984)
(81.89907472098452, 95.11556907048111, 49.59181667863641, 61.989770848295514)
(84.67064124833956, 96.59971869696008, 49.57621047939506, 61.97026309924382)
(89.57951999999997, 99.53279999999998, 49.76639999999999, 62.207999999999984)
(93.69010465803667, 101.2303531797236, 49.448337373379694, 61.81042171672461)
(97.06653252135695, 102.34328875045108, 49.32043587037198, 61.65054483796497)
(99.65157430669586, 104.29068976752512, 49.364921391491, 61.70615173936375)
(101.79525560970836, 107.23025729289718, 49.13555744269258, 61.41944680336572)
(103.27832230835544, 110.43769212189451, 49.05228232176561, 61.31535290220701)
(105.2024456237379, 112.94720684656693, 48.70844548103973, 60.88555685129966)
(107.23821309441342, 115.09014082480391, 48.65360365492306, 60.81700456865383)
(109.13997435782422, 117.31419566029297, 48.291746777515556, 60.36468347189445)
(111.29841762800994, 118.4434822004177, 48.22995667269098, 60.28744584086374)
(113.19956392094926, 118.45597196661626, 48.04367666005454, 60.05459582506819)
(115.06811316130232, 117.7122555934736, 47.85092022036403, 59.81365027545506)
(117.27649167351157, 116.20344162436017, 47.98738585219554, 59.98423231524445)
(119.43935999999997, 114.46271999999998, 49.76639999999999, 62.207999999999984)
(121.2830379534036, 111.44532552128335, 49.656230677665356, 62.070288347081686)
(123.44629822061009, 107.76658454059418, 49.657865660830524, 62.072332076038144)
(125.22483710380845, 104.03706039068591, 49.45747734755877, 61.82184668444845)
(126.2416380019323, 100.33904829922938, 49.46577618607672, 61.83222023259589)
(126.66150034916447, 96.80402363317194, 49.49708420645611, 61.871355258070125)
(124.41599999999997, 89.57951999999997, 49.76639999999999, 62.207999999999984)
(123.45939540808891, 86.73378562241584, 49.554609183822095, 61.94326147977761)
(119.43935999999997, 84.60287999999998, 49.76639999999999, 62.207999999999984)
(114.46271999999998, 79.62623999999998, 49.76639999999999, 62.207999999999984)
(114.46271999999998, 79.62623999999998, 49.76639999999999, 62.207999999999984)
(114.46271999999998, 74.64959999999998, 49.76639999999999, 62.207999999999984)
(104.50943999999997, 69.67295999999999, 49.76639999999999, 62.207999999999984)
(101.9301488236554, 66.60452382497941, 50.052423758939156, 62.56552969867394)
(99.53279999999998, 64.69631999999999, 49.76639999999999, 62.207999999999984)
(96.51299938517148, 62.74054944844434, 49.878060861004634, 62.347576076255784)
(94.1535758260726, 61.247359019346135, 50.091994649124274, 62.614993311405335)
(92.39193139469215, 61.01380171010104, 50.08351471305704, 62.604393391321295)
(91.11674810650734, 61.487403776627836, 50.46524115270792, 63.081551440884894)
(94.55615999999998, 64.69631999999999, 49.76639999999999, 62.207999999999984)
(93.31201903488102, 66.25003432704855, 50.18690238922226, 62.73362798652782)
(92.14696078014777, 67.99960216414956, 50.459371193610664, 63.07421399201333)
(91.184751310084, 69.55509914614993, 50.82254135444131, 63.52817669305164)
(90.16948607220644, 71.09880179374927, 51.05847038976673, 63.82308798720842)
(88.87082790110918, 72.76367755094702, 51.22651121926596, 64.03313902408244)
(87.20148002241118, 74.33180837640266, 51.55571600986507, 64.44464501233134)
(85.72037166466404, 76.47892947523925, 51.886905503679664, 64.85863187959957)
(79.62623999999998, 79.62623999999998, 49.76639999999999, 62.207999999999984)
(78.7766854347654, 81.71569068383762, 50.17400522421916, 62.717506530273944)
(71.66361599999999, 77.63558399999998, 59.71967999999998, 74.64959999999998)
(72.2126468626505, 79.91946588580824, 60.05077171708178, 75.06346464635223)
(73.72981163497604, 81.77238852601987, 60.35793387164942, 75.44741733956178)
(75.52431381069532, 83.19519039422852, 60.713463821968695, 75.89182977746087)
(77.81507145791183, 84.02886374109096, 61.115438517770066, 76.39429814721258)
(80.60213383396746, 84.73132536289388, 61.513069747104126, 76.89133718388015)
