(150, 56, 82, 96)
(150.36089762332287, 56.6653534526621, 81.31418497796363, 95.19709460834767)
(148.2003126982379, 60.56976625902221, 80.87532980371955, 94.68331294093996)
(145.67974344716538, 65.19617964379458, 79.14620463398958, 92.65897127881708)
(143.7065803790408, 66.53475577474426, 77.56897119992624, 90.81245408771852)
(140.81999058115377, 64.73187016961508, 77.91133414530967, 91.21326924328937)
(140.22177757594665, 61.51732102572838, 76.81494399361449, 89.92969052910965)
(138.3270356943626, 57.552053531834986, 76.34823268842327, 89.38329680595893)
(137.83652452120774, 54.66260244194579, 75.88392727594392, 88.83971973769044)
(137.15030967440316, 53.591963829018546, 76.61564041681865, 89.69635951237306)
(134.2553232687659, 52.59815171613309, 77.36514691949944, 90.57383053990179)
(127.85872071781606, 52.724731094067856, 78.19877255362569, 91.5497825018057)
(121.49789572745553, 54.9353893674291, 79.01533220231552, 92.50575477344258)
(115.44109067526603, 57.478291223190396, 79.74463444536637, 93.35957203359968)
(111.38013527729447, 56.33998784714599, 80.14964155478606, 93.83372669828614)
(110.8966268340626, 54.61617712159024, 80.1640217224998, 93.85056201658514)
(112.00349775641743, 52.7371260444081, 79.59558932603231, 93.18508018657442)
(114.58654789522036, 52.568093699882596, 79.41996756405146, 92.97947422132856)
(117.47172147947899, 54.24004846570956, 78.99678836428423, 92.484044914284)
(119.9030154961027, 55.79335138479991, 78.3079063857243, 91.67754893938455)
(122.47354507358358, 59.51777592998, 77.87155914482501, 91.16670338906344)
(121.68464547149881, 62.387480174652474, 78.15884626403361, 91.50303952862474)
(120.40949319759522, 62.17737866563929, 79.99766399543455, 93.65580175075267)
(121.18266830643739, 62.90086552923163, 79.95389251310176, 93.6045570885094)
(121.87242211595031, 64.62458891630001, 79.7265760561853, 93.33843050480232)
(123.03176235504338, 64.75504962813434, 80.2745032440148, 93.97990623689539)
(122.46629514068509, 62.7281063099622, 80.757885182497, 94.54581679902091)
(123.9510626796961, 59.08766565137722, 80.87498950877189, 94.68291454685493)
(125.87670628581392, 52.69481249965046, 82.47905507973934, 96.5608449714022)
(130.8702734312838, 47.307763448741454, 83.16571839622142, 97.36474348825928)
(135.85614154350466, 44.24193384137624, 82.62547020888911, 96.73225780552877)
(139.88430103820934, 43.65233334288216, 81.7465804186985, 95.70331366091537)
(143.47548220865352, 42.981353554056, 81.70658257976326, 95.65648692264972)
(147.74374601203, 42.99748031055393, 80.87859684312755, 94.68713776756401)
(150.53380182868418, 45.18794794182864, 81.02469675767071, 94.858181569956)
(151.45023359978927, 47.41878107262506, 80.7314450318668, 94.51486247633191)
(150.1877304418877, 47.89647289648234, 81.02308342774799, 94.85629279346111)
(148.83668829847582, 46.47892930855643, 81.07630296847803, 94.9185985972426)
(146.33336531076998, 43.05064925861555, 81.77340914896786, 95.73472290610874)
(142.7749572461175, 41.1145419452629, 81.33930669917122, 95.2265054039078)
(138.84615932734653, 38.52104627599767, 82.28409125741632, 96.33259464282888)
(135.4335100673132, 40.01289647061567, 81.67469739467046, 95.61915792546787)
(128.93387409759845, 44.56969717901841, 81.96629721495933, 95.96054308092802)
(122.11616873176996, 48.374878853496725, 82.96628619368664, 97.1312618852917)
(117.20960094432033, 49.9272054567569, 83.7690152744453, 98.07104227252135)
(113.33427221407553, 49.277430823140705, 84.4727977349349, 98.89498271407015)
(110.36631770873112, 49.63362005215204, 84.55741890382683, 98.99405139960217)
(109.05886856251527, 50.45683269423472, 84.80729644430538, 99.28659095918681)
(107.43943900030472, 50.82740711772286, 84.37519609607025, 98.78071738076521)
(107.28412717901014, 48.467821194745746, 84.33682071522192, 98.7357901056257)
(109.06669290317683, 43.175498304757696, 83.2784489104432, 97.49672067564086)
(110.01710340010452, 39.15354403783432, 84.21747166658784, 98.59606439015167)
(113.78996346284404, 38.29163479094916, 83.76653913876503, 98.06814338196887)
(116.96920834069893, 39.51975596922715, 83.84292487133652, 98.15757058107695)
(118.15585684298148, 43.67279917459567, 83.78829241755268, 98.09361063518367)
(120.34197133706391, 48.51202980979337, 84.21180927899718, 98.58943525346014)
(124.0939058895367, 53.392481970840265, 83.74898631662971, 98.04759373654213)
(127.27236605047418, 57.05176833035575, 83.60323237659073, 97.8769549774721)
(130.17255992697665, 58.432778463212316, 83.66261635210138, 97.94647768050896)
(132.5691111820182, 56.001583371190385, 84.22440275803395, 98.60417883867392)
(135.9509533024339, 50.13364761358448, 85.45755994786657, 100.04787506091698)
(138.8787749311947, 43.40312172745762, 86.45540179776687, 101.21608015348319)
(141.9109004329686, 37.91929924093158, 87.73149808425813, 102.71004653766809)
(142.31863179146657, 35.124596553190855, 87.77702779890278, 102.76334961822766)
(144.76595566018284, 35.757451561530736, 86.97312408002496, 101.82219404490728)
(144.83367084782475, 42.270789673516255, 85.90579368032708, 100.57263650379757)
(142.03541350294913, 47.48214233130669, 84.80046510835956, 99.2785932975917)
(140.84128428937012, 49.552196286841294, 83.5217160892285, 97.78152127519436)
(137.81436196254876, 51.37349304672783, 83.68475263740248, 97.97239333159317)
(138.69518469587848, 53.72394472001104, 82.10819628207118, 96.12666881803456)
(137.1857350493215, 54.16799510685319, 79.92136132225546, 93.56647179190885)
(137.79731719863912, 51.74105050124772, 79.0323492452999, 92.52567716522917)
(139.2419940635424, 48.72396073746808, 78.52481619420428, 91.93149212980016)
(139.47421772716555, 49.15460469592619, 78.39465841773922, 91.77911229393864)
(139.5560855694544, 54.038735206875195, 78.0784416540599, 91.40890730231406)
(137.70089813342614, 59.12341104217764, 77.27035339135084, 90.46285275084979)
(136.1539243242328, 60.289190406471874, 76.99455003317502, 90.13996101444883)
(135.37660628138784, 60.47954077347083, 77.25978792550558, 90.45048342498217)
(134.59131077234193, 61.6206715200499, 77.335170203363, 90.53873584783965)
(133.40652319448517, 62.81294753676305, 77.66339404071715, 90.92299790132742)
(131.3167760987666, 62.487824628363214, 77.83089482395114, 91.1190963792599)
(127.69976957258956, 60.20831926412555, 77.1758850491568, 90.35225566730554)
(123.64666952149929, 57.499204885167146, 76.22040912594674, 89.23364970842547)
(122.58970374118817, 54.8405852695969, 76.27684556938145, 89.29972164220268)
(124.0028237274494, 53.851665051530766, 75.980146612484, 88.95236676583495)
(121.92736322727723, 58.490908867521064, 75.51275096243775, 88.40517185846373)
(121.2137932300697, 63.73977818374286, 74.94587240216529, 87.74150915375452)
(122.23672859111323, 67.125876685339, 75.2906266800782, 88.14512391814037)
(123.52191386030952, 70.45723246838219, 75.9305222549669, 88.89426995703445)
(125.32652835307599, 73.65985182155143, 76.40640679482458, 89.45140307686783)
(128.10273891748994, 72.93984178289564, 76.98524176951227, 90.1290635350388)
(129.50102731985348, 67.02463393563171, 77.13284831439462, 90.30187119734009)
(132.94415148359911, 58.99678128245253, 78.10905726229399, 91.44474996561252)
(136.00763473864615, 52.23656089080505, 79.17558745630146, 92.6933706805481)
(140.67748874080982, 48.62315961387452, 79.57355035041162, 93.15927845901854)
(144.34199838422222, 46.51720019762088, 80.28307476475865, 93.98994118801019)
(145.36321320043436, 49.45741506793359, 79.93812438038127, 93.58609683556837)
(147.02436388505845, 52.57068746814899, 79.76630518886746, 93.38494266013757)
(149.4735695725264, 54.4683325936831, 78.5302015531894, 91.93779694031934)
(151.40175553068337, 55.00065575465709, 78.76190336734419, 92.20905760079324)
(152.6687234605403, 56.05382993338178, 77.9469006130991, 91.25490803484777)
(152.97958685600196, 55.69950119627314, 77.0584501893633, 90.21477095340099)
(152.97733988541887, 55.4928972451108, 76.28291483365447, 89.30682712232723)
(153.47942196381538, 55.56769439711742, 75.27157904600205, 88.12282424897805)
(152.40944652803904, 56.00075569441451, 73.80389441950787, 86.4045593203995)
(151.59197410841074, 54.913435457965605, 73.37173110446761, 85.89861202474262)
(151.04230330374105, 56.93371463387489, 72.43747286029136, 84.8048462754631)
(146.88057814013297, 61.62345902479372, 72.55850009180438, 84.9465366928442)
(142.50485810898851, 63.29788139695783, 73.5519903249917, 86.10964720974646)
(139.81874594588436, 63.76004565052121, 72.382466604325, 84.74044870750251)
(136.05120745142725, 66.21788158463761, 72.71374720652051, 85.12828941251188)
(131.0858078796762, 68.39044724430661, 73.06150801994447, 85.53542402334968)
(127.35592053738293, 66.06612631643173, 73.73704198187475, 86.32629305195098)
(127.48443916045858, 61.782731016708375, 74.07705063416095, 86.72435196194458)
(129.2422819608637, 59.69880956256542, 72.81601896401479, 85.24802220177345)
(130.0514146606239, 59.00582826662204, 73.51617397465066, 86.06771587276178)
(130.09079872379894, 59.01472862534631, 73.00161483267557, 85.46530516996168)
(130.68843468144377, 59.65733844611516, 72.86676772207338, 85.3074353819396)
(129.11198491269354, 59.987833144187945, 73.40630971562855, 85.93909430122372)
(129.98207508039556, 61.57033248659553, 74.10642173862294, 86.75873764521714)
(131.16325512170744, 64.05459123285746, 74.7125369977961, 87.46833599741986)
(131.79902274498687, 65.05536096955908, 75.30060563307315, 88.15680659481738)
(133.78912464748421, 63.840381389369, 75.76748434760971, 88.70339630939677)
(136.56681493071525, 60.20158794621501, 76.52794545595229, 89.59369224111491)
(138.38705512227264, 57.34305089091842, 76.87870652791567, 90.00433934975496)
(140.83444576469418, 54.95942810113669, 77.20273627822883, 90.38369125256061)
(144.6861043249918, 52.1331931178573, 78.58518881095391, 92.00217226648266)
(149.11316130750575, 49.25639085296534, 80.27549318088694, 93.98106518737987)
(152.64677724006006, 48.218285964898676, 80.97908956284864, 94.804787780896)
(154.46014913716624, 48.2568251074664, 81.61317950887064, 95.54713698599494)
(155.43737837242503, 50.39378971666729, 81.80235201979836, 95.7686072426908)
(156.67855348633054, 51.661390844744254, 81.55150813964362, 95.4749363586072)
(157.26915918228906, 51.96640729250419, 81.04375866178907, 94.88049794550919)
(157.8743296540755, 51.460837163806275, 80.58509618501309, 94.34352724099097)
(156.41323871612047, 51.1297909713314, 79.67079124451688, 93.2731214569954)
(155.49600878027252, 50.02921633217008, 78.81744594043155, 92.27408305221257)
(155.13650932307476, 48.599921463703915, 77.74391860970985, 91.01727056746522)
(156.7019340563404, 44.84413323385974, 77.86184844005359, 91.15533475908715)
(158.94183969860322, 43.140299033712125, 77.14873027076231, 90.32046470723395)
(157.6184675748971, 41.679136934027646, 77.26034878575267, 90.45114004185682)
(155.86082110289408, 41.528350335605815, 76.49005823366494, 89.54933646868095)
(151.35689924564073, 41.195266937699046, 76.61775973625761, 89.69884066683824)
(149.4152324694515, 42.848803461833185, 76.28176345465167, 89.30547916642152)
(145.88134249361764, 44.81414855762119, 76.55486567194441, 89.62520859154473)
(142.46383915407105, 46.76560999780332, 76.68955496822508, 89.78289362133673)
(138.80485076226975, 47.372325042610456, 76.27439271374173, 89.29685000633182)
(136.82696605808204, 46.064871498278436, 76.2363419316875, 89.25230274929274)
(134.96967992905473, 42.30544529570245, 75.833207890914, 88.78034094546034)
(133.21340114977744, 37.85629071383108, 75.72168097681234, 88.6497728509023)
(131.78251598720914, 35.327936340485145, 75.28621009101138, 88.13995327728166)
(131.61866470319387, 34.24245090184976, 75.43840606724504, 88.31813393238447)
(129.37450188776393, 34.26555789831831, 75.68024121958936, 88.60125801317783)
(129.79339438300985, 35.35372238184368, 76.33285845077715, 89.36529769847084)
(129.6778534010532, 37.74678008794579, 76.8258575289483, 89.9424673509639)
(129.2098700209321, 42.71649909645889, 76.98089472376077, 90.12397431074433)
(129.76470540330035, 46.92588455345831, 77.47904256253992, 90.70717178053455)
(130.6707951933365, 49.206690289360225, 77.71076251860046, 90.97845368031275)
(130.6780682398735, 47.71143689898265, 78.82445128880767, 92.28228443567728)
(131.8584833978637, 44.85532923896415, 80.14266760368668, 93.8255620726088)
(131.73709061495506, 40.757215717967455, 81.42845243708207, 95.3308711458522)
(130.42637584234967, 35.859362272235764, 83.41766457506625, 97.65970486837027)
(131.28016692838287, 31.48410027714722, 84.90835510807803, 99.40490354116454)
(130.85368035624563, 27.660822082032674, 85.85626843789936, 100.51465573217489)
(130.76287127783826, 26.124825422367593, 86.60276696580785, 101.38860522826286)
(129.03118597458717, 27.402770984357936, 85.97748400785689, 100.65656664334468)
(127.23010768274403, 29.103282297877982, 85.65526315013693, 100.27933246845302)
(125.58768857204751, 32.25563999133964, 85.02272771430343, 99.5388031777211)
(125.36040157339764, 36.70282315349337, 83.95801460222815, 98.29230977821834)
(124.86065190168158, 40.42393620574689, 83.86060537632434, 98.17826970886755)
(124.89277800900793, 43.35717034901706, 83.33611756596852, 97.56423519918268)
(126.62306866688664, 45.07742399870633, 82.32267980489861, 96.3777714789057)
(125.62775588261148, 43.57191118643994, 82.1506314232536, 96.17634898332129)
(126.75241245032873, 39.97687783126745, 81.34370110031911, 95.23165006866627)
(127.60901901171991, 36.49818142502936, 80.2721047988258, 93.97709830106433)
(127.20886367324715, 33.042109486693015, 79.62487519256818, 93.2193660791042)
(126.52810723833812, 31.13489647903178, 78.5229176034019, 91.92926938934855)
(126.53416965358714, 29.857823557426414, 77.77299980415384, 91.0513168438874)
(125.81524161565974, 30.819641207121357, 76.69349137805551, 89.78750210113814)
(127.81981122410383, 33.56320255461073, 75.93162083792514, 88.89555610293674)
(129.93037630993797, 36.89606212847026, 75.02479120336628, 87.83390189662393)
(131.67613402498498, 38.07072369055323, 75.4903985760066, 88.37900321093456)
(131.3442191186719, 40.70526545259113, 75.11428087886715, 87.93867029721032)
(130.60371210201535, 44.012241619667805, 74.419208486399, 87.12492700846713)
(127.53700369088719, 46.04316596855617, 74.314023624085, 87.00178375502634)
(124.64904395800863, 47.90188826656382, 74.02668015038898, 86.66538163947978)
(121.55352120041424, 48.59996042530216, 73.31986799956215, 85.83789424338983)
(117.93574601399325, 46.52251957669402, 73.18520963216973, 85.68024542302797)
(116.57185248396857, 44.834858218193794, 72.89062730745349, 85.33536855506749)
(114.28091348154389, 43.33373996621857, 72.3180253318341, 84.66500526653746)
(111.31999060717709, 42.27048465923551, 72.11371141259895, 84.42580848304266)
(108.64682696624052, 42.68900283212722, 71.42152551087834, 83.61544450054048)
(108.806248350783, 42.784100420700405, 71.19722619882465, 83.35285018398982)
(109.65611003728245, 43.459471154696, 71.52025368031794, 83.73102869890879)
(111.95656185119606, 43.74411909486326, 71.17710151733444, 83.32928958126958)
(115.59835561459315, 42.19125841123363, 71.29263813604807, 83.46455196415383)
(119.89571294400912, 37.77599633860962, 71.19499378971614, 83.35023663186278)
(123.8620697595154, 33.73795606304666, 71.5042540356567, 83.71229740759809)
(124.80297427119493, 31.188430562155176, 71.22278680917265, 83.38277480098262)
(125.23063606219108, 25.69418588727411, 71.37933456507095, 83.5660502225221)
(130.2548790885144, 26.691949904038665, 72.08097058273682, 84.38747775539923)
(135.97396052788483, 30.38018143945537, 72.5475470838788, 84.9337136591752)
(138.61144096702924, 34.64998904728993, 72.10994277297279, 84.4213964171389)
(143.6506573186184, 36.09215701799454, 72.14567632956002, 84.46323082485077)
(147.47994876980994, 38.090099905528255, 72.63928458928636, 85.04111366550599)
(149.58338251272238, 37.60498859311775, 72.52381724994585, 84.90593239018051)
(152.40202464995318, 38.248141618327786, 72.51650734071863, 84.8973744476706)
(153.5788844922756, 39.15419733228622, 72.47547076154257, 84.84933162326935)
(154.90252340395637, 42.06525031019288, 72.41715167841541, 84.78105562351072)
(157.41710406104767, 45.51432662545231, 72.73485315720154, 85.15299881818717)
(158.38810479391978, 47.17099566284467, 73.43523145219949, 85.97295389525793)
(159.68294327889183, 47.80935275187492, 74.97050870588821, 87.77035165567399)
(159.9680480911904, 48.32154124592265, 75.84910584398635, 88.79895318320352)
(159.0298834712437, 48.53750550701922, 77.48632985927044, 90.71570324987758)
(155.95729968240585, 47.45050180587219, 78.73040490764922, 92.17218135529663)
(150.48771453071825, 44.96901382084814, 79.61333131454008, 93.2058512950713)
(146.3896695163827, 46.21312832099415, 80.21570186078927, 93.91106559311912)
(141.10850787007243, 44.714396730788536, 81.93271875692544, 95.92123171542488)
(136.22725877436807, 44.07736016800125, 83.17791348153732, 97.37902066131196)
(129.51789014210803, 42.28446016858849, 84.81411900777614, 99.29457835056716)
(126.72610409174074, 40.33547046840145, 86.78416571788571, 101.60097449898812)
(123.95807810143847, 39.253771613472495, 87.7724271711465, 102.75796351743978)
(120.77121962720226, 38.11698496765127, 89.15627595555642, 104.37807916748066)
(121.09596843595685, 38.94497819150812, 90.17412147769566, 105.56970319339977)
(122.65059271093983, 42.46168930515173, 91.00045032030783, 106.53711257011646)
(124.39629102521025, 45.194238113460116, 91.66945408239201, 107.32033648670281)
(128.6117314707054, 47.08433028091027, 92.32103168749546, 108.08315904877516)
(132.69672020634982, 47.96392613342301, 92.90108473378474, 108.76224554199187)
(137.8810718932329, 48.33457803477062, 92.70958167740136, 108.53804684183571)
(142.85458597259262, 48.235731784501176, 93.0680039581351, 108.9576631704996)
(148.39258707228797, 47.44243557468853, 92.59484599702564, 108.40372214285927)
(152.26114859204284, 47.54383201158098, 92.36040850439085, 108.1292587368478)
(155.37980865844906, 47.292106016773396, 91.2458605883753, 106.82442215224422)
(158.68210726128302, 46.40295625484608, 90.4594701698168, 105.90376995490745)
(161.5043224025137, 47.13234598210579, 89.24344564907415, 104.48013149159897)
(162.4081736122086, 50.35681786357072, 87.53880109101249, 102.48445005777067)
(160.50881231054927, 53.296986652295956, 86.46374439745615, 101.22584709946082)
(160.33347038368277, 56.57424917383768, 84.77019302169697, 99.2431528058891)
(159.1376196682215, 59.4159360443395, 83.37238944773667, 97.60669984125263)
(158.22985891157347, 60.306193184898646, 82.388411449314, 96.45472559919685)
(158.61871838786888, 61.573635522548045, 81.29729222816847, 95.17731773053868)
(159.44428665403072, 61.5197962663644, 80.43276153080576, 94.16518423118721)
(160.25878279445814, 61.239748850546206, 79.74003328803686, 93.3541853128236)
(161.49933792987872, 60.27244416492057, 79.2793697945394, 92.81487195458269)
(164.85313007643154, 59.60932458796538, 78.78586631198067, 92.23711177987978)
(166.86074032479922, 59.39883527632923, 79.0123145164172, 92.50222187287865)
(167.8265418964027, 59.612994910146966, 79.14983368766339, 92.66321992702052)
(170.58475119739035, 61.61877602913623, 79.8559034890084, 93.48983823103418)
(170.25037659880394, 62.97562205706429, 80.63718625551711, 94.40451073816634)
(170.22505860680226, 63.7934765833632, 81.56788815748921, 95.4941129648654)
(169.37605106229773, 63.331335107235695, 82.87230278263111, 97.02123252600713)
(167.8750832699323, 62.45000646435161, 83.91525399236197, 98.24224857642373)
(163.26738169243458, 59.33869718284754, 85.0266837586855, 99.54343464431469)
(159.56663229754298, 53.79141987464173, 86.76964373010935, 101.58397314744505)
(157.74315113643118, 50.63437837297521, 87.9578047828017, 102.97499096523121)
(155.2709992557292, 47.1597377764917, 88.58173500904941, 103.70544586425292)
(154.39213631818802, 43.857826724518965, 88.80836347202236, 103.9707669916359)
(152.2008100090092, 40.687094076396846, 88.63254441069257, 103.76493004178639)
(152.5883338468952, 39.199363198825004, 88.63995217925647, 103.7736025513246)
(152.34887701058796, 39.460901792856696, 89.04539478253501, 104.24826706247997)
(152.65476335508953, 43.12726864492988, 89.29797145876627, 104.54396658587267)
(151.25878383368078, 49.99364892040607, 89.6511487633025, 104.95744245459801)
(151.93002207897402, 56.552979071806675, 89.05784829810666, 104.26284678802728)
(153.96373778468984, 59.64189954951473, 89.4178155683156, 104.68427188485725)
(155.92501561723327, 58.930864763052604, 89.43330921963502, 104.70241079371901)
(157.29818961818359, 54.851796473518725, 90.8174543817969, 106.32287342259146)
(159.28200715796345, 48.45897379172946, 91.80019772020594, 107.47340220902154)
(160.4193153464292, 43.146747598821904, 92.31162260304005, 108.07214353526635)
(162.63597278872032, 39.949124744216434, 92.42799033564528, 108.20837892953588)
(163.0657703768717, 38.29054463683189, 91.61436989078781, 107.25584767701982)
(162.45900458017297, 35.98016182875413, 91.4723106638728, 107.08953443575346)
(161.2129527322377, 35.662289083518694, 90.87344145935272, 106.38841926948605)
(160.570934996913, 39.2418566284065, 90.29393628058808, 105.70997418215184)
(159.41977554466615, 42.646096461066875, 89.90759551711302, 105.2576728005225)
(159.0074737158577, 45.94322754547778, 89.5522675341049, 104.84167906431787)
(158.8143139385977, 47.15086017048058, 89.43101872924987, 104.69972924399978)
(154.1990501404918, 47.05962356952541, 89.66649017311795, 104.97540312950387)
(148.2809306077395, 45.48322194869741, 89.44898778354448, 104.72076618561299)
(142.82205942280103, 44.045709133229735, 89.18743938193701, 104.41456317885303)
(137.38543119762744, 41.60064816747536, 89.1874658518154, 104.41459416797896)
(131.87916705697455, 36.17492393970118, 89.91491417706652, 105.26624098778514)
(122.71928295954437, 31.193475786818226, 90.78572302134094, 106.28572451278933)
(117.75171667017972, 29.36125906128347, 91.32119739694524, 106.91262134276509)
(113.61113168421795, 29.0329978945594, 91.25162884347816, 106.83117523138901)
(111.94608037200301, 30.601164102865212, 91.57361379212679, 107.20813322005083)
(109.62014563452438, 34.73139013396516, 91.80174669481843, 107.47521564271422)
(109.34776574078742, 40.565517119704744, 91.89008558385486, 107.57863678109833)
(108.4533888344294, 45.54561352663812, 92.02924222860213, 107.74155187738782)
(108.8999745609668, 47.44687696344181, 92.05663351966797, 107.77361973034294)
(111.36922176285843, 46.54643965470223, 92.25676521451751, 108.00792025114241)
(116.67598040146669, 46.91051324103567, 93.38609156523069, 109.330058417831)
(122.04321740911087, 46.38932575651125, 93.22026684193452, 109.1359221564111)
(127.01031992271663, 44.12011492467651, 93.90433268874644, 109.93677973316652)
(134.83937790034975, 42.43463648864427, 94.18597503426146, 110.26650735718411)
(135.7551018104283, 41.815510134037304, 94.30679772191687, 110.40795830858555)
(135.36864409114474, 41.013999116310906, 94.19882326790584, 110.2815491916946)
(131.58030595331002, 39.760642702388886, 94.98971768322372, 111.20747436084723)
(127.06718368146127, 39.81432904049604, 95.66763459020244, 112.00113317877354)
(120.89053937362519, 39.09147277188754, 97.20503575470275, 113.80101746892024)
(114.21140637492311, 40.00840999434837, 98.27356786538815, 115.05198189118607)
(105.86704474805623, 39.96134760459843, 99.64252793552818, 116.65466685135002)
(97.77068013053204, 38.11638113465039, 100.90891897477576, 118.13727099485938)
(90.57865414109165, 34.02529708450988, 101.84439307279716, 119.23246018278688)
(83.80203641302964, 28.28084113943965, 103.01028416856961, 120.59740585588632)
(77.13634700904865, 22.492667074093937, 103.522418591766, 121.19697786353088)
(72.48839561733844, 19.78237385393055, 102.34021773749109, 119.8129378390139)
(71.900921693156, 19.28783908786989, 102.27439715323881, 119.73587959403561)
(71.05919427130668, 21.026218396326996, 101.8568693309218, 119.24706653376202)
(70.3657127917613, 26.98690310929527, 101.94305866940711, 119.34797112515946)
(69.42084673543252, 34.4867620177325, 100.86423914632245, 118.08496290301156)
(67.43529369409455, 39.68807515837015, 100.19924445995544, 117.30643253848432)
(63.96812548789959, 43.23373946391763, 100.11349267654457, 117.20604020668623)
(58.06385358673796, 44.96441869622288, 99.99173862730532, 117.0634988807476)
(51.788644369573234, 44.128463391712096, 99.69109810167384, 116.71152948488636)
(45.770174613953145, 42.55772222118907, 99.53628804016012, 116.53028843726054)
(40.21444060553863, 38.38291528922474, 99.25638337632509, 116.20259517228294)
(41.17033647267082, 34.92106678157972, 98.82516720358414, 115.6977567261472)
(41.71914495439044, 31.048725795870467, 98.29330036221522, 115.07508335088602)
(44.50761225208284, 31.33581531785925, 97.28889079124447, 113.89918921901783)
(49.958807130747395, 32.62216821541832, 95.79244585813412, 112.14725368757156)
(55.46585317726423, 37.4621902125695, 94.17186267623326, 110.24998557217545)
(57.97479133637902, 41.73548103928171, 93.19287338192946, 109.10385176421002)
(58.95180360268165, 44.670109723144776, 92.8717834196367, 108.72794156445264)
(63.75078989668407, 46.46184532355939, 92.3049235025303, 108.06430068588904)
(68.041494777841, 49.148389968689095, 91.45672907224768, 107.07129257238743)
(72.69227859507335, 49.805569033859264, 91.15900665262674, 106.72273949575803)
(77.31944528847268, 46.76130340889413, 91.25807444991011, 106.83872130721174)
(81.74565675494989, 41.5745881550245, 91.69949001793226, 107.35550050879866)
(85.78807958790927, 32.625419068095425, 92.91571551900567, 108.7793742661529)
(93.719647539757, 24.918768130398206, 94.19836208601333, 110.28100927143015)
(101.78601858132794, 19.746787479606702, 96.14356189740272, 112.55831636769089)
(108.57967765449553, 19.561078366059483, 97.52238449813784, 114.17254770513689)
(112.86294428599366, 23.724273543154233, 98.57988993143064, 115.41060284655286)
(113.83405349097546, 26.611156201268408, 99.19278626756079, 116.12814002055889)
(115.62849258018673, 28.674011819341068, 99.6290698323023, 116.6389110231831)
(116.59330482260611, 28.905368793025026, 100.65229568926043, 117.83683397767065)
(118.29412389750333, 30.23268123900082, 101.5039534379035, 118.83389670778938)
(117.52088296744483, 29.85967320155239, 102.50481151872361, 120.00563299752999)
(115.884512692599, 27.724825312345246, 103.41721576470435, 121.07381357819037)
(117.50315688657662, 25.71095669685812, 103.53686097049909, 121.21388601424275)
(117.78977182915477, 24.15994075927121, 103.25028269667092, 120.87837974244391)
(116.71628451382739, 21.509824567139162, 103.06589746404444, 120.66251410424707)
(117.95138196284674, 21.58470163269864, 102.92834416756824, 120.5014760986164)
(116.45596526592506, 23.828844192894913, 102.66569855750535, 120.19398855512814)
(116.59438776939851, 24.928458376276737, 102.60746622145687, 120.12581411292504)
(117.03049211250084, 26.78677140848044, 102.50745907333817, 120.00873257366412)
(116.1938405083621, 27.10807521715453, 102.62457942028752, 120.1458490774097)
(116.82973996831166, 27.52299825195208, 102.36779514882592, 119.84522358886927)
(117.44631491635892, 27.935227539884245, 101.7579362683564, 119.13124246051471)
(120.22373938714267, 27.533906845404523, 100.68657731702326, 117.87696856627103)
(122.6743026761832, 24.20844233775984, 99.70988921550467, 116.73352883766391)
(126.06956873890782, 19.75464433061819, 98.9341123390789, 115.82530225062885)
(131.7425747064626, 17.64320500860866, 97.83623883170374, 114.53998692492135)
(135.76778634671132, 17.951156061262793, 96.51790173284688, 112.99656788235723)
(138.75343128111513, 24.537147476226018, 94.93433769411739, 111.14263925164953)
(138.96529938555034, 32.77656622370599, 93.94041105555948, 109.9790178211427)
(137.85677329114804, 39.359126712191205, 93.04651658909064, 108.93250722625235)
(138.4155353425159, 44.48253195672089, 92.32742998635487, 108.09064974012267)
(138.00130554326856, 46.90901472845878, 91.13864715320896, 106.69890398424455)
(134.64952652393032, 43.654420396040145, 90.17049803856516, 105.5654611183201)
(134.18397965506563, 38.33581657497885, 89.17523069231017, 104.40027007880207)
(138.800210926321, 33.63704403829213, 88.07399373573689, 103.11101705647238)
(145.13622808620877, 31.112574183831, 86.79209613471134, 101.61025888941808)
(150.40319317371245, 33.82284292117094, 85.54930365501652, 100.15528232782414)
(151.1681254351696, 37.460765936846975, 83.62451115358655, 97.90186671639394)
(151.54206501255487, 42.852341382213424, 82.12123038748793, 96.14192825852237)
(147.93757656569485, 46.73500660402261, 80.28147070894232, 93.98806326900556)
(141.45326313665453, 49.16098210045123, 78.9700224937808, 92.4527092610116)
(136.0402535633218, 49.323069041644324, 78.10649696271184, 91.44175254171135)
(129.9582759799978, 49.375047295549585, 77.53023301314892, 90.76710206417427)
(121.90260195545116, 44.78700953939209, 77.28409815208595, 90.47894417805176)
(117.37821661864514, 40.922454780890284, 76.86048723390113, 89.98300944456709)
(115.47089607765301, 34.628193265054605, 77.4206880082682, 90.6388542535822)
(118.11665287420408, 32.97640408312705, 77.8228389659473, 91.10966513086504)
(119.14305577879946, 35.07108574618135, 77.69839314210812, 90.96397245905331)
(118.41796194451524, 37.28628873752359, 77.84227587903591, 91.13242054131024)
(118.73993401653773, 40.23690159643232, 77.60754194006907, 90.85761007617833)
(119.01178596501114, 42.739976721095644, 77.34908584585664, 90.5550273317345)
(117.5874333652101, 43.40736457455361, 77.41579336479465, 90.63312393927168)
(115.02112439280572, 44.81549717747091, 77.12157720315811, 90.28867575003865)
(112.68484886733067, 45.56554859728205, 76.79589827363944, 89.90739310084605)
(109.87968978973886, 42.813475465689244, 76.86890868956525, 89.9928687097348)
(112.82248842569734, 38.86763553913105, 77.37897181803892, 90.59001578697227)
(116.36646441429724, 37.04138113591584, 77.20383112013597, 90.38497301869566)
(119.57157430682477, 35.66816545851524, 77.73522357873325, 91.00709101900468)
(128.9613118467057, 40.03797069378884, 78.11877340131517, 91.45612495763716)
(133.12339733545164, 42.871114899521174, 78.61132910839358, 92.03277554153382)
(138.74402798065447, 42.6808185210915, 79.42228339415982, 92.98218543706504)
(146.62498742836, 39.720675706831834, 79.92455517257689, 93.57021093374844)
(151.16262481291807, 37.81255537916648, 80.17876343568733, 93.86782060763383)
(154.89356950797617, 35.91908133760294, 80.1132363502586, 93.79110597103436)
(157.15908275179962, 35.80060482179716, 79.40078286065858, 92.95701408077092)
(159.4823901718941, 35.66578772778478, 78.23359917281336, 91.59055512914723)
(160.02692001589756, 32.72765626591735, 76.97669280511894, 90.11905499135865)
(161.61552461237142, 30.09484077372707, 75.83647091685872, 88.78416107339547)
(162.5160008212214, 29.026618624929768, 74.69198212220563, 87.44427175282601)
(161.68865074741805, 29.162083440035943, 73.84060927176546, 86.44754256206679)
(161.91185335522653, 31.118883833138142, 73.29372493017192, 85.80728772312801)
(165.22151860814557, 38.78900538678597, 72.04974537648232, 84.35092141636946)
(162.46137221908828, 46.082807125187664, 71.13357575225314, 83.27833258800358)
(158.41997574519812, 50.04825655718201, 71.15061857796316, 83.29828516444458)
(153.41598157340005, 51.89275341794221, 71.57007542741867, 83.78935659795347)
(146.67595279390332, 51.13063430989337, 71.97014641414648, 84.25773238729334)
(141.2296325706662, 47.360279076648546, 72.3995758010504, 84.76047898659549)
(140.34937645258816, 42.95594933279919, 73.25750014658146, 85.76487822038794)
(144.28167012082508, 37.09046236767391, 74.10320944096703, 86.75497690649789)
(145.8432407100541, 36.51709190456377, 73.90060048907152, 86.51777618232754)
(146.82676465945426, 38.78572226311505, 73.49498447503682, 86.04290865370155)
(146.36965759607742, 42.589275453295286, 73.05705626780609, 85.53021221596802)
(147.85899330738891, 47.29022627997647, 71.87922713033933, 84.15129029893377)
(148.51066595446167, 50.318198949896434, 71.34286486842039, 83.52335399229698)
(148.47621841861076, 52.64470388404648, 70.39401396844255, 82.41250415817657)
(149.20345672429778, 55.83576379707591, 69.5928729283576, 81.47458294051614)
(150.1525566343427, 58.09853527766442, 68.57566981236931, 80.28371099984695)
(152.91683634758834, 58.94061894115408, 67.27762491224522, 78.76404867775044)
(154.87077309275858, 54.90955638403073, 66.7939457578422, 78.19779015552253)
(154.51028512059403, 51.82188548272708, 65.9531541240463, 77.21344873059076)
(157.85571038593207, 51.463386534125135, 65.69421887657333, 76.91030502623215)
(160.5557312478848, 55.25016402154179, 65.23811636165223, 76.37633135022696)
(160.2680983044912, 60.35690427387162, 63.96542082265827, 74.88634632896574)
(158.2171320040248, 64.10210375893082, 62.82837026929418, 73.55516519332)
(154.84589733108155, 66.52301213129871, 62.24085304291505, 72.86734014780296)
(151.11087634066882, 67.56496129268723, 61.56840845147482, 72.08008794319001)
(149.45251042236345, 67.34480781775517, 60.61521230957001, 70.96415099656974)
(149.0154653696927, 66.34592306424497, 59.95228459264586, 70.18804049870732)
(146.48721832481053, 64.12141063093588, 59.24971496170709, 69.36551995516926)
(142.81052489048207, 62.25130740568075, 58.57661257255146, 68.5774976459139)
(137.7732746774663, 60.615763568262885, 57.85765596733302, 67.73579235199962)
(135.12714512124037, 59.41148026366786, 58.23331962080052, 68.1755937024006)
(131.22402959907222, 54.843965133157226, 58.5479735166993, 68.54396899516016)
(129.15763349546475, 46.99230974724797, 60.007120704382984, 70.25223887342398)
(127.25544960839792, 46.79331760340487, 60.277675001954144, 70.56898536814143)
(124.52324031580102, 51.170735647487774, 60.188474202382345, 70.46455516376469)
(124.82593508689335, 53.569664096003414, 60.18194635453361, 70.45691280530762)
(124.96249855804332, 54.2004412354247, 60.77890608215555, 71.155792486426)
(122.75017466426397, 57.385390796667245, 61.22729654549552, 71.68073741911668)
(121.02035501924377, 59.322663183063675, 61.311478071864016, 71.77929140120663)
(120.1482763590144, 59.658791042156565, 61.146089493885256, 71.58566574893882)
(118.25672397971888, 59.27732381542416, 61.57097892044504, 72.08309727271613)
(121.25394913775368, 58.01745867406618, 61.8727322176567, 72.43636942554929)
(126.99637445642254, 58.22395814143974, 62.25586253735023, 72.88491223884904)
(133.15556345245184, 58.62309430123471, 62.724502367557264, 73.4335637473841)
(139.10791947856163, 57.88551970708214, 64.33465237588456, 75.3186174156697)
(143.92309564418747, 57.493364451189215, 64.66049206123442, 75.70008826681102)
(147.22126589447612, 57.15032352157169, 64.74354914366492, 75.79732582672966)
(148.59067796444796, 58.85725592143249, 64.82787563848687, 75.89604952798463)
(147.0703532306179, 61.4645859331997, 64.11356599970169, 75.05978458501662)
(148.25224799109571, 61.369729276902184, 63.067220326402335, 73.83479452847102)
(152.64839162363512, 59.53906796541335, 62.24172993632349, 72.86836675472017)
(151.6955840896915, 59.555928243235904, 61.03919070733578, 71.46051595005163)
(151.38541928160265, 60.22840424547052, 59.687810118435294, 69.87841184597302)
(145.62198390203432, 59.43571078646725, 58.31114694202512, 68.26670861505379)
(142.02246449884387, 57.496408863726046, 54.97203877574975, 64.35750881063385)
(143.85958534821182, 58.99444233899361, 52.706244342638854, 61.70487142552841)
(142.19468660235745, 63.975024933702684, 50.39975033044135, 59.00458575271182)
(141.20962615508483, 67.98112333924186, 48.08944519959593, 56.29983828245377)
(139.82642220325485, 71.51055162554502, 46.46379377708406, 54.396636617074016)
(138.61872395398913, 72.98021261311388, 44.83069784397488, 52.48471942709254)
(143.85255414090008, 75.65015985723184, 43.62150609808263, 51.069080309950394)
(146.26747970083153, 76.97576099836299, 42.86620942157911, 50.18483054233652)
(148.85256326052, 77.79671119890503, 42.14800763423346, 49.344008937639174)
(150.1480275207875, 79.5102877982207, 41.58756617424528, 48.68788235033594)
(152.36335514270178, 80.15885244093768, 41.25034049584645, 48.293081556112924)
(151.36570209577263, 79.32423980427463, 41.500224226423505, 48.585628362642154)
(151.8786785655575, 78.96228409434028, 42.005414475330305, 49.17707060526475)
(150.77605789422995, 78.5958125593605, 42.73053802013382, 50.02599573088838)
(148.8542507119765, 79.2606241677203, 42.98021927917198, 50.31830549756721)
(145.36023510741137, 78.70221195275543, 43.04399511720848, 50.39296989331725)
(142.57864765432342, 76.42207062077945, 43.96019736713442, 51.465596917620786)
(141.20415695984582, 75.12739061122312, 44.44509489378494, 52.03328182687018)
(136.65517621735563, 74.64378651758321, 44.249721417827814, 51.80455190379842)
(131.6971823433557, 73.07199404408513, 45.39251580645263, 53.14245752950552)
(129.71943752249362, 73.07384305209978, 45.89181343157524, 53.727001090624675)
(126.45045666233678, 71.52645451075831, 46.68687048880302, 54.65779959664744)
(125.76924407803574, 71.10715182610905, 47.53130554510041, 55.64640649182488)
(124.36516720795878, 69.40834769672588, 48.26563726376995, 56.50611191855995)
(124.38356615652393, 68.43334683615696, 49.37984034320216, 57.81054479204156)
(124.95352157357094, 65.07083772336864, 50.87138397688156, 59.55674221683695)
(126.96727045213365, 62.81636158821273, 52.636122547881136, 61.62277761703157)
(128.49534678016354, 60.38568970696811, 53.89628458908695, 63.098089275028634)
(130.05736605366334, 59.22444943730733, 54.999510446384235, 64.38967076649863)
(132.23857162104858, 58.01472926380359, 56.32548432137939, 65.94203042502954)
(132.93005004678827, 56.9724134951645, 57.553367313650035, 67.37955197695615)
(132.1089598246123, 57.04027546995506, 58.66170376386135, 68.67711660159378)
(128.2323850337407, 56.31678841099403, 59.626706372948256, 69.80687575369554)
(127.77352624577685, 54.02224933161855, 60.89931286489161, 71.29675652475117)
(127.7325892604063, 51.769914133568506, 61.9450997994999, 72.52109244819502)
(128.1401231168577, 50.49722456104799, 62.72695591472212, 73.43643619284542)
(129.0503137841167, 49.24261585495436, 63.137363764774406, 73.91691367583347)
(130.50353717619743, 47.85456759539541, 63.683111194480134, 74.55583749597676)
(129.8422621418664, 46.115614161797176, 64.39201380220467, 75.38577225623963)
(133.03802858827666, 44.50885264510824, 64.7477801037201, 75.80227914581867)
(134.4430980064286, 42.83185095645313, 65.38002407991624, 76.5424672155117)
(134.88870907717188, 41.277348691582546, 65.87567327632033, 77.12273944544819)
(128.2144639582483, 37.83554245681857, 67.08683441260494, 78.54068419036676)
(127.74938060828049, 36.70475227062877, 67.73887916429838, 79.30405365576395)
(125.77190757532527, 37.873600712515795, 68.40500687083383, 80.0839104829274)
(120.44461756536455, 37.8896773918558, 69.76439035755214, 81.67538383323176)
(118.85686964997132, 39.50234072625323, 70.75528535826048, 82.83545602918299)
(114.32058512525137, 36.8397001796394, 72.3171427377785, 84.6639719856919)
(116.64967424965174, 37.14047710251541, 73.49328455733715, 86.04091850615082)
(116.6467795139137, 33.659239067168706, 74.88155083545385, 87.6662058561411)
(122.23633897020022, 31.196610238070612, 76.09916043850579, 89.09170002556776)
(125.0741109960222, 25.719423493285724, 77.75647161147124, 91.03196676464925)
(127.86031575393415, 22.15878048631314, 79.44131002045202, 93.00446051174872)
(132.4467953579648, 22.09576664168933, 80.65467283387511, 94.42498282990259)
(136.85980506408788, 23.482370279690983, 81.72608384155083, 95.6793176681571)
(138.3890526330824, 24.640214412544438, 82.16656636469456, 96.1950045245205)
(142.74338628748112, 25.298014965278938, 82.1084727863659, 96.12699253037962)
(145.18972726460572, 23.803946376385056, 82.55201824910884, 96.64626526724942)
(144.54321330935295, 19.33769335572933, 82.61498939691911, 96.71998758663705)
(145.5392194686037, 16.27748616122056, 82.9062107209957, 97.06092962458037)
(148.42392175601108, 14.799982038430258, 82.7178455748919, 96.84040457548323)
(152.45345557819743, 15.112860180586573, 82.6285502693864, 96.73586373001338)
(150.18457371658332, 19.002966400079544, 81.95276723968495, 95.94470310987509)
(149.91837190693775, 25.402023095691014, 81.49283077108542, 95.40624090273418)
(146.9124045863145, 30.219724270703544, 81.20666970920692, 95.0712230741935)
(139.88648815909892, 33.61863627038199, 80.84907873551307, 94.65257998303973)
(132.4184670933223, 35.502088533742956, 81.25426759558196, 95.12694742897405)
(126.13307404466002, 36.18458508221146, 81.42168760403932, 95.32295134131438)
(117.95332313534476, 33.19803162268725, 82.71109054571674, 96.83249624864405)
(117.67417027852647, 33.560795066434714, 83.44484181599391, 97.6915221260417)
(114.51674131326482, 30.69197191578705, 84.15905277386099, 98.52767154013)
(112.84555201631152, 25.299160642174513, 85.56448068417384, 100.17305055708164)
(115.66850710118516, 25.848894749672837, 85.80477046559842, 100.45436542313968)
(118.22833896559342, 27.47082132109039, 86.11258171236786, 100.81472980960145)
(121.15041079809868, 27.754152538608928, 86.38651055712296, 101.135426993705)
(125.33070693828807, 29.683174091643167, 86.88208893104104, 101.71561630951152)
(127.37546871982832, 32.0299839029407, 87.36617376639806, 102.28234977529536)
(129.86342108187787, 34.92095423835324, 88.20865893487706, 103.26867387497809)
(134.1008478968713, 37.59743038844749, 89.18808997285895, 104.41532484627396)
(136.43126250701266, 38.33336192104426, 90.24919983949032, 105.65759981208629)
(138.93959652507414, 35.34194128832125, 91.278582828758, 106.8627311165948)
(139.81363866975616, 28.54759677155085, 93.1248283733783, 109.02418931517467)
(139.39248832734955, 23.92765564653967, 95.01130325252745, 111.23274527125172)
(139.51210959156995, 22.082283734119734, 96.52309832174289, 113.00265169374784)
(140.64905076386552, 22.503438381590712, 97.53820218320645, 114.19106597058322)
(141.9287565968086, 24.85919778191745, 98.06161522435157, 114.80384221387506)
(141.51826899096935, 24.747996991385087, 98.2391883364207, 115.01173268654135)
(140.8442389149903, 23.02826194989259, 98.58788935751937, 115.41996802831541)
(138.52401151053274, 19.58019986725043, 99.36954900041889, 116.33508175658801)
(136.85822262480994, 15.246553003673299, 99.43592901795824, 116.4127949478536)
(135.48407023712628, 9.7354697200104, 100.45719827086467, 117.60842724393916)
(134.5687609909695, 4.876143222753171, 101.50256896044382, 118.8322758561294)
(129.9634094955071, -1.0186525529135793, 101.864242410353, 119.25569843163282)
(128.45271087821752, 1.7393293978112752, 101.46617553360404, 118.78966891739014)
(124.02341206798894, 6.303418716918436, 100.45502217749869, 117.60587962243754)
(119.64360002384697, 9.113782437325824, 99.36143581656388, 116.32558339500167)
(116.92914130826264, 9.463585836590404, 99.34278244695129, 116.3037453037479)
(117.65090809272539, 11.211257562483908, 98.08964804794768, 114.83666112930464)
(118.60785421584507, 12.434241770005322, 96.62570697358329, 113.12277889590244)
(117.53105483408545, 14.407044759096436, 95.18671540507128, 111.4381058400835)
(116.58716084596479, 16.008413082645724, 93.60029073482823, 109.58082817735992)
(115.82424659871486, 16.291441584138468, 92.4306846590156, 108.21153325933537)
(118.24050297350436, 14.729993541191234, 91.35187979517879, 106.94854219923374)
(121.26621821180476, 16.730814406412293, 90.1621436545155, 105.55568037601819)
(123.04879328919648, 20.540911736292934, 89.54047494504452, 104.82787310639362)
(124.84551024371055, 25.338479646050814, 89.23021364343829, 104.46464036304974)
(124.84308959354685, 29.768156276211215, 89.61158082267193, 104.91111901190862)
(123.97124248370395, 32.81827251649325, 89.8166397884515, 105.15118804501643)
(124.90031181399212, 35.27069380951141, 90.40298965326578, 105.83764642333558)
(121.85684467498774, 34.16924582625961, 91.11785361877453, 106.67456033417511)
(123.14283263803695, 27.015490486809945, 92.60819458720735, 108.41934976063304)
(125.75787872993641, 17.76162041598635, 93.93248472762718, 109.96973821770992)
(128.91340154953727, 12.012948484512954, 95.43668567045673, 111.73075395565671)
(131.43873081350063, 15.295041872160958, 95.37642936420971, 111.66020998736754)
(133.43917668419056, 20.16066989150827, 95.21878408279075, 111.47564965790143)
(133.5168816154385, 25.269314266435593, 94.7377974380683, 110.91254334212881)
(131.83432118673932, 27.394665050271755, 94.64784017046668, 110.80722751664399)
(130.7442208663511, 29.531552074698418, 93.89163944405558, 109.92191934913832)
(130.4835158637922, 31.52179416235026, 92.9945466415562, 108.87166436084635)
(130.21881394313831, 33.32120910187531, 91.79427518989525, 107.46646851499938)
(130.7287517130058, 31.195993439707017, 91.05452049976967, 106.60041424363284)
(133.16249129919362, 31.723450239090198, 90.00030426684717, 105.3662098733821)
(134.09013918466707, 32.950970294153834, 88.71379511699399, 103.86005281989546)
(129.02645166264588, 32.00185328630834, 88.36747631338011, 103.45460641566457)
(124.98158200599765, 33.34752878349598, 87.72850163741876, 102.70653850234397)
(122.6179376339285, 34.577105719330056, 87.28318295968204, 102.18518980645707)
(118.30926484827839, 34.61671386072856, 86.99250851145105, 101.84488801340616)
(112.10868702274735, 34.06671786822543, 86.589922707435, 101.37356804772882)
(107.34321754177329, 32.836809030392274, 86.79221787055499, 101.6104014094303)
(102.21161756877456, 31.776886939587847, 86.77166537514618, 101.58633995139071)
(98.0448315360258, 31.39241909609885, 86.9737143083195, 101.82288504388629)
(101.4079407380567, 30.606594914523072, 86.91892839937489, 101.75874544317065)
(102.77237599313027, 27.87878582209801, 87.05979360700118, 101.92366080819656)
(103.65981056746196, 22.530779471703852, 87.84812636263466, 102.84658696113331)
(107.76064365379492, 22.450722406811565, 88.3337236787383, 103.4150911360839)
(110.79833655920206, 26.736202069800967, 87.94556320972087, 102.96065936747814)
(114.01817422895495, 33.053571954458064, 87.54586589755885, 102.49272105080067)
(118.2469096001213, 38.02505951581641, 86.90318397358553, 101.74031294468554)
(124.96102822802035, 39.77637315356519, 85.91510174708428, 100.58353375268408)
(132.49474323186536, 37.36911411277556, 85.47103904896463, 100.06365547195864)
(136.98082268842973, 33.5030717687946, 85.30228589755458, 99.86609080689323)
(140.1411044411425, 29.090471664587326, 85.35895017533223, 99.93242947355972)
(143.1822493503767, 25.9385799815338, 85.29582539592627, 99.85852729279178)
(145.68286151887324, 23.408318161398547, 84.93955955502696, 99.44143557661697)
(147.2897383256893, 22.180256248583532, 84.95462674217603, 99.45907521035247)
(147.39502590063353, 22.792390325164064, 85.16229500049077, 99.70219902496484)
(146.43507060822466, 23.796690050178817, 85.25159340269131, 99.80674349583377)
(146.19703033130045, 25.411117118285027, 85.29224915185223, 99.8543404704612)
(145.94402612285094, 27.80163798723307, 85.20092175332157, 99.74742058925456)
(141.60309670976056, 30.241601276528577, 85.1125169076273, 99.6439222333198)
(138.413419757345, 30.762159759310585, 85.74675362495844, 100.38644326824407)
(138.2579718334302, 30.427885509447307, 86.41044793470209, 101.16345124062687)
(134.42118615729495, 30.215460507728793, 87.25915966783198, 102.15706497697406)
(134.70148699874107, 27.89865430267175, 88.17954553376785, 103.23458989319165)
(134.10618182617458, 25.788034073876517, 89.05315453612744, 104.25735165205165)
(133.67999957998157, 25.360472737283928, 89.84236290058374, 105.1813029080005)
(133.08946883825135, 26.32271427233244, 90.6951620549426, 106.1797019179816)
(132.78452488282613, 26.36619224198609, 91.58617789548057, 107.22284241422118)
(132.33032899586362, 26.808983494456257, 92.34097469870242, 108.10650696433456)
(134.45757517793726, 27.49021953000036, 92.86214761775827, 108.71666062566823)
(136.9009940869001, 28.425317490552978, 93.0458664404576, 108.9317460766333)
(137.36795814678624, 28.98030771680638, 92.42983993201346, 108.21054431064994)
(136.9795308148172, 30.672500823800902, 91.56246852173278, 107.19508509861402)
(139.2510756166689, 32.70426872438481, 90.68357874713095, 106.16614097225089)
(137.59184089879463, 35.490611397118315, 89.70666854420763, 105.022441222487)
(133.7123958433738, 41.184058162069384, 88.52921832301803, 103.64396291475283)
(134.28359945790513, 46.37330834663837, 87.56527789083036, 102.5154472868258)
(135.90190864832428, 49.92693062795344, 86.990265344953, 101.84226186726207)
(135.90738634141437, 53.51003397816159, 86.9409493630697, 101.78452608359382)
(133.0091386033159, 55.36308176843846, 87.03480812051664, 101.89440950694632)
(129.4253761616039, 53.8081864667157, 87.14056542581564, 102.01822293754027)
(129.37705537439786, 51.09461140936642, 87.74474484202463, 102.72555493700446)
(131.0734856080993, 49.47158657073789, 88.0523543453248, 103.08568313599004)
(128.34032977362142, 47.35389447490953, 87.85117028674154, 102.85015057959988)
(129.93593788779282, 43.23439680234983, 88.23005293535184, 103.29372050968023)
(132.6263351732337, 41.97434668353053, 88.49531549337631, 103.60427179712352)
(135.87139142233025, 42.07968645186413, 88.34393285358168, 103.42704334077858)
(139.93330787364022, 43.099916559816855, 87.95104172342269, 102.96707323717781)
(143.28570965659026, 44.0081592389014, 87.62474767900699, 102.58507045347162)
(145.0335135345818, 44.57840683229509, 87.20689871208639, 102.09588141902799)
(148.14149094446068, 44.95958108231574, 86.9760970905708, 101.8256746426195)
(150.34211548499758, 44.05694331579083, 86.70022947922362, 101.50270768299353)
(150.85491341475716, 39.75311209660122, 86.44794904939194, 101.207354984654)
(150.21701336985635, 37.87935595495881, 86.2170657895842, 100.93705263170835)
(146.8991829057253, 35.98787671760424, 86.05476834382286, 100.74704586593899)
(142.59558821981298, 33.39765036123723, 86.26782319416311, 100.99647593463003)
(137.9330258792595, 34.115166667142255, 86.4784154045669, 101.24302291266373)
(132.2240546745171, 37.380968605845126, 86.78367165682515, 101.60039608603924)
(127.3680159506444, 39.79644548104959, 87.14166890437524, 102.01951481487836)
(122.38734379214822, 40.82252340552606, 87.68711203728559, 102.65808238511487)
(119.1944284004871, 42.74841431442165, 87.74036225420159, 102.72042410247994)
(114.49790926291664, 43.80265447004967, 87.32227382035813, 102.23095471651688)
(110.371148186943, 44.31800104701934, 86.79936774964914, 101.61877199958926)
(110.26228299201438, 44.703129890033765, 86.04525823472125, 100.73591207967368)
(107.24407425606226, 42.69944852833601, 85.01584929060985, 99.53075038900668)
(108.16562866093508, 38.50452252041177, 84.50529052969235, 98.93302305915205)
(110.85243682518232, 37.42112567313853, 83.98302307815098, 98.3215879939329)
(113.52499007829041, 39.387677514239165, 83.0765152047473, 97.26031048360663)
(116.237263920624, 44.381736735272895, 81.93172215875201, 95.92006496634386)
(120.53077552621153, 49.274835399355354, 81.02752975812383, 94.86149825341332)
(126.8614151749557, 55.442521824900176, 79.59940475751048, 93.18954703318305)
(131.9420407607731, 59.29593158286682, 78.97695668646163, 92.4608273402478)
(137.9754716053787, 59.65612584732602, 78.30795266326604, 91.67760311797004)
(141.1091222916307, 57.819617521967764, 78.30291935716825, 91.67171046692873)
(147.61912310049075, 54.93963881149683, 78.19043421894038, 91.54002054900342)
(154.56375953501436, 52.826403442777895, 78.08259445536191, 91.41376911847253)
(157.82500147528464, 53.76226650455537, 78.20638132677445, 91.55869033378477)
(160.85672812991731, 56.52446811179871, 77.93774308098568, 91.24418702164184)
(162.74779784260693, 60.445778330110905, 78.06673646810648, 91.39520366997839)
(163.39631192095658, 63.464784601346196, 77.50814214929778, 90.74123958942187)
(161.10824744213284, 64.65831424327777, 77.20896593116403, 90.39098450477748)
(157.6504841425939, 64.06035176473982, 76.60160434664812, 89.67992703997837)
(153.36783084014107, 62.4067800886927, 76.01987726014755, 88.99888069480699)
(151.9073257109034, 60.090378349642336, 75.60269171784167, 88.51046835259521)
(150.16383588238259, 60.08010573414704, 75.22596287878953, 88.06941995565612)
(146.74733738868733, 60.6052927944055, 74.83499136032064, 87.6116972023267)
(145.32623202732216, 59.535516612483306, 74.90904412406663, 87.69839312085858)
(146.1507266751775, 58.52027695258634, 75.27445912523093, 88.12619604905095)
(144.3036726016913, 58.58234162436621, 75.57778968431272, 88.48131475236622)
(141.64424408608647, 59.18695355780495, 77.25037596356923, 90.4394645427153)
(138.59919200354466, 59.35843811981439, 78.20730141771537, 91.55976751342298)
(135.58710971187108, 58.747708398662525, 79.10432977059378, 92.60994704850015)
(134.49491752220365, 58.15025198207445, 79.64869950149115, 93.24725795296536)
(133.96310565555518, 58.21982574095867, 79.91674523185837, 93.56106758851723)
(133.3543443313027, 57.86116314292352, 80.24568755809769, 93.94617079972424)
(133.330197322697, 55.78665431921714, 80.44284632140288, 94.17699081530107)
(135.06919329975776, 53.7889910862472, 80.58051598837513, 94.33816505956126)
(136.9266123771002, 52.93074289174541, 80.67765903486207, 94.4518935042289)
(139.79443952286096, 52.40809332270558, 80.85234409880935, 94.65640284738669)
(144.82015220187725, 54.056551792128694, 81.04878251030797, 94.88637952426312)
(149.80626317366207, 56.290396789274425, 81.32628590853524, 95.21126155145603)
(153.27150521094475, 59.276195100631575, 81.42706709275893, 95.32924927932767)
(155.28216221910574, 61.49495460907834, 81.77138417995258, 95.73235221067632)
(156.86221938338508, 62.59008964685838, 82.51306428498768, 96.60066062632718)
(158.6100523010581, 62.670002045944074, 82.52997169182916, 96.62045466360502)
(160.67320869059736, 60.77518053393677, 83.05830673989901, 97.23899325646728)
(161.6823030232503, 58.19267618587697, 83.01397976892908, 97.18709826606344)
(161.74868353712301, 56.763135706596096, 82.66286546969927, 96.77603762306269)
(161.78786101070858, 56.021937860254084, 82.44965334479379, 96.5264234280514)
(161.0058331932802, 55.69875045476058, 81.95871630386928, 95.95166786794466)
(162.45792257757185, 54.960166442349966, 81.43377947864538, 95.33710768231667)
(162.75630834865973, 50.73411100862551, 81.47467273139145, 95.38498270992183)
(166.29746639056603, 47.70559828832202, 81.55724312218824, 95.48165048451318)
(169.05904550933445, 48.70923667516475, 81.68395671082328, 95.62999810047616)
(168.50986215285704, 51.869409500822684, 81.74091107026247, 95.69667637494155)
(170.44800277003006, 55.25657790403076, 80.67246064646332, 94.44580758610351)
(173.33988779569074, 57.055724490379724, 80.08790934514192, 93.76145484309309)
(172.89152531247473, 57.893164825685226, 79.81686392583178, 93.44413337658365)
(171.29567605498758, 57.37822267768816, 80.12397992127485, 93.8036838102731)
(169.81937379031902, 57.87640302227208, 79.90989743889321, 93.55305066016776)
(167.07227986445986, 56.257724150110555, 80.98481954354122, 94.81149605097518)
(164.11256187877527, 54.93796431985095, 81.24399245338698, 95.11491799420924)
(158.87749814255866, 52.99658893101192, 81.53415776761703, 95.45462372794198)
(156.09642229288227, 51.977255609668205, 82.97063808025109, 97.13635677687941)
(156.04641446162435, 53.30506630280154, 83.4553583326107, 97.70383414549555)
(154.73363185252623, 53.31184985377, 84.08904122658818, 98.44570680185942)
(152.5167876725304, 53.0706053995397, 84.73714609048608, 99.2044637156911)
(151.21266119995946, 51.42975573794701, 85.43496812742485, 100.02142610039992)
(147.34156098452453, 48.50159119963344, 85.89564390009157, 100.56075383425363)
(144.20821888174805, 45.22862737848922, 85.509374004082, 100.10853541941316)
(143.82976130896617, 41.98720641547651, 85.1464161027708, 99.68360909592687)
(143.25375784009248, 39.40112721710142, 85.69817279637756, 100.32956815185673)
(139.47355855478293, 37.74498338203249, 85.59966633769974, 100.2142435173071)
(145.96412074149063, 36.99147970595486, 85.69236398576872, 100.32276759309516)
(149.51702070352457, 38.85243720679187, 85.37605380779463, 99.9524532383938)
(154.15754390327987, 42.083644617695384, 85.17316292586213, 99.7149224497899)
(157.7211898583094, 45.41486282091833, 85.38888859392804, 99.96747932947682)
(158.9607682170825, 46.29531182804995, 85.36688519669441, 99.94171925466671)
(162.0502151728698, 46.16058790172344, 85.27814021090104, 99.837822685933)
(164.09897081399052, 46.11341469862502, 85.09296718549552, 99.62103475375093)
(163.10356693991466, 45.77128442355412, 85.12747610552225, 99.66143544061148)
(159.99068537720527, 45.165990147573, 84.93072336180039, 99.43109076503467)
(157.92911299704286, 42.7156688717955, 85.31306917192988, 99.8787151281131)
(158.2714472385623, 40.20506704986128, 86.02667034221132, 100.71415064454014)
(155.77767103894826, 40.82804186732912, 85.88905489475975, 100.55303987679196)
(152.55823024933625, 43.29042838056012, 85.86693793882752, 100.52714685521276)
(151.94795087167577, 46.942449490488485, 85.8331326804766, 100.48756996738729)
(149.89407710830915, 50.49284082041187, 85.59618416228797, 100.21016682414208)
(147.43964803842198, 51.77895883964315, 85.7745735520623, 100.41901293899983)
(142.2841143367036, 50.43387072927702, 85.59848885588968, 100.21286500201725)
(136.30079794584123, 48.384638468328376, 85.93826006534881, 100.61064593016454)
(134.22478634088472, 46.24177160459881, 86.39878547252745, 101.14979762637367)
(131.19011054253588, 44.75755063284905, 86.03573350477198, 100.7247611763185)
(127.81900331314478, 43.54284048006094, 86.22095638640575, 100.94160747676777)
(126.96269660379147, 43.27091090488031, 85.68686570354986, 100.31633057976575)
(124.17945392037556, 43.745922799286305, 85.23839745710043, 99.79129458392251)
(123.27891564025722, 44.40886666895983, 84.90823317261055, 99.40476078744655)
(123.64568260657845, 46.877678863572555, 84.32719557785873, 98.72452165212735)
(125.2816786002837, 47.99975044340298, 83.8629123306826, 98.18097053348212)
(128.78133190012332, 48.36814129453, 83.3333628110815, 97.56101012029059)
(133.25956530617694, 48.41342639047363, 82.94574365522426, 97.10721208416504)
(138.08719949877533, 48.7509497079183, 82.79468669580869, 96.93036491216633)
(143.38031635408802, 48.89389047070482, 82.5035884832302, 96.58956700475736)
(147.90708386322686, 47.36274069600951, 82.55643774229628, 96.65143930805422)
(150.08624671201397, 46.82629446053492, 82.40010789433141, 96.46841899824169)
(153.56819306598902, 45.37622592259382, 82.17426755454541, 96.20402055166295)
(155.50399487009972, 45.997619987014765, 82.24666419046463, 96.28877758883668)
(157.1273966234385, 48.960991580481505, 82.03104964863083, 96.0363508081532)
(156.6706318644412, 52.94108474402629, 81.88833527014106, 95.86927056016519)
(156.05934553881008, 56.416163788068765, 81.72379244288767, 95.67663505508806)
(154.28666224152272, 59.41041681325057, 81.29061289488422, 95.16949802327913)
(152.1031718954535, 61.65686217809208, 81.26080403624141, 95.13459984730706)
(150.39097364459866, 62.73929146690405, 81.25468906334176, 95.12744085464405)
(147.80574792624958, 62.56588521819516, 81.18917858597742, 95.05074566163213)
(142.90625226900013, 58.85474445069744, 81.5213730254763, 95.4396562249479)
(142.22654292545613, 54.563213482855524, 82.0476618297518, 96.05579921531923)
(137.44763024512423, 52.704396758003845, 82.44333203904839, 96.51902287498352)
(134.6216250393106, 53.120961530419486, 82.72176151805847, 96.8449890943124)
(129.6159089936147, 56.4751611492494, 82.60764429304402, 96.71138844063694)
(127.30987513110716, 57.78975670565252, 82.91087412743413, 97.06638922236195)
(126.51574916426561, 57.36964580238412, 83.27961312166408, 97.49808365463117)
(124.72833076809042, 54.404356720321815, 84.49748580268637, 98.92388581777922)
(121.80273789178935, 53.62014942647894, 85.47815763927285, 100.07198943134388)
(120.96564944400504, 53.097844586885394, 85.9518950817165, 100.62660887615597)
(118.56956542660464, 52.290842185714375, 87.03285095831416, 101.89211819509957)
(115.45192030310793, 51.14641967913185, 87.81336825608884, 102.80589454371383)
(113.25276021382116, 50.69966821229632, 88.27598897177174, 103.34749928402553)
(110.60016719169715, 49.47351457627571, 88.97964303359787, 104.17128940518784)
(107.45478948457672, 47.19391132568301, 89.61858875545593, 104.91932342102167)
