(130, 115, 85, 99)
(132.0, 115.0, 85.0, 99.0)
(130.0, 114.0, 85.0, 99.0)
(130.0, 113.0, 85.0, 99.0)
(130.0, 113.0, 85.0, 99.0)
(130.0, 112.0, 85.0, 99.0)
(130.0, 111.0, 85.0, 99.0)
(129.0, 111.0, 85.0, 99.0)
(129.0, 112.0, 85.0, 99.0)
(128.0, 113.0, 85.0, 99.0)
(127.0, 114.0, 85.0, 99.0)
(126.0, 114.0, 85.0, 99.0)
(125.0, 114.0, 85.0, 99.0)
(124.0, 115.0, 85.0, 99.0)
(122.0, 116.0, 85.0, 99.0)
(119.0, 117.0, 85.0, 99.0)
(117.0, 118.0, 85.0, 99.0)
(114.0, 119.0, 85.0, 99.0)
(111.0, 120.0, 85.0, 99.0)
(108.0, 120.0, 85.0, 99.0)
(105.0, 120.0, 85.0, 99.0)
(103.0, 119.0, 85.0, 99.0)
(101.0, 117.0, 85.0, 99.0)
(100.0, 119.0, 85.0, 99.0)
(99.0, 116.0, 85.0, 99.0)
(100.0, 116.0, 85.0, 99.0)
(100.0, 115.0, 85.0, 99.0)
(101.0, 113.0, 85.0, 99.0)
(100.0, 113.0, 85.0, 99.0)
(100.0, 110.0, 85.0, 99.0)
(100.0, 109.0, 85.0, 99.0)
(100.0, 108.0, 85.0, 99.0)
(100.0, 107.0, 85.0, 99.0)
(99.0, 107.0, 85.0, 99.0)
(99.0, 107.0, 85.0, 99.0)
(100.0, 108.0, 85.0, 99.0)
(101.0, 108.0, 85.0, 99.0)
(102.0, 108.0, 85.0, 99.0)
(103.0, 108.0, 85.0, 99.0)
(104.0, 107.0, 85.0, 99.0)
(106.0, 107.0, 85.0, 99.0)
(108.0, 108.0, 85.0, 99.0)
(111.0, 108.0, 85.0, 99.0)
(113.0, 107.0, 85.0, 99.0)
(115.0, 108.0, 85.0, 99.0)
(117.0, 107.0, 85.0, 99.0)
(119.0, 107.0, 85.0, 99.0)
(121.0, 107.0, 85.0, 99.0)
(123.0, 107.0, 85.0, 99.0)
(124.0, 108.0, 85.0, 99.0)
(127.0, 108.0, 85.0, 99.0)
(128.0, 109.0, 85.0, 99.0)
(130.0, 109.0, 85.0, 99.0)
(132.0, 109.0, 85.0, 99.0)
(134.0, 111.0, 85.0, 99.0)
(135.0, 111.0, 85.0, 99.0)
(136.0, 114.0, 85.0, 99.0)
(137.0, 114.0, 85.0, 99.0)
(137.0, 115.0, 85.0, 99.0)
(137.0, 118.0, 85.0, 99.0)
(138.0, 119.0, 85.0, 99.0)
(139.0, 122.0, 85.0, 99.0)
(140.0, 121.0, 85.0, 99.0)
(141.0, 122.0, 85.0, 99.0)
(142.0, 122.0, 85.0, 99.0)
(141.0, 123.0, 85.0, 99.0)
(142.0, 122.0, 85.0, 99.0)
(143.0, 123.0, 85.0, 99.0)
(143.0, 124.0, 85.0, 99.0)
(144.0, 124.0, 85.0, 99.0)
(144.0, 124.0, 85.0, 99.0)
(145.0, 123.0, 85.0, 99.0)
(144.0, 123.0, 85.0, 99.0)
(145.0, 122.0, 85.0, 99.0)
(145.0, 122.0, 85.0, 99.0)
(145.0, 122.0, 85.0, 99.0)
(145.0, 122.0, 85.0, 99.0)
(144.0, 122.0, 85.0, 99.0)
(143.0, 122.0, 85.0, 99.0)
(142.0, 122.0, 85.0, 99.0)
(141.0, 121.0, 85.0, 99.0)
(140.0, 119.0, 85.0, 99.0)
(138.0, 119.0, 85.0, 99.0)
(137.0, 105.0, 85.0, 99.0)
(147.0, 99.0, 85.0, 99.0)
(145.0, 97.0, 85.0, 99.0)
(143.0, 97.0, 85.0, 99.0)
(142.0, 98.0, 85.0, 99.0)
(140.0, 99.0, 85.0, 99.0)
(138.0, 98.0, 85.0, 99.0)
(135.0, 99.0, 85.0, 99.0)
(137.0, 97.0, 85.0, 99.0)
(135.0, 98.0, 85.0, 99.0)
(134.0, 98.0, 85.0, 99.0)
(134.0, 99.0, 85.0, 99.0)
(133.0, 99.0, 85.0, 99.0)
(131.0, 99.0, 85.0, 99.0)
(131.0, 100.0, 85.0, 99.0)
(131.0, 99.0, 85.0, 99.0)
(129.0, 99.0, 85.0, 99.0)
(129.0, 99.0, 85.0, 99.0)
(127.0, 99.0, 85.0, 99.0)
(128.0, 99.0, 85.0, 99.0)
(127.0, 100.0, 85.0, 99.0)
(127.0, 100.0, 85.0, 99.0)
(128.0, 99.0, 85.0, 99.0)
(127.0, 99.0, 85.0, 99.0)
(126.0, 100.0, 85.0, 99.0)
(126.0, 99.0, 85.0, 99.0)
(126.0, 100.0, 85.0, 99.0)
(127.0, 100.0, 85.0, 99.0)
(126.0, 100.0, 85.0, 99.0)
(126.0, 101.0, 85.0, 99.0)
(126.0, 101.0, 85.0, 99.0)
(126.0, 101.0, 85.0, 99.0)
(126.0, 101.0, 85.0, 99.0)
(126.0, 101.0, 85.0, 99.0)
(126.0, 102.0, 85.0, 99.0)
(126.0, 102.0, 85.0, 99.0)
(126.0, 102.0, 85.0, 99.0)
(126.0, 102.0, 85.0, 99.0)
(126.0, 102.0, 85.0, 99.0)
(126.0, 102.0, 85.0, 99.0)
(126.0, 102.0, 85.0, 99.0)
(126.0, 102.0, 85.0, 99.0)
(126.0, 102.0, 85.0, 99.0)
(126.0, 102.0, 85.0, 99.0)
(126.0, 102.0, 85.0, 99.0)
(126.0, 102.0, 85.0, 99.0)
(126.0, 102.0, 85.0, 99.0)
(125.0, 102.0, 85.0, 99.0)
(125.0, 102.0, 85.0, 99.0)
(125.0, 101.0, 85.0, 99.0)
(125.0, 101.0, 85.0, 99.0)
(125.0, 101.0, 85.0, 99.0)
(124.0, 100.0, 85.0, 99.0)
(124.0, 100.0, 85.0, 99.0)
(123.0, 99.0, 85.0, 99.0)
(122.0, 98.0, 85.0, 99.0)
(122.0, 98.0, 85.0, 99.0)
(124.0, 98.0, 85.0, 99.0)
(123.0, 97.0, 85.0, 99.0)
(122.0, 97.0, 85.0, 99.0)
(121.0, 97.0, 85.0, 99.0)
(121.0, 96.0, 85.0, 99.0)
(121.0, 95.0, 85.0, 99.0)
(120.0, 95.0, 85.0, 99.0)
(120.0, 95.0, 85.0, 99.0)
(118.0, 96.0, 85.0, 99.0)
(118.0, 95.0, 85.0, 99.0)
(117.0, 95.0, 85.0, 99.0)
(117.0, 94.0, 85.0, 99.0)
(116.0, 94.0, 85.0, 99.0)
(116.0, 93.0, 85.0, 99.0)
(116.0, 94.0, 85.0, 99.0)
(116.0, 93.0, 85.0, 99.0)
(116.0, 93.0, 85.0, 99.0)
(116.0, 93.0, 85.0, 99.0)
(116.0, 93.0, 85.0, 99.0)
(115.0, 93.0, 85.0, 99.0)
(115.0, 93.0, 85.0, 99.0)
(115.0, 93.0, 85.0, 99.0)
(115.0, 93.0, 85.0, 99.0)
(115.0, 94.0, 85.0, 99.0)
(115.0, 94.0, 85.0, 99.0)
(115.0, 94.0, 85.0, 99.0)
(116.0, 94.0, 85.0, 99.0)
(116.0, 94.0, 85.0, 99.0)
(116.0, 94.0, 85.0, 99.0)
(116.0, 94.0, 85.0, 99.0)
(117.0, 92.0, 85.0, 99.0)
(116.0, 95.0, 85.0, 99.0)
(116.0, 96.0, 85.0, 99.0)
(115.0, 92.0, 85.0, 99.0)
(116.0, 95.0, 85.0, 99.0)
(116.0, 95.0, 85.0, 99.0)
(116.0, 95.0, 85.0, 99.0)
(115.0, 97.0, 85.0, 99.0)
(115.0, 97.0, 85.0, 99.0)
(114.0, 98.0, 85.0, 99.0)
(114.0, 100.0, 85.0, 99.0)
(114.0, 101.0, 85.0, 99.0)
(115.0, 102.0, 85.0, 99.0)
(114.0, 102.0, 85.0, 99.0)
(115.0, 102.0, 85.0, 99.0)
(115.0, 102.0, 85.0, 99.0)
(115.0, 102.0, 85.0, 99.0)
(115.0, 103.0, 85.0, 99.0)
(115.0, 103.0, 85.0, 99.0)
(114.0, 103.0, 85.0, 99.0)
(114.0, 103.0, 85.0, 99.0)
(115.0, 103.0, 85.0, 99.0)
(115.0, 104.0, 85.0, 99.0)
(116.0, 104.0, 85.0, 99.0)
(115.0, 104.0, 85.0, 99.0)
(115.0, 104.0, 85.0, 99.0)
(115.0, 104.0, 85.0, 99.0)
(115.0, 104.0, 85.0, 99.0)
(115.0, 104.0, 85.0, 99.0)
(115.0, 105.0, 85.0, 99.0)
(115.0, 104.0, 85.0, 99.0)
(116.0, 104.0, 85.0, 99.0)
(116.0, 104.0, 85.0, 99.0)
(115.0, 104.0, 85.0, 99.0)
(115.0, 104.0, 85.0, 99.0)
(115.0, 104.0, 85.0, 99.0)
(115.0, 105.0, 85.0, 99.0)
(115.0, 105.0, 85.0, 99.0)
(114.0, 106.0, 85.0, 99.0)
(114.0, 107.0, 85.0, 99.0)
(114.0, 108.0, 85.0, 99.0)
(114.0, 109.0, 85.0, 99.0)
(114.0, 111.0, 85.0, 99.0)
(114.0, 112.0, 85.0, 99.0)
(114.0, 113.0, 85.0, 99.0)
(114.0, 113.0, 85.0, 99.0)
(114.0, 113.0, 85.0, 99.0)
(114.0, 112.0, 85.0, 99.0)
(114.0, 112.0, 85.0, 99.0)
(114.0, 111.0, 85.0, 99.0)
(112.0, 109.0, 85.0, 99.0)
(112.0, 107.0, 85.0, 99.0)
(112.0, 104.0, 85.0, 99.0)
(113.0, 96.0, 85.0, 99.0)
(112.0, 94.0, 85.0, 99.0)
(113.0, 90.0, 85.0, 99.0)
(112.0, 86.0, 85.0, 99.0)
(113.0, 82.0, 85.0, 99.0)
(113.0, 79.0, 85.0, 99.0)
(114.0, 76.0, 85.0, 99.0)
(113.0, 76.0, 85.0, 99.0)
(114.0, 73.0, 85.0, 99.0)
(114.0, 72.0, 85.0, 99.0)
(114.0, 72.0, 85.0, 99.0)
(113.0, 72.0, 85.0, 99.0)
(113.0, 72.0, 85.0, 99.0)
(113.0, 72.0, 85.0, 99.0)
(113.0, 72.0, 85.0, 99.0)
(114.0, 73.0, 85.0, 99.0)
(115.0, 75.0, 85.0, 99.0)
(115.0, 75.0, 85.0, 99.0)
(116.0, 76.0, 85.0, 99.0)
(116.0, 76.0, 85.0, 99.0)
(117.0, 76.0, 85.0, 99.0)
(118.0, 76.0, 85.0, 99.0)
(118.0, 77.0, 85.0, 99.0)
(119.0, 78.0, 85.0, 99.0)
(120.0, 79.0, 85.0, 99.0)
(120.0, 80.0, 85.0, 99.0)
(121.0, 81.0, 85.0, 99.0)
(121.0, 81.0, 85.0, 99.0)
(122.0, 82.0, 85.0, 99.0)
(122.0, 84.0, 85.0, 99.0)
(122.0, 85.0, 85.0, 99.0)
(122.0, 86.0, 85.0, 99.0)
(122.0, 86.0, 85.0, 99.0)
(121.0, 87.0, 85.0, 99.0)
(121.0, 88.0, 85.0, 99.0)
(120.0, 89.0, 85.0, 99.0)
(120.0, 90.0, 85.0, 99.0)
(120.0, 91.0, 85.0, 99.0)
(120.0, 91.0, 85.0, 99.0)
(120.0, 91.0, 85.0, 99.0)
(120.0, 92.0, 85.0, 99.0)
(120.0, 92.0, 85.0, 99.0)
(120.0, 92.0, 85.0, 99.0)
(120.0, 93.0, 85.0, 99.0)
(120.0, 93.0, 85.0, 99.0)
(120.0, 93.0, 85.0, 99.0)
(120.0, 93.0, 85.0, 99.0)
(119.0, 93.0, 85.0, 99.0)
(120.0, 93.0, 85.0, 99.0)
(119.0, 94.0, 85.0, 99.0)
(118.0, 94.0, 85.0, 99.0)
(118.0, 95.0, 85.0, 99.0)
(117.0, 96.0, 85.0, 99.0)
(116.0, 96.0, 85.0, 99.0)
(114.0, 96.0, 85.0, 99.0)
(114.0, 96.0, 85.0, 99.0)
(114.0, 96.0, 85.0, 99.0)
(113.0, 96.0, 85.0, 99.0)
(112.0, 96.0, 85.0, 99.0)
(111.0, 97.0, 85.0, 99.0)
(111.0, 97.0, 85.0, 99.0)
(111.0, 97.0, 85.0, 99.0)
(110.0, 98.0, 85.0, 99.0)
(110.0, 99.0, 85.0, 99.0)
(109.0, 98.0, 85.0, 99.0)
(108.0, 99.0, 85.0, 99.0)
(108.0, 99.0, 85.0, 99.0)
(107.0, 99.0, 85.0, 99.0)
(107.0, 99.0, 85.0, 99.0)
(107.0, 99.0, 85.0, 99.0)
(107.0, 99.0, 85.0, 99.0)
(107.0, 100.0, 85.0, 99.0)
(107.0, 99.0, 85.0, 99.0)
(107.0, 99.0, 85.0, 99.0)
(107.0, 99.0, 85.0, 99.0)
(107.0, 99.0, 85.0, 99.0)
(106.0, 100.0, 85.0, 99.0)
(106.0, 100.0, 85.0, 99.0)
(106.0, 100.0, 85.0, 99.0)
(106.0, 100.0, 85.0, 99.0)
(106.0, 101.0, 85.0, 99.0)
(105.0, 101.0, 85.0, 99.0)
(105.0, 101.0, 85.0, 99.0)
(105.0, 101.0, 85.0, 99.0)
(105.0, 100.0, 85.0, 99.0)
(105.0, 99.0, 85.0, 99.0)
(105.0, 99.0, 85.0, 99.0)
(105.0, 99.0, 85.0, 99.0)
(105.0, 99.0, 85.0, 99.0)
(106.0, 99.0, 85.0, 99.0)
(107.0, 99.0, 85.0, 99.0)
(107.0, 99.0, 85.0, 99.0)
(107.0, 98.0, 85.0, 99.0)
(107.0, 99.0, 85.0, 99.0)
(107.0, 99.0, 85.0, 99.0)
(107.0, 98.0, 85.0, 99.0)
(108.0, 96.0, 85.0, 99.0)
(108.0, 95.0, 85.0, 99.0)
(109.0, 95.0, 85.0, 99.0)
(109.0, 94.0, 85.0, 99.0)
(108.0, 94.0, 85.0, 99.0)
(108.0, 94.0, 85.0, 99.0)
(108.0, 93.0, 85.0, 99.0)
(107.0, 93.0, 85.0, 99.0)
(107.0, 92.0, 85.0, 99.0)
(106.0, 92.0, 85.0, 99.0)
(105.0, 92.0, 85.0, 99.0)
(104.0, 92.0, 85.0, 99.0)
(103.0, 92.0, 85.0, 99.0)
(102.0, 92.0, 85.0, 99.0)
(101.0, 92.0, 85.0, 99.0)
(101.0, 92.0, 85.0, 99.0)
(100.0, 91.0, 85.0, 99.0)
(100.0, 91.0, 85.0, 99.0)
(99.0, 91.0, 85.0, 99.0)
(99.0, 91.0, 85.0, 99.0)
(98.0, 91.0, 85.0, 99.0)
(96.0, 92.0, 85.0, 99.0)
(94.0, 93.0, 85.0, 99.0)
(92.0, 93.0, 85.0, 99.0)
(90.0, 94.0, 85.0, 99.0)
(87.0, 94.0, 85.0, 99.0)
(85.0, 95.0, 85.0, 99.0)
(83.0, 94.0, 85.0, 99.0)
(81.0, 94.0, 85.0, 99.0)
(80.0, 94.0, 85.0, 99.0)
(82.0, 94.0, 85.0, 99.0)
(83.0, 94.0, 85.0, 99.0)
(81.0, 93.0, 85.0, 99.0)
(83.0, 93.0, 85.0, 99.0)
(86.0, 94.0, 85.0, 99.0)
(88.0, 93.0, 85.0, 99.0)
(90.0, 95.0, 85.0, 99.0)
(90.0, 94.0, 85.0, 99.0)
(90.0, 95.0, 85.0, 99.0)
(89.0, 94.0, 85.0, 99.0)
(88.0, 93.0, 85.0, 99.0)
(89.0, 95.0, 85.0, 99.0)
(88.0, 95.0, 85.0, 99.0)
(88.0, 96.0, 85.0, 99.0)
(87.0, 94.0, 85.0, 99.0)
(87.0, 94.0, 85.0, 99.0)
(88.0, 94.0, 85.0, 99.0)
(89.0, 95.0, 85.0, 99.0)
(89.0, 92.0, 85.0, 99.0)
(91.0, 94.0, 85.0, 99.0)
(92.0, 93.0, 85.0, 99.0)
(94.0, 94.0, 85.0, 99.0)
(94.0, 93.0, 85.0, 99.0)
(94.0, 93.0, 85.0, 99.0)
(96.0, 93.0, 85.0, 99.0)
(96.0, 92.0, 85.0, 99.0)
(97.0, 92.0, 85.0, 99.0)
(98.0, 92.0, 85.0, 99.0)
(98.0, 91.0, 85.0, 99.0)
(100.0, 92.0, 85.0, 99.0)
(100.0, 91.0, 85.0, 99.0)
(101.0, 91.0, 85.0, 99.0)
(102.0, 91.0, 85.0, 99.0)
(103.0, 89.0, 85.0, 99.0)
(103.0, 88.0, 85.0, 99.0)
(104.0, 87.0, 85.0, 99.0)
(104.0, 87.0, 85.0, 99.0)
(104.0, 86.0, 85.0, 99.0)
(105.0, 86.0, 85.0, 99.0)
(105.0, 85.0, 85.0, 99.0)
(105.0, 85.0, 85.0, 99.0)
(105.0, 85.0, 85.0, 99.0)
(106.0, 85.0, 85.0, 99.0)
(105.0, 85.0, 85.0, 99.0)
(107.0, 84.0, 85.0, 99.0)
(107.0, 84.0, 85.0, 99.0)
(107.0, 85.0, 85.0, 99.0)
(106.0, 85.0, 85.0, 99.0)
(106.0, 85.0, 85.0, 99.0)
(105.0, 84.0, 85.0, 99.0)
(108.0, 84.0, 85.0, 99.0)
(108.0, 83.0, 85.0, 99.0)
(108.0, 83.0, 85.0, 99.0)
(110.0, 84.0, 85.0, 99.0)
(110.0, 83.0, 85.0, 99.0)
(112.0, 83.0, 85.0, 99.0)
(113.0, 83.0, 85.0, 99.0)
(113.0, 84.0, 85.0, 99.0)
(115.0, 84.0, 85.0, 99.0)
(115.0, 84.0, 85.0, 99.0)
(115.0, 83.0, 85.0, 99.0)
(115.0, 84.0, 85.0, 99.0)
(114.0, 84.0, 85.0, 99.0)
(114.0, 85.0, 85.0, 99.0)
(112.0, 85.0, 85.0, 99.0)
(112.0, 85.0, 85.0, 99.0)
