(225, 92, 43, 45)
(225.087646484375, 91.79244995117188, 43.86000061035156, 45.89999771118164)
(226.08766174316406, 93.20629119873047, 42.156864166259766, 44.117645263671875)
(225.57569885253906, 92.42179107666016, 43.0, 45.0)
(224.49368286132812, 92.07518768310547, 44.73719787597656, 46.817996978759766)
(225.44970703125, 92.6493148803711, 43.85999298095703, 45.899993896484375)
(223.17605590820312, 92.70365142822266, 43.85999298095703, 45.899993896484375)
(221.76617431640625, 92.59503173828125, 44.73719024658203, 46.817989349365234)
(222.0271453857422, 93.35972595214844, 42.99999237060547, 44.99999237060547)
(220.29183959960938, 94.28271484375, 43.859989166259766, 45.89999008178711)
(218.04263305664062, 93.3475112915039, 45.631927490234375, 47.75434494018555)
(216.50401306152344, 93.89768981933594, 44.737186431884766, 46.81798553466797)
(215.11575317382812, 94.90584564208984, 43.8599853515625, 45.89998245239258)
(211.2591094970703, 95.45570373535156, 43.8599853515625, 45.89998245239258)
(208.24212646484375, 95.5307846069336, 42.99998474121094, 44.99998474121094)
(204.4757843017578, 94.57472229003906, 43.8599853515625, 45.89998245239258)
(201.23472595214844, 94.53495025634766, 43.8599853515625, 45.89998245239258)
(198.253662109375, 94.00273132324219, 43.8599853515625, 45.89998245239258)
(194.82028198242188, 94.41554260253906, 42.99998474121094, 44.99998474121094)
(189.81845092773438, 92.04339599609375, 45.63192367553711, 47.754337310791016)
(182.47900390625, 89.86075592041016, 44.7371826171875, 46.81797790527344)
(179.51730346679688, 89.9796142578125, 44.7371826171875, 46.81797790527344)
(176.45831298828125, 91.62862396240234, 42.99998474121094, 44.99998474121094)
(169.86520385742188, 90.87245178222656, 43.8599853515625, 45.89998245239258)
(162.78250122070312, 92.4408187866211, 42.99998474121094, 44.99998474121094)
(154.86233520507812, 95.1730728149414, 41.33024597167969, 43.25258255004883)
(147.11045837402344, 97.70437622070312, 42.1568489074707, 44.11763000488281)
(136.56838989257812, 99.43028259277344, 42.99998474121094, 44.99998474121094)
(124.66546630859375, 101.7193832397461, 44.7371826171875, 46.81797790527344)
(111.91552734375, 102.82254028320312, 45.63192367553711, 47.754337310791016)
(99.8701171875, 104.41521453857422, 47.47544860839844, 49.68360900878906)
(87.24917602539062, 107.23035430908203, 47.47544860839844, 49.68360900878906)
(73.31314086914062, 106.7457275390625, 49.393455505371094, 51.69082260131836)
(63.8981819152832, 111.32278442382812, 49.393455505371094, 51.69082260131836)
(54.16141891479492, 112.15634155273438, 49.393455505371094, 51.69082260131836)
(47.0518798828125, 112.89200592041016, 47.47544860839844, 49.68360900878906)
(38.6898078918457, 115.08795928955078, 47.47544860839844, 49.68360900878906)
(35.252498626708984, 118.59231567382812, 45.631919860839844, 47.75433349609375)
(33.337196350097656, 117.41226959228516, 47.47544479370117, 49.6836051940918)
(32.831298828125, 116.46520233154297, 47.47544479370117, 49.6836051940918)
(24.71126365661621, 120.0274658203125, 46.544551849365234, 48.709415435791016)
(43.29762268066406, 111.41522216796875, 46.544551849365234, 48.709415435791016)
(40.88977813720703, 110.88762664794922, 47.47544479370117, 49.6836051940918)
(41.00370788574219, 110.24785614013672, 47.47544479370117, 49.6836051940918)
(40.98097229003906, 109.8633804321289, 47.47544479370117, 49.6836051940918)
(41.28826141357422, 110.18465423583984, 47.47544479370117, 49.6836051940918)
(40.86820983886719, 110.04521942138672, 47.47544479370117, 49.6836051940918)
(41.1416015625, 110.8000717163086, 47.47544479370117, 49.6836051940918)
(40.819908142089844, 110.18638610839844, 48.42495346069336, 50.677276611328125)
(40.774658203125, 110.6354751586914, 47.47544479370117, 49.6836051940918)
(40.767723083496094, 110.60315704345703, 47.47544479370117, 49.6836051940918)
(40.860618591308594, 110.4962387084961, 47.47544479370117, 49.6836051940918)
(40.93714141845703, 110.46317291259766, 47.47544479370117, 49.6836051940918)
(40.994384765625, 110.42450714111328, 47.47544479370117, 49.6836051940918)
(41.1181640625, 110.4521713256836, 47.47544479370117, 49.6836051940918)
(40.827056884765625, 110.01126098632812, 48.42495346069336, 50.677276611328125)
(40.993568420410156, 110.65377044677734, 47.47544479370117, 49.6836051940918)
(41.17652130126953, 110.8647689819336, 47.47544479370117, 49.6836051940918)
(41.402626037597656, 111.10318756103516, 47.47544479370117, 49.6836051940918)
(40.436729431152344, 110.73814392089844, 48.42495346069336, 50.677276611328125)
(41.16157531738281, 110.87970733642578, 47.47544479370117, 49.6836051940918)
(41.38288116455078, 111.13103485107422, 47.47544479370117, 49.6836051940918)
(40.46543884277344, 110.84323120117188, 48.42495346069336, 50.677276611328125)
(40.790916442871094, 110.52877807617188, 48.42495346069336, 50.677276611328125)
(40.42179870605469, 110.76878356933594, 48.42495346069336, 50.677276611328125)
(41.17437744140625, 110.85613250732422, 47.47544479370117, 49.6836051940918)
(41.392738342285156, 111.0418930053711, 47.47544479370117, 49.6836051940918)
(40.43535614013672, 110.70553588867188, 48.42495346069336, 50.677276611328125)
(41.16270446777344, 110.7690658569336, 47.47544479370117, 49.6836051940918)
(41.38959503173828, 110.93193817138672, 47.47544479370117, 49.6836051940918)
(40.96063995361328, 111.07294464111328, 47.47544479370117, 49.6836051940918)
(40.775657653808594, 110.76382446289062, 48.42495346069336, 50.677276611328125)
(41.021278381347656, 110.34721374511719, 48.42495346069336, 50.677276611328125)
(41.189414978027344, 110.9869155883789, 47.47544479370117, 49.6836051940918)
(41.45122528076172, 111.1491470336914, 47.47544479370117, 49.6836051940918)
(40.63087463378906, 110.80970764160156, 48.42495346069336, 50.677276611328125)
(40.92027282714844, 110.52262878417969, 48.42495346069336, 50.677276611328125)
(40.71690368652344, 110.77857971191406, 48.42495346069336, 50.677276611328125)
(41.0108642578125, 110.50276184082031, 48.42495346069336, 50.677276611328125)
(39.82483673095703, 109.82669067382812, 50.381317138671875, 52.724632263183594)
(41.182220458984375, 111.1350326538086, 47.47544479370117, 49.6836051940918)
(40.061790466308594, 109.93972778320312, 50.381317138671875, 52.724632263183594)
(39.46371078491211, 109.22904968261719, 51.388938903808594, 53.77912139892578)
(40.425323486328125, 110.13555145263672, 49.3934440612793, 51.69081497192383)
(40.78227233886719, 110.98509979248047, 48.42494201660156, 50.67726516723633)
(41.070709228515625, 110.64656829833984, 48.42494201660156, 50.67726516723633)
(39.848411560058594, 109.79138946533203, 50.38130569458008, 52.7246208190918)
(41.178443908691406, 110.94412231445312, 47.475433349609375, 49.68359375)
(41.0670166015625, 110.5927963256836, 48.42494201660156, 50.67726516723633)
(39.978553771972656, 109.76134490966797, 50.38130569458008, 52.7246208190918)
(41.098716735839844, 110.49408721923828, 48.42494201660156, 50.67726516723633)
(40.19032287597656, 109.73355865478516, 50.38130569458008, 52.7246208190918)
(41.28864288330078, 110.5418472290039, 48.42494201660156, 50.67726516723633)
(40.203773498535156, 109.7617416381836, 50.38130569458008, 52.7246208190918)
(41.176658630371094, 110.51050567626953, 48.42494201660156, 50.67726516723633)
(40.0264892578125, 109.6578140258789, 50.38130569458008, 52.7246208190918)
(40.97290802001953, 110.37425994873047, 48.42494201660156, 50.67726516723633)
(41.24768829345703, 111.05522155761719, 47.475433349609375, 49.68359375)
(40.1531982421875, 109.72724151611328, 50.38130569458008, 52.7246208190918)
(41.00263977050781, 110.45919036865234, 48.42494201660156, 50.67726516723633)
(40.82005310058594, 110.64962005615234, 48.42494201660156, 50.67726516723633)
(40.77528381347656, 110.88776397705078, 48.42494201660156, 50.67726516723633)
(41.51654815673828, 110.59998321533203, 48.42494201660156, 50.67726516723633)
(41.80805206298828, 110.85724639892578, 48.42494201660156, 50.67726516723633)
(41.33782196044922, 110.55841827392578, 48.42494201660156, 50.67726516723633)
(42.29864501953125, 111.48435974121094, 47.475433349609375, 49.68359375)
(41.341575622558594, 110.65856170654297, 48.42494201660156, 50.67726516723633)
(41.91496276855469, 111.11840057373047, 48.42494201660156, 50.67726516723633)
(40.667510986328125, 109.7435531616211, 50.38130569458008, 52.7246208190918)
(40.2164306640625, 108.58837127685547, 52.41670608520508, 54.85469436645508)
(39.657318115234375, 107.9495849609375, 53.46504211425781, 55.951786041259766)
(39.85204315185547, 108.73770141601562, 53.46504211425781, 55.951786041259766)
(39.89888000488281, 108.6695556640625, 53.46504211425781, 55.951786041259766)
(39.90068817138672, 108.58674621582031, 53.46504211425781, 55.951786041259766)
(39.79461669921875, 108.448974609375, 53.46504211425781, 55.951786041259766)
(39.596763610839844, 108.27288818359375, 53.46504211425781, 55.951786041259766)
(39.324317932128906, 108.10273742675781, 53.46504211425781, 55.951786041259766)
(41.140289306640625, 110.084716796875, 49.3934326171875, 51.69080352783203)
(40.08937072753906, 108.97454071044922, 52.41670227050781, 54.85468673706055)
(39.27608108520508, 108.2557373046875, 53.46503448486328, 55.9517822265625)
(40.14754867553711, 109.23661804199219, 51.38892364501953, 53.77910614013672)
(39.72496795654297, 108.11674499511719, 53.465030670166016, 55.95177459716797)
(40.118255615234375, 108.57101440429688, 52.41669845581055, 54.85468292236328)
(39.639320373535156, 108.67141723632812, 53.465030670166016, 55.95177459716797)
(39.537254333496094, 108.55564880371094, 53.465030670166016, 55.95177459716797)
(39.42707824707031, 108.4705810546875, 53.465030670166016, 55.95177459716797)
(39.3154296875, 108.3502197265625, 53.465030670166016, 55.95177459716797)
(40.289306640625, 109.34725189208984, 51.388919830322266, 53.77910232543945)
(39.90924072265625, 108.25774383544922, 53.46502685546875, 55.9517707824707)
(39.85333251953125, 108.12810516357422, 53.46502685546875, 55.9517707824707)
(40.079246520996094, 108.50296020507812, 52.416690826416016, 54.854679107666016)
(40.15642547607422, 109.74872589111328, 51.388912200927734, 53.77909469604492)
(39.534000396728516, 108.84015655517578, 53.46501922607422, 55.95176696777344)
(39.22249221801758, 109.2406997680664, 53.46501922607422, 55.95176696777344)
(39.19620895385742, 109.14714813232422, 53.46501922607422, 55.95176696777344)
(39.09431838989258, 109.17952728271484, 53.46501922607422, 55.95176696777344)
(39.29136276245117, 108.96442413330078, 53.46501922607422, 55.95176696777344)
(39.17893600463867, 109.14459991455078, 53.46501922607422, 55.95176696777344)
(39.40156173706055, 108.85051727294922, 53.46501922607422, 55.95176696777344)
(39.223445892333984, 109.14510345458984, 53.46501922607422, 55.95176696777344)
(39.47463607788086, 108.9035415649414, 53.46501922607422, 55.95176696777344)
(39.23481369018555, 109.10417938232422, 53.46501922607422, 55.95176696777344)
(39.48080062866211, 108.81380462646484, 53.46501922607422, 55.95176696777344)
(39.28347396850586, 108.92882537841797, 53.46501922607422, 55.95176696777344)
(39.146480560302734, 109.02887725830078, 53.46501922607422, 55.95176696777344)
(39.39957046508789, 108.62406158447266, 53.46501922607422, 55.95176696777344)
(39.31552505493164, 108.73230743408203, 53.46501922607422, 55.95176696777344)
(40.22792434692383, 109.96572875976562, 51.38890838623047, 53.779090881347656)
(40.12907409667969, 109.57673645019531, 52.41668701171875, 54.854671478271484)
(39.29658889770508, 108.5314712524414, 53.46501922607422, 55.95176696777344)
(40.18338394165039, 109.70916748046875, 51.38890838623047, 53.779090881347656)
(39.510459899902344, 108.79901123046875, 53.46501541137695, 55.951759338378906)
(39.432777404785156, 108.95191955566406, 53.46501541137695, 55.951759338378906)
(38.81959533691406, 108.46620178222656, 54.5343132019043, 57.07079315185547)
(40.224609375, 109.65737915039062, 51.3889045715332, 53.779083251953125)
(39.59325408935547, 108.61431884765625, 53.46501159667969, 55.95175552368164)
(39.31804656982422, 108.55168151855469, 53.46501159667969, 55.95175552368164)
(39.65045928955078, 109.40911865234375, 51.3889045715332, 53.779083251953125)
(40.453102111816406, 110.13416290283203, 49.39341354370117, 51.69078063964844)
(40.86438751220703, 110.64144897460938, 48.4249153137207, 50.67723846435547)
(41.255760192871094, 110.4853515625, 48.4249153137207, 50.67723846435547)
(42.45013427734375, 110.73526000976562, 47.475406646728516, 49.68356704711914)
(42.95370101928711, 110.8572998046875, 46.544517517089844, 48.70937728881836)
(43.64781951904297, 110.8583755493164, 45.63187789916992, 47.75429153442383)
(43.323970794677734, 110.84059143066406, 46.544517517089844, 48.70937728881836)
(43.90611267089844, 111.0438003540039, 45.63187789916992, 47.75429153442383)
(43.57481002807617, 111.03593444824219, 46.544517517089844, 48.70937728881836)
(43.312164306640625, 110.25234985351562, 47.475406646728516, 49.68356704711914)
(43.506492614746094, 110.99444580078125, 45.63188171386719, 47.754295349121094)
(43.46504211425781, 111.37681579589844, 45.63188171386719, 47.754295349121094)
(43.24186706542969, 110.90185546875, 45.63188171386719, 47.754295349121094)
(42.553245544433594, 110.8023681640625, 46.54452133178711, 48.709381103515625)
(43.63800048828125, 111.05384826660156, 45.63188171386719, 47.754295349121094)
(43.334007263183594, 111.41780090332031, 45.63188171386719, 47.754295349121094)
(42.52582550048828, 110.51773071289062, 46.54452133178711, 48.709381103515625)
(43.11750793457031, 111.03569030761719, 46.54452133178711, 48.709381103515625)
(42.973106384277344, 110.84144592285156, 46.54452133178711, 48.709381103515625)
(43.190887451171875, 110.78497314453125, 45.63188171386719, 47.754295349121094)
(43.1290283203125, 110.29847717285156, 45.63188171386719, 47.754295349121094)
(44.53956604003906, 109.772216796875, 45.63188171386719, 47.754295349121094)
(35.19040298461914, 113.06263732910156, 45.63188171386719, 47.754295349121094)
(38.086734771728516, 112.01567077636719, 45.63188171386719, 47.754295349121094)
(41.390037536621094, 111.52919006347656, 45.63188171386719, 47.754295349121094)
(40.797882080078125, 111.39445495605469, 44.73714065551758, 46.817935943603516)
(41.739097595214844, 113.378173828125, 43.85994338989258, 45.899940490722656)
(42.368446350097656, 112.31295776367188, 44.73714065551758, 46.817935943603516)
(43.82109069824219, 112.5946044921875, 44.73714065551758, 46.817935943603516)
(43.599998474121094, 111.23513793945312, 45.63188171386719, 47.754295349121094)
(43.3612060546875, 110.46334838867188, 45.63188171386719, 47.754295349121094)
(42.404563903808594, 109.74504089355469, 46.54452133178711, 48.709381103515625)
(42.15843200683594, 109.89250183105469, 46.54452133178711, 48.709381103515625)
(41.79912567138672, 110.15866088867188, 46.54452133178711, 48.709381103515625)
(41.589263916015625, 110.42778015136719, 46.54452133178711, 48.709381103515625)
(41.40521240234375, 109.86882019042969, 48.4249153137207, 50.67723846435547)
(40.8465576171875, 109.1132583618164, 49.39341354370117, 51.69078063964844)
(41.08198547363281, 109.59037017822266, 49.39341354370117, 51.69078063964844)
(41.19188690185547, 109.3686752319336, 49.39341354370117, 51.69078063964844)
(40.335304260253906, 108.04524230957031, 51.3889045715332, 53.779083251953125)
(40.96563720703125, 109.50116729736328, 49.39341354370117, 51.69078063964844)
(40.994483947753906, 109.13341522216797, 49.39341354370117, 51.69078063964844)
(41.15271759033203, 109.5151596069336, 49.39341354370117, 51.69078063964844)
(41.20207214355469, 109.21434783935547, 49.39341354370117, 51.69078063964844)
(40.35237121582031, 107.88323974609375, 51.3889045715332, 53.779083251953125)
(41.01527404785156, 109.44068145751953, 49.39341354370117, 51.69078063964844)
(41.23368835449219, 109.16301727294922, 49.39341354370117, 51.69078063964844)
(40.410919189453125, 107.85966491699219, 51.3889045715332, 53.779083251953125)
(41.12535095214844, 109.39232635498047, 49.39341354370117, 51.69078063964844)
(41.252113342285156, 109.1737289428711, 49.39341354370117, 51.69078063964844)
(41.26398468017578, 108.91028594970703, 49.39341354370117, 51.69078063964844)
(40.350975036621094, 108.19140625, 51.3889045715332, 53.779083251953125)
(40.350830078125, 108.41524505615234, 50.38127517700195, 52.72459030151367)
(41.21028518676758, 109.3816909790039, 49.393409729003906, 51.69077682495117)
(39.79584503173828, 107.48917388916016, 52.41667556762695, 54.85466003417969)
(41.192752838134766, 109.68050384521484, 49.393409729003906, 51.69077682495117)
(40.976043701171875, 108.80928802490234, 50.38127517700195, 52.72459030151367)
(39.962860107421875, 107.3619155883789, 52.41667556762695, 54.85466003417969)
(40.25901794433594, 107.9839096069336, 52.41667556762695, 54.85466003417969)
(40.4847412109375, 108.13835906982422, 52.41667556762695, 54.85466003417969)
(40.729576110839844, 108.33899688720703, 52.41667556762695, 54.85466003417969)
(41.48365020751953, 109.11824035644531, 51.38889694213867, 53.77907943725586)
(40.2705078125, 108.0544662475586, 52.41667556762695, 54.85466003417969)
(40.46685028076172, 108.3069076538086, 52.41667556762695, 54.85466003417969)
(40.661705017089844, 108.5411605834961, 52.41667556762695, 54.85466003417969)
(41.33643341064453, 109.34812927246094, 51.38889694213867, 53.77907943725586)
(40.1243896484375, 108.33251190185547, 52.41667556762695, 54.85466003417969)
(40.33319091796875, 108.54534149169922, 52.41667556762695, 54.85466003417969)
(39.79261779785156, 108.04104614257812, 53.46501159667969, 55.95175552368164)
(40.42759704589844, 108.19853973388672, 52.41667556762695, 54.85466003417969)
(40.185935974121094, 108.05420684814453, 52.41667556762695, 54.85466003417969)
(40.78462219238281, 108.15923309326172, 52.41667556762695, 54.85466003417969)
(42.041343688964844, 109.1014175415039, 50.38127517700195, 52.72459030151367)
(40.98143768310547, 108.28407287597656, 51.38889694213867, 53.77907943725586)
(40.73872375488281, 107.73590850830078, 52.41667556762695, 54.85466003417969)
(41.680030822753906, 108.463134765625, 51.38889694213867, 53.77907943725586)
(41.461585998535156, 108.38438415527344, 51.38889694213867, 53.77907943725586)
(41.43592834472656, 108.44139099121094, 51.38889694213867, 53.77907943725586)
(41.643028259277344, 108.52200317382812, 51.38889694213867, 53.77907943725586)
(42.8492317199707, 109.9835433959961, 49.393409729003906, 51.69077682495117)
(42.64338302612305, 110.3259048461914, 49.393409729003906, 51.69077682495117)
(40.954200744628906, 108.85694885253906, 51.38889694213867, 53.77907943725586)
(42.16880798339844, 109.89276885986328, 50.38127517700195, 52.72459030151367)
(41.23326110839844, 109.00080871582031, 51.38889694213867, 53.77907943725586)
(42.272804260253906, 109.96582794189453, 50.38127517700195, 52.72459030151367)
(40.42353057861328, 108.57312774658203, 52.41667556762695, 54.85466003417969)
