(244, 49, 79, 176)
(243.0, 46.0, 79.0, 176.0)
(242.0, 44.0, 79.0, 176.0)
(241.0, 44.0, 79.0, 176.0)
(239.0, 42.0, 79.0, 176.0)
(234.0, 36.0, 79.0, 176.0)
(227.0, 34.0, 79.0, 176.0)
(225.0, 36.0, 79.0, 176.0)
(224.0, 38.0, 79.0, 176.0)
(222.0, 38.0, 79.0, 176.0)
(219.0, 40.0, 79.0, 176.0)
(218.0, 40.0, 79.0, 176.0)
(220.0, 42.0, 79.0, 176.0)
(219.0, 32.0, 79.0, 176.0)
(209.0, 38.0, 79.0, 176.0)
(203.0, 38.0, 79.0, 176.0)
(202.0, 38.0, 79.0, 176.0)
(198.0, 38.0, 79.0, 176.0)
(192.0, 40.0, 79.0, 176.0)
(187.0, 40.0, 79.0, 176.0)
(185.0, 42.0, 79.0, 176.0)
(183.0, 46.0, 79.0, 176.0)
(181.0, 52.0, 79.0, 176.0)
(189.0, 46.0, 79.0, 176.0)
(188.0, 52.0, 79.0, 176.0)
(186.0, 48.0, 79.0, 176.0)
(189.0, 44.0, 79.0, 176.0)
(191.0, 42.0, 79.0, 176.0)
(197.0, 36.0, 79.0, 176.0)
(196.0, 38.0, 79.0, 176.0)
(207.0, 26.0, 79.0, 176.0)
(206.0, 34.0, 79.0, 176.0)
(204.0, 38.0, 79.0, 176.0)
(196.0, 46.0, 79.0, 176.0)
(193.0, 48.0, 79.0, 176.0)
(194.0, 44.0, 79.0, 176.0)
(175.0, 62.0, 79.0, 176.0)
(176.0, 66.0, 79.0, 176.0)
(180.0, 66.0, 79.0, 176.0)
(181.0, 80.0, 79.0, 176.0)
(184.0, 81.0, 79.0, 176.0)
(204.0, 50.0, 79.0, 176.0)
(204.0, 44.0, 79.0, 176.0)
(208.0, 36.0, 79.0, 176.0)
(209.0, 36.0, 79.0, 176.0)
(210.0, 32.0, 79.0, 176.0)
(214.0, 32.0, 79.0, 176.0)
(212.0, 36.0, 79.0, 176.0)
(215.0, 28.0, 79.0, 176.0)
(218.0, 28.0, 79.0, 176.0)
(224.0, 30.0, 79.0, 176.0)
(226.0, 28.0, 79.0, 176.0)
(227.0, 28.0, 79.0, 176.0)
(229.0, 28.0, 79.0, 176.0)
(231.0, 32.0, 79.0, 176.0)
(229.0, 28.0, 79.0, 176.0)
(229.0, 30.0, 79.0, 176.0)
(230.0, 46.0, 79.0, 176.0)
(230.0, 42.0, 79.0, 176.0)
(230.0, 44.0, 79.0, 176.0)
(230.0, 42.0, 79.0, 176.0)
(230.0, 42.0, 79.0, 176.0)
(229.0, 44.0, 79.0, 176.0)
(230.0, 42.0, 79.0, 176.0)
(230.0, 50.0, 79.0, 176.0)
(230.0, 40.0, 79.0, 176.0)
(237.0, 60.0, 79.0, 176.0)
(239.0, 62.0, 79.0, 176.0)
(242.0, 66.0, 79.0, 176.0)
(243.0, 66.0, 79.0, 176.0)
(242.0, 70.0, 79.0, 176.0)
(250.0, 76.0, 79.0, 176.0)
(252.0, 79.0, 79.0, 176.0)
(253.0, 80.0, 79.0, 176.0)
(255.0, 77.0, 79.0, 176.0)
(255.0, 74.0, 79.0, 176.0)
(254.0, 79.0, 79.0, 176.0)
(254.0, 78.0, 79.0, 176.0)
(255.0, 69.0, 79.0, 176.0)
(258.0, 74.0, 79.0, 176.0)
(258.0, 71.0, 79.0, 176.0)
(257.0, 66.0, 79.0, 176.0)
(252.0, 60.0, 79.0, 176.0)
(248.0, 56.0, 79.0, 176.0)
(244.0, 52.0, 79.0, 176.0)
(240.0, 52.0, 79.0, 176.0)
(226.0, 52.0, 79.0, 176.0)
(223.0, 52.0, 79.0, 176.0)
(219.0, 54.0, 79.0, 176.0)
(217.0, 56.0, 79.0, 176.0)
(215.0, 54.0, 79.0, 176.0)
(214.0, 56.0, 79.0, 176.0)
(213.0, 56.0, 79.0, 176.0)
(213.0, 56.0, 79.0, 176.0)
(214.0, 58.0, 79.0, 176.0)
(214.0, 56.0, 79.0, 176.0)
(215.0, 56.0, 79.0, 176.0)
(215.0, 52.0, 79.0, 176.0)
(212.0, 44.0, 79.0, 176.0)
(211.0, 42.0, 79.0, 176.0)
(211.0, 42.0, 79.0, 176.0)
(211.0, 42.0, 79.0, 176.0)
(211.0, 42.0, 79.0, 176.0)
(210.0, 42.0, 79.0, 176.0)
(208.0, 44.0, 79.0, 176.0)
(206.0, 44.0, 79.0, 176.0)
(201.0, 40.0, 79.0, 176.0)
(207.0, 46.0, 79.0, 176.0)
(207.0, 42.0, 79.0, 176.0)
(202.0, 32.0, 79.0, 176.0)
(205.0, 34.0, 79.0, 176.0)
(206.0, 36.0, 79.0, 176.0)
(212.0, 60.0, 79.0, 176.0)
(211.0, 44.0, 79.0, 176.0)
(213.0, 56.0, 79.0, 176.0)
(216.0, 56.0, 79.0, 176.0)
(218.0, 54.0, 79.0, 176.0)
(221.0, 56.0, 79.0, 176.0)
(224.0, 50.0, 79.0, 176.0)
(226.0, 50.0, 79.0, 176.0)
(227.0, 48.0, 79.0, 176.0)
(229.0, 46.0, 79.0, 176.0)
(228.0, 60.0, 79.0, 176.0)
(224.0, 58.0, 79.0, 176.0)
(223.0, 52.0, 79.0, 176.0)
(221.0, 52.0, 79.0, 176.0)
(219.0, 46.0, 79.0, 176.0)
(219.0, 42.0, 79.0, 176.0)
(220.0, 40.0, 79.0, 176.0)
(217.0, 40.0, 79.0, 176.0)
(215.0, 44.0, 79.0, 176.0)
(214.0, 40.0, 79.0, 176.0)
(212.0, 38.0, 79.0, 176.0)
(211.0, 44.0, 79.0, 176.0)
(211.0, 42.0, 79.0, 176.0)
(213.0, 30.0, 79.0, 176.0)
(212.0, 28.0, 79.0, 176.0)
(213.0, 40.0, 79.0, 176.0)
(212.0, 48.0, 79.0, 176.0)
(213.0, 52.0, 79.0, 176.0)
(213.0, 50.0, 79.0, 176.0)
(211.0, 52.0, 79.0, 176.0)
(209.0, 50.0, 79.0, 176.0)
(208.0, 52.0, 79.0, 176.0)
(206.0, 58.0, 79.0, 176.0)
(207.0, 46.0, 79.0, 176.0)
(207.0, 62.0, 79.0, 176.0)
(206.0, 64.0, 79.0, 176.0)
(211.0, 48.0, 79.0, 176.0)
(209.0, 48.0, 79.0, 176.0)
(204.0, 52.0, 79.0, 176.0)
(204.0, 52.0, 79.0, 176.0)
(204.0, 52.0, 79.0, 176.0)
(205.0, 48.0, 79.0, 176.0)
(201.0, 56.0, 79.0, 176.0)
(201.0, 46.0, 79.0, 176.0)
(198.0, 54.0, 79.0, 176.0)
(196.0, 48.0, 79.0, 176.0)
(187.0, 52.0, 79.0, 176.0)
(183.0, 54.0, 79.0, 176.0)
(179.0, 56.0, 79.0, 176.0)
(170.0, 66.0, 79.0, 176.0)
(168.0, 62.0, 79.0, 176.0)
(171.0, 58.0, 79.0, 176.0)
(171.0, 58.0, 79.0, 176.0)
(170.0, 58.0, 79.0, 176.0)
(183.0, 44.0, 79.0, 176.0)
(184.0, 40.0, 79.0, 176.0)
(172.0, 44.0, 79.0, 176.0)
(170.0, 42.0, 79.0, 176.0)
(166.0, 42.0, 79.0, 176.0)
(165.0, 42.0, 79.0, 176.0)
(160.0, 48.0, 79.0, 176.0)
(160.0, 46.0, 79.0, 176.0)
(157.0, 50.0, 79.0, 176.0)
(156.0, 52.0, 79.0, 176.0)
(157.0, 56.0, 79.0, 176.0)
(159.0, 58.0, 79.0, 176.0)
(161.0, 58.0, 79.0, 176.0)
(162.0, 60.0, 79.0, 176.0)
(163.0, 64.0, 79.0, 176.0)
(164.0, 66.0, 79.0, 176.0)
(165.0, 60.0, 79.0, 176.0)
(169.0, 60.0, 79.0, 176.0)
(173.0, 60.0, 79.0, 176.0)
(177.0, 62.0, 79.0, 176.0)
(182.0, 62.0, 79.0, 176.0)
(192.0, 70.0, 79.0, 176.0)
(200.0, 74.0, 79.0, 176.0)
(204.0, 73.0, 79.0, 176.0)
(204.0, 64.0, 79.0, 176.0)
(210.0, 64.0, 79.0, 176.0)
(211.0, 62.0, 79.0, 176.0)
(212.0, 62.0, 79.0, 176.0)
(212.0, 64.0, 79.0, 176.0)
(213.0, 62.0, 79.0, 176.0)
(214.0, 64.0, 79.0, 176.0)
(215.0, 64.0, 79.0, 176.0)
(216.0, 66.0, 79.0, 176.0)
(218.0, 70.0, 79.0, 176.0)
(219.0, 72.0, 79.0, 176.0)
(222.0, 51.0, 79.0, 176.0)
(224.0, 50.0, 79.0, 176.0)
(226.0, 50.0, 79.0, 176.0)
(224.0, 52.0, 79.0, 176.0)
(223.0, 52.0, 79.0, 176.0)
(222.0, 54.0, 79.0, 176.0)
(222.0, 48.0, 79.0, 176.0)
(220.0, 48.0, 79.0, 176.0)
(215.0, 50.0, 79.0, 176.0)
(215.0, 54.0, 79.0, 176.0)
(210.0, 58.0, 79.0, 176.0)
(210.0, 60.0, 79.0, 176.0)
(206.0, 64.0, 79.0, 176.0)
(207.0, 66.0, 79.0, 176.0)
(208.0, 64.0, 79.0, 176.0)
(209.0, 64.0, 79.0, 176.0)
(211.0, 64.0, 79.0, 176.0)
(212.0, 66.0, 79.0, 176.0)
(238.0, 52.0, 79.0, 176.0)
(235.0, 54.0, 79.0, 176.0)
(228.0, 68.0, 79.0, 176.0)
(236.0, 60.0, 79.0, 176.0)
(237.0, 68.0, 79.0, 176.0)
(236.0, 66.0, 79.0, 176.0)
(240.0, 60.0, 79.0, 176.0)
(235.0, 62.0, 79.0, 176.0)
(239.0, 64.0, 79.0, 176.0)
(239.0, 58.0, 79.0, 176.0)
(239.0, 46.0, 79.0, 176.0)
(241.0, 56.0, 79.0, 176.0)
(227.0, 60.0, 79.0, 176.0)
(237.0, 62.0, 79.0, 176.0)
(229.0, 60.0, 79.0, 176.0)
(231.0, 60.0, 79.0, 176.0)
(233.0, 66.0, 79.0, 176.0)
(238.0, 70.0, 79.0, 176.0)
(237.0, 72.0, 79.0, 176.0)
(234.0, 71.0, 79.0, 176.0)
(235.0, 72.0, 79.0, 176.0)
(236.0, 67.0, 79.0, 176.0)
(232.0, 72.0, 79.0, 176.0)
(236.0, 71.0, 79.0, 176.0)
(229.0, 68.0, 79.0, 176.0)
(230.0, 66.0, 79.0, 176.0)
(232.0, 64.0, 79.0, 176.0)
(233.0, 66.0, 79.0, 176.0)
(229.0, 60.0, 79.0, 176.0)
(228.0, 54.0, 79.0, 176.0)
(233.0, 62.0, 79.0, 176.0)
(233.0, 70.0, 79.0, 176.0)
(233.0, 58.0, 79.0, 176.0)
(234.0, 56.0, 79.0, 176.0)
(235.0, 56.0, 79.0, 176.0)
(234.0, 56.0, 79.0, 176.0)
(233.0, 62.0, 79.0, 176.0)
(230.0, 56.0, 79.0, 176.0)
(232.0, 54.0, 79.0, 176.0)
(233.0, 58.0, 79.0, 176.0)
(235.0, 58.0, 79.0, 176.0)
(239.0, 58.0, 79.0, 176.0)
(241.0, 56.0, 79.0, 176.0)
(244.0, 58.0, 79.0, 176.0)
(246.0, 54.0, 79.0, 176.0)
(250.0, 50.0, 79.0, 176.0)
(252.0, 52.0, 79.0, 176.0)
(252.0, 52.0, 79.0, 176.0)
(256.0, 48.0, 79.0, 176.0)
(255.0, 46.0, 79.0, 176.0)
(255.0, 44.0, 79.0, 176.0)
(260.0, 38.0, 79.0, 176.0)
(263.0, 32.0, 79.0, 176.0)
(261.0, 28.0, 79.0, 176.0)
(263.0, 28.0, 79.0, 176.0)
(265.0, 26.0, 79.0, 176.0)
(264.0, 28.0, 79.0, 176.0)
(270.0, 38.0, 79.0, 176.0)
(275.0, 30.0, 79.0, 176.0)
(270.0, 28.0, 79.0, 176.0)
(265.0, 22.0, 79.0, 176.0)
(262.0, 22.0, 79.0, 176.0)
(260.0, 28.0, 79.0, 176.0)
(268.0, 28.0, 79.0, 176.0)
(271.0, 30.0, 79.0, 176.0)
(270.0, 32.0, 79.0, 176.0)
(270.0, 32.0, 79.0, 176.0)
(269.0, 30.0, 79.0, 176.0)
(267.0, 30.0, 79.0, 176.0)
(267.0, 30.0, 79.0, 176.0)
(268.0, 28.0, 79.0, 176.0)
(269.0, 30.0, 79.0, 176.0)
(261.0, 22.0, 79.0, 176.0)
(263.0, 20.0, 79.0, 176.0)
(264.0, 18.0, 79.0, 176.0)
(266.0, 14.0, 79.0, 176.0)
(268.0, 16.0, 79.0, 176.0)
(264.0, 14.0, 79.0, 176.0)
(264.0, 12.0, 79.0, 176.0)
(264.0, 10.0, 79.0, 176.0)
(261.0, 10.0, 79.0, 176.0)
(266.0, 18.0, 79.0, 176.0)
(265.0, 12.0, 79.0, 176.0)
(267.0, 18.0, 79.0, 176.0)
(263.0, 14.0, 79.0, 176.0)
(261.0, 14.0, 79.0, 176.0)
(261.0, 12.0, 79.0, 176.0)
(258.0, 10.0, 79.0, 176.0)
(260.0, 32.0, 79.0, 176.0)
(261.0, 34.0, 79.0, 176.0)
(262.0, 36.0, 79.0, 176.0)
(263.0, 38.0, 79.0, 176.0)
(255.0, 32.0, 79.0, 176.0)
(253.0, 30.0, 79.0, 176.0)
(250.0, 36.0, 79.0, 176.0)
(250.0, 36.0, 79.0, 176.0)
(245.0, 48.0, 79.0, 176.0)
(243.0, 50.0, 79.0, 176.0)
(238.0, 48.0, 79.0, 176.0)
(235.0, 50.0, 79.0, 176.0)
(228.0, 48.0, 79.0, 176.0)
(225.0, 46.0, 79.0, 176.0)
(219.0, 54.0, 79.0, 176.0)
(217.0, 54.0, 79.0, 176.0)
(215.0, 56.0, 79.0, 176.0)
(222.0, 56.0, 79.0, 176.0)
(222.0, 54.0, 79.0, 176.0)
(222.0, 54.0, 79.0, 176.0)
(213.0, 50.0, 79.0, 176.0)
(212.0, 48.0, 79.0, 176.0)
(211.0, 40.0, 79.0, 176.0)
(231.0, 50.0, 79.0, 176.0)
(235.0, 48.0, 79.0, 176.0)
(235.0, 46.0, 79.0, 176.0)
(237.0, 42.0, 79.0, 176.0)
(238.0, 38.0, 79.0, 176.0)
(239.0, 34.0, 79.0, 176.0)
(239.0, 34.0, 79.0, 176.0)
(238.0, 40.0, 79.0, 176.0)
(237.0, 40.0, 79.0, 176.0)
(236.0, 42.0, 79.0, 176.0)
(234.0, 40.0, 79.0, 176.0)
(227.0, 38.0, 79.0, 176.0)
(225.0, 36.0, 79.0, 176.0)
(218.0, 32.0, 79.0, 176.0)
(213.0, 28.0, 79.0, 176.0)
(208.0, 26.0, 79.0, 176.0)
(205.0, 26.0, 79.0, 176.0)
(198.0, 26.0, 79.0, 176.0)
(195.0, 28.0, 79.0, 176.0)
(204.0, 50.0, 79.0, 176.0)
(201.0, 50.0, 79.0, 176.0)
(197.0, 50.0, 79.0, 176.0)
(195.0, 50.0, 79.0, 176.0)
(187.0, 36.0, 79.0, 176.0)
(185.0, 38.0, 79.0, 176.0)
(182.0, 40.0, 79.0, 176.0)
(185.0, 40.0, 79.0, 176.0)
(182.0, 38.0, 79.0, 176.0)
(180.0, 40.0, 79.0, 176.0)
(177.0, 42.0, 79.0, 176.0)
(176.0, 42.0, 79.0, 176.0)
(174.0, 42.0, 79.0, 176.0)
(172.0, 40.0, 79.0, 176.0)
(172.0, 38.0, 79.0, 176.0)
(167.0, 36.0, 79.0, 176.0)
(169.0, 38.0, 79.0, 176.0)
(172.0, 36.0, 79.0, 176.0)
(179.0, 38.0, 79.0, 176.0)
(183.0, 38.0, 79.0, 176.0)
(188.0, 38.0, 79.0, 176.0)
(193.0, 38.0, 79.0, 176.0)
(205.0, 44.0, 79.0, 176.0)
(213.0, 46.0, 79.0, 176.0)
(220.0, 44.0, 79.0, 176.0)
(226.0, 46.0, 79.0, 176.0)
(240.0, 50.0, 79.0, 176.0)
(246.0, 52.0, 79.0, 176.0)
(248.0, 56.0, 79.0, 176.0)
(249.0, 58.0, 79.0, 176.0)
(247.0, 64.0, 79.0, 176.0)
(246.0, 66.0, 79.0, 176.0)
(248.0, 72.0, 79.0, 176.0)
(245.0, 73.0, 79.0, 176.0)
(240.0, 84.0, 79.0, 176.0)
(234.0, 81.0, 79.0, 176.0)
(232.0, 88.0, 79.0, 176.0)
(230.0, 87.0, 79.0, 176.0)
(225.0, 84.0, 79.0, 176.0)
(220.0, 95.0, 79.0, 176.0)
(217.0, 94.0, 79.0, 176.0)
(208.0, 95.0, 79.0, 176.0)
(204.0, 92.0, 79.0, 176.0)
(198.0, 89.0, 79.0, 176.0)
(198.0, 78.0, 79.0, 176.0)
(191.0, 67.0, 79.0, 176.0)
(195.0, 62.0, 79.0, 176.0)
(194.0, 86.0, 79.0, 176.0)
(187.0, 87.0, 79.0, 176.0)
(187.0, 64.0, 79.0, 176.0)
(181.0, 58.0, 79.0, 176.0)
(175.0, 60.0, 79.0, 176.0)
(178.0, 38.0, 79.0, 176.0)
(176.0, 42.0, 79.0, 176.0)
(171.0, 34.0, 79.0, 176.0)
(184.0, 42.0, 79.0, 176.0)
(182.0, 38.0, 79.0, 176.0)
(187.0, 48.0, 79.0, 176.0)
(188.0, 56.0, 79.0, 176.0)
(177.0, 64.0, 79.0, 176.0)
(176.0, 64.0, 79.0, 176.0)
(172.0, 70.0, 79.0, 176.0)
(167.0, 68.0, 79.0, 176.0)
(170.0, 64.0, 79.0, 176.0)
(166.0, 72.0, 79.0, 176.0)
(164.0, 73.0, 79.0, 176.0)
(169.0, 64.0, 79.0, 176.0)
(176.0, 80.0, 79.0, 176.0)
(175.0, 75.0, 79.0, 176.0)
(176.0, 78.0, 79.0, 176.0)
(176.0, 79.0, 79.0, 176.0)
(173.0, 84.0, 79.0, 176.0)
(170.0, 85.0, 79.0, 176.0)
(170.0, 86.0, 79.0, 176.0)
(166.0, 85.0, 79.0, 176.0)
(162.0, 86.0, 79.0, 176.0)
(160.0, 85.0, 79.0, 176.0)
(158.0, 84.0, 79.0, 176.0)
(160.0, 75.0, 79.0, 176.0)
(165.0, 70.0, 79.0, 176.0)
(169.0, 70.0, 79.0, 176.0)
(175.0, 70.0, 79.0, 176.0)
(179.0, 70.0, 79.0, 176.0)
(189.0, 64.0, 79.0, 176.0)
(194.0, 58.0, 79.0, 176.0)
(204.0, 26.0, 79.0, 176.0)
(205.0, 22.0, 79.0, 176.0)
(206.0, 14.0, 79.0, 176.0)
(202.0, 14.0, 79.0, 176.0)
(200.0, 10.0, 79.0, 176.0)
(209.0, 38.0, 79.0, 176.0)
(208.0, 42.0, 79.0, 176.0)
(208.0, 42.0, 79.0, 176.0)
(207.0, 38.0, 79.0, 176.0)
(208.0, 36.0, 79.0, 176.0)
(209.0, 40.0, 79.0, 176.0)
(205.0, 30.0, 79.0, 176.0)
(205.0, 30.0, 79.0, 176.0)
(205.0, 32.0, 79.0, 176.0)
(204.0, 34.0, 79.0, 176.0)
(203.0, 34.0, 79.0, 176.0)
(197.0, 12.0, 79.0, 176.0)
(199.0, 16.0, 79.0, 176.0)
(196.0, 10.0, 79.0, 176.0)
(195.0, 8.0, 79.0, 176.0)
(200.0, 18.0, 79.0, 176.0)
(200.0, 16.0, 79.0, 176.0)
(205.0, 32.0, 79.0, 176.0)
(205.0, 32.0, 79.0, 176.0)
(204.0, 26.0, 79.0, 176.0)
(203.0, 24.0, 79.0, 176.0)
(202.0, 24.0, 79.0, 176.0)
(202.0, 24.0, 79.0, 176.0)
(199.0, 26.0, 79.0, 176.0)
(198.0, 28.0, 79.0, 176.0)
(196.0, 30.0, 79.0, 176.0)
(194.0, 34.0, 79.0, 176.0)
(192.0, 40.0, 79.0, 176.0)
(198.0, 34.0, 79.0, 176.0)
(197.0, 40.0, 79.0, 176.0)
(197.0, 40.0, 79.0, 176.0)
(198.0, 36.0, 79.0, 176.0)
(190.0, 44.0, 79.0, 176.0)
(189.0, 46.0, 79.0, 176.0)
(191.0, 46.0, 79.0, 176.0)
(190.0, 42.0, 79.0, 176.0)
(190.0, 40.0, 79.0, 176.0)
(192.0, 44.0, 79.0, 176.0)
(192.0, 44.0, 79.0, 176.0)
(193.0, 46.0, 79.0, 176.0)
(192.0, 46.0, 79.0, 176.0)
(192.0, 44.0, 79.0, 176.0)
(193.0, 46.0, 79.0, 176.0)
(194.0, 48.0, 79.0, 176.0)
(195.0, 48.0, 79.0, 176.0)
(198.0, 50.0, 79.0, 176.0)
(199.0, 52.0, 79.0, 176.0)
(199.0, 52.0, 79.0, 176.0)
(198.0, 50.0, 79.0, 176.0)
(198.0, 52.0, 79.0, 176.0)
(198.0, 54.0, 79.0, 176.0)
(197.0, 54.0, 79.0, 176.0)
(196.0, 54.0, 79.0, 176.0)
(194.0, 56.0, 79.0, 176.0)
(193.0, 56.0, 79.0, 176.0)
(192.0, 56.0, 79.0, 176.0)
(191.0, 54.0, 79.0, 176.0)
(190.0, 56.0, 79.0, 176.0)
(189.0, 54.0, 79.0, 176.0)
(188.0, 54.0, 79.0, 176.0)
(190.0, 60.0, 79.0, 176.0)
