(244, 49, 79, 176)
(243.43143526225967, 48.22509843409112, 79.23121516884005, 176.51511227488416)
(241.781036347958, 46.089896656579256, 80.27566534119335, 178.8419886082282)
(239.0594451319827, 45.29259956955781, 80.26401378876899, 178.81603071928282)
(235.9179052610883, 44.57595944900707, 80.50052370633904, 179.3429388900718)
(232.5077762969751, 44.29045431830424, 80.50205604862792, 179.34635271593058)
(225.69103503311572, 44.24134759245821, 80.7813973409951, 179.96868268373592)
(223.239243210986, 45.39725017909399, 80.6514116493171, 179.67909430733937)
(220.81700362153902, 46.749184482245724, 80.40464326961725, 179.12933184117261)
(218.79897236662322, 47.49884216334617, 80.56842184390202, 179.49420562692094)
(215.79154504702922, 48.775306635327084, 80.76467296746499, 179.931423319922)
(213.8691411526311, 48.68856984602034, 81.02984513614406, 180.5221866324222)
(211.27295776325562, 48.42966590209166, 81.11273010337156, 180.70684174928348)
(207.35843985221945, 46.71106648820117, 81.9865352125533, 182.6535468026504)
(201.13091056039542, 44.7943118159715, 83.0206343235451, 184.95736254359412)
(196.98755298807706, 43.38430314989402, 84.43631675333806, 188.11128795680375)
(193.64896259955455, 41.44375022206286, 85.6370876182737, 190.78642304830592)
(190.05897887783053, 38.248424495030704, 88.10001404609677, 196.27344901408898)
(186.30695178592654, 33.05537446607312, 93.2230562670141, 207.6868088986643)
(184.00004719373698, 29.693286359457517, 96.34170248752608, 214.63467895955176)
(184.01242725649215, 28.74956749579293, 97.4048024694376, 217.00310423570906)
(182.40680983971868, 24.989099430986542, 101.14255707837512, 225.3302537442281)
(182.7130510684588, 16.2680119833187, 109.56631424491829, 244.09710515323565)
(183.63573762438176, 13.923009991698635, 111.24485165553337, 247.83663153637812)
(186.37647679189985, 13.950288543503206, 111.38956350604403, 248.15902755776898)
(190.3749851195273, 18.58772514220186, 107.45947189961728, 239.40338043459042)
(197.97161812073062, 17.52481528042094, 108.9072428845153, 242.6287942743632)
(200.05181468224868, 18.239909247828493, 108.9996268610886, 242.83461174115942)
(202.46346695099498, 20.214167493539478, 108.23625884703347, 241.13394376047964)
(201.86256751101763, 17.309209074143197, 111.99741441644133, 249.51322705435032)
(201.37327963758156, 18.756489236918398, 111.01258073948529, 247.31916721708117)
(200.91384981080677, 18.16933944970272, 111.39597896725364, 248.1733202308436)
(199.9485126574438, 16.19488501318628, 112.62954023687016, 250.9215073631538)
(198.6406400200013, 12.783309996060126, 115.0940709121458, 256.412107348578)
(195.35241652306996, 2.1959005238092573, 122.69207857495381, 273.339314293568)
(195.1930992111224, -3.849784369182288, 127.10440216369275, 283.1693010229105)
(196.21691476428518, -7.0011225664885615, 128.96616436791402, 287.31702441459333)
(203.25555173572812, -7.5317151713753105, 127.84917179709846, 284.82853463657386)
(201.27778068269487, -29.211727327561817, 144.7003285271884, 322.3703521618375)
(216.48696668296049, -30.347570268737883, 143.7027939290009, 320.14799660131854)
(224.48485500590456, -33.351301485494304, 144.68519721475337, 322.3366418961595)
(226.5434262824752, -35.524394308973996, 145.2262730454012, 323.5420766581091)
(235.19600264782844, -39.172794965537804, 145.58367219457747, 324.33830767399553)
(242.00850792247357, -44.8314240155818, 148.17545852028724, 330.1124139186148)
(243.18675456228985, -47.57441267260134, 149.71148233049843, 333.5344416476929)
(246.0449744861404, -48.76209771659555, 149.7489487327973, 333.6179111009157)
(255.37952886347006, -52.65657038715963, 150.3850462769661, 335.03503980691204)
(256.3120778297922, -54.75643025468776, 150.4865010786968, 335.26106569431204)
(260.05038924384803, -56.112328511138344, 149.81114778183513, 333.75648113421516)
(262.5137960091614, -57.64968350709816, 149.87285964183343, 333.8939657843379)
(267.9408777115015, -59.63995924418603, 148.30031244809075, 330.3905695046074)
(271.64394030085225, -58.64767101500874, 145.64858180063925, 324.48291641661416)
(273.3460481822421, -58.220960676233005, 143.70109211207833, 320.14420521171894)
(276.2563007011188, -54.87640140074927, 140.21576163487182, 312.37941832579054)
(278.14003212580246, -50.680961193171754, 134.21935591441073, 299.02033722704175)
(273.3726992891782, -51.51557543001937, 134.1068047907843, 298.76959041997526)
(272.0584475199284, -50.22945290177347, 132.42625681561196, 295.02558480440143)
(272.6038822699299, -48.621198133963304, 130.75338658318708, 291.29868403342954)
(264.3606204044605, -41.30857975131585, 124.16984195475082, 276.631546633369)
(264.69249437371525, -38.742871567537065, 122.30959133069445, 272.48719081268644)
(264.63390081698014, -36.783360430324194, 121.08278430353965, 269.75405110662007)
(265.8750524228938, -33.193633023849486, 118.3855152713999, 263.7449454147644)
(266.95039147165585, -31.506995067719544, 116.81714308207896, 260.25085041070764)
(268.086384708655, -28.805802199469753, 114.49043859050254, 255.06730622694243)
(268.3285671996099, -27.41161741592221, 113.30294860859266, 252.42175892547235)
(269.64115666397186, -25.213245255986394, 111.15942861541564, 247.6463219786476)
(273.03898502365746, -18.911909866461798, 105.91559074370065, 235.96384773280153)
(273.93333323235544, -16.693750011694476, 104.16244730482035, 232.0581104512454)
(268.89555556164896, -13.342072123809515, 102.02172457006148, 227.28890537127626)
(263.25924138024817, -13.364135827195128, 102.52155630200362, 228.40245454623596)
(0.0, 0.0, 0.0, 0.0)
(0.0, 0.0, 0.0, 0.0)
(0.0, 0.0, 0.0, 0.0)
(207.41784864444517, -16.164710943067533, 105.48958957634404, 235.01478184096905)
(205.46471663812324, -23.280529944716093, 111.86738068859727, 249.22353166067242)
(203.3978576555848, -24.809028431433703, 112.81015016734601, 251.3238788538342)
(202.2257639620223, -27.3629741389298, 114.53202310134597, 255.15995020046702)
(199.89793500413734, -32.41419849272495, 117.74340611477218, 262.3144237493659)
(197.2004214155727, -41.21738437240967, 121.4819696688546, 270.64337546479004)
(195.61139459123285, -46.196975849226504, 123.1768690206593, 274.4193537675448)
(194.99025062007303, -49.2979572149097, 122.5858439746977, 273.1026397410987)
(192.17265295053838, -54.57545253552766, 124.34957935282948, 277.03197425440493)
(186.47861611059548, -63.07736748618183, 125.34272505419965, 279.2445520194828)
(183.59168826941493, -66.19039672046318, 125.79645134202951, 280.25538526831895)
(180.6367716677778, -67.54437975409218, 125.19517614686629, 278.9158354664363)
(177.6360395624007, -67.809449903846, 124.33940158808926, 277.00929974055333)
(170.94743821409804, -67.10336147730445, 123.17406278078829, 274.41310189137647)
(167.7664870005113, -66.90925738592429, 123.4022676981962, 274.9215077833232)
(165.9814928739047, -65.44090860792281, 122.52735543871403, 272.97233616726163)
(163.9640672232884, -64.48001066666706, 122.11671113447791, 272.05748303377356)
(162.9469696463727, -61.4012640539118, 120.59165641037958, 268.6598927623646)
(162.83049362805207, -60.95468440443369, 120.70446074194274, 268.91120367825215)
(163.17925292837236, -59.74214614098838, 119.75871216083343, 266.80421949755294)
(162.8901791820899, -60.34985623682138, 121.01343436042957, 269.59954996753925)
(163.21498219010874, -62.7044648395528, 123.55222861294655, 275.2555979225138)
(162.86379396075662, -65.42596915462101, 125.79443051110393, 280.25088316397836)
(162.94239794859368, -66.59458788912036, 126.5401156018361, 281.9121562775083)
(162.3766945901719, -67.7856744988502, 127.61974924739057, 284.31741604481954)
(162.1923930490107, -69.87493028349019, 128.910471470338, 287.1929490984745)
(161.29521221442315, -71.82731536721133, 130.67205726060683, 291.1174946565418)
(159.84353958436992, -73.18879202058926, 132.29708220821328, 294.7378034005764)
(158.2666097248196, -75.07515231181108, 134.14314163434517, 298.8505433879082)
(154.31156924135126, -77.41915165196886, 136.55999750362557, 304.2349311473177)
(147.38905305043522, -79.3087409300748, 139.55352842061396, 310.90406331681083)
(144.55680338198107, -82.17402094852415, 142.28605143916286, 316.99170953535014)
(139.34935118720898, -83.54360258264748, 145.15188356308204, 323.37634819117005)
(130.2335358554778, -78.91380880231122, 145.70701581345844, 324.61309852112254)
(126.40228551513451, -77.84261500596196, 147.56836903320755, 328.7599107575256)
(123.07884418596404, -76.08528957364354, 149.06373191615785, 332.0913521170098)
(119.7829756696116, -73.66977263666399, 150.58160115101117, 335.4729342098476)
(115.55850604297271, -68.30285681948968, 153.32875817772646, 341.5931827756943)
(114.0261620421099, -66.61934734504408, 155.25477430445207, 345.8840541466273)
(113.17675899537463, -64.55406063924826, 156.49270393307887, 348.6419733192642)
(112.74515647725839, -62.03108572438819, 157.28425369587384, 350.40542595536436)
(112.0566296864776, -59.41681927567768, 159.04752248739635, 354.3337209845791)
(110.75760834284053, -59.43633713052401, 160.68984618052988, 357.9925687059905)
(110.02235838990303, -59.01332718588159, 161.752905900858, 360.36090428545566)
(108.0341073188469, -60.17791860687299, 163.71417977148587, 364.7303245541963)
(106.0131911001171, -61.46247420037403, 165.85137964058612, 369.4916812245968)
(105.76465089990647, -61.996019137456955, 166.325419269523, 370.54776951184857)
(104.7457625096429, -63.71881641822469, 167.736944829347, 373.6924340501907)
(104.25508736667, -63.91275253023454, 168.3471708477147, 375.05192492655414)
(101.81793771763789, -65.6834810995972, 170.53229167898203, 379.92004222152946)
(100.99775666217265, -66.38966391738384, 171.15632688561564, 381.3102978717512)
(100.41009796572857, -67.46862860624904, 172.12174437616005, 383.4611013949894)
(100.40628851682368, -67.47227844362587, 172.12936327396983, 383.47807514200866)
(99.5810629369367, -69.98234400315042, 174.37570066421253, 388.48257363166323)
(99.5260782270716, -71.18872223848626, 175.4463024081615, 390.8677116941318)
(99.67648441892834, -72.78383721377935, 176.6427052954441, 393.5331155949133)
(99.34256743609363, -73.50910864177831, 177.28871919275414, 394.97233642942683)
(100.65957884241153, -75.23975932361378, 179.0236538996496, 398.837507422004)
(100.52398931145655, -75.55315557623234, 179.4441859889033, 399.77438903856927)
(101.47582872427958, -76.75596282536557, 180.752116049976, 402.68825854171854)
(102.93445738717433, -77.70729924476154, 181.50540620953805, 404.3664745934011)
(108.23287626146677, -76.87858445106988, 182.07299717189068, 405.63098104117404)
(112.40742166504775, -73.3158348381103, 179.64156993894747, 400.2141304968955)
(115.58306874757285, -72.36678519658284, 179.74999257077226, 400.4556796513406)
(119.11366525966135, -69.78447524173791, 178.21821849190778, 397.04311967817415)
(127.34650704286969, -66.40067756239418, 176.64514356806922, 393.53854769595154)
(131.03764773975814, -65.09930242271145, 176.19062706687043, 392.52595397176185)
(135.06231689376997, -63.924563056115716, 175.73700714263583, 391.51535768485945)
(137.50891090258287, -64.37006303578968, 176.53879593165067, 393.3016213160824)
(142.68897688565738, -65.53670783456067, 178.6568744147204, 398.02037844292124)
(144.9216753094533, -67.22408155229465, 180.14559438841766, 401.3370204096392)
(147.65862964179624, -68.1274632117132, 180.89023735947393, 402.99597183882787)
(150.0405645457103, -68.46958042241576, 181.20887182410675, 403.705841025858)
(152.57181092021784, -70.95466791469906, 183.58509977821663, 408.99971596159645)
(152.55228392431763, -71.11296243439563, 183.72597566943116, 409.31356604835287)
(151.94310792667153, -71.86686253065835, 184.90050442253585, 411.93023770083926)
(151.26312944924615, -72.16915898447573, 185.96299128461317, 414.2972970391381)
(147.6582717733189, -74.6983001650355, 188.66883090404582, 420.3254966976209)
(144.58660107349357, -77.58808673960738, 191.29941595604018, 426.1860406109248)
(142.48235882176402, -77.71147000221174, 192.0762903520774, 427.91679875905834)
(138.83317560686524, -77.97749469097164, 193.19634257289061, 430.41210497251564)
(131.18037560333892, -78.51371430357108, 195.47673506041204, 435.4924730459811)
(125.65939355936915, -79.10378649022005, 196.80266521280467, 438.44644401840014)
(119.57426877485068, -79.0959957178788, 197.92594822910723, 440.94894795345397)
(112.61945756539501, -79.49578687893126, 199.3332055357139, 444.08410347197)
(96.16060131888632, -79.93578140081934, 201.91957342423908, 449.8461382615958)
(89.93108634361991, -84.13826719116946, 206.7310203669594, 460.5653111972765)
(79.83028195077488, -85.82990555581176, 208.6697202171026, 464.88443997734237)
(67.94188160454136, -90.79619051939034, 213.35107718398368, 475.31379220735596)
(44.97362638379596, -95.53386705292405, 217.60567234227136, 484.7923839524019)
(32.76137228940932, -96.74730594012783, 219.3572984509665, 488.694740852786)
(20.59276707872783, -99.58271559251932, 222.22832997828652, 495.09096298960026)
(4.470606133643898, -104.03295047872265, 226.83692303239482, 505.35820827470224)
(-23.02025584690054, -106.91782137260668, 230.2148643396751, 512.883748402314)
(-36.123127947598036, -109.5509719560855, 232.3845977988826, 517.7175849696623)
(-48.89271345547668, -110.44725152358245, 233.2648103795813, 519.6785648962822)
(-67.84934734272842, -122.08098992005517, 243.50864456033477, 542.5002714255558)
(-97.34111431979449, -125.06970868631532, 246.2051454334122, 548.507665775703)
(-111.15954817937723, -125.09794558953331, 247.0784633478902, 550.4532854332742)
(-123.70432103162864, -124.80764888943884, 247.91526247036177, 552.3175467694134)
(-137.37277907663488, -125.59091583321452, 250.09246481525707, 557.16802287956)
(-161.9579091504418, -128.14897941272432, 255.36860570017558, 568.9224633320366)
(-172.6454962728428, -130.1038348232005, 257.5159395213936, 573.7063969084211)
(-181.89016332606545, -128.47384043080547, 257.5159395213936, 573.7063969084211)
(-191.96289904266374, -129.42953795654364, 259.8414436846927, 578.8872669431128)
(-200.85872818639564, -129.34332339578543, 260.9765963874397, 581.4162147365744)
(-215.152032629755, -126.11473147684012, 260.9765963874397, 581.4162147365744)
(-223.16512655695698, -125.99266869830097, 262.1319975749735, 583.9902730784219)
(-229.05132650812885, -124.2711530427834, 262.1319975749735, 583.9902730784219)
(-234.49950289210102, -122.95855386065449, 262.1319975749735, 583.9902730784219)
(-242.54946112116596, -119.07233865069355, 262.1319975749735, 583.9902730784219)
(-244.55130869176753, -119.54135873369404, 264.10721075588003, 588.3907480130996)
(-246.67463928487666, -118.72017648271748, 264.10721075588003, 588.3907480130996)
(-247.42317641565765, -119.53962981147134, 265.64755894322326, 591.8224097975605)
(-245.3433009464499, -119.11757933539712, 265.64755894322326, 591.8224097975605)
(-244.80113232920135, -118.61592184943521, 265.64755894322326, 591.8224097975605)
(-244.75688708612884, -118.58017622870767, 265.64755894322326, 591.8224097975605)
(-245.27405703852142, -119.1867855731901, 265.64755894322326, 591.8224097975605)
(-249.73977101633514, -119.63430678290689, 265.64755894322326, 591.8224097975605)
(0.0, 0.0, 0.0, 0.0)
(0.0, 0.0, 0.0, 0.0)
(0.0, 0.0, 0.0, 0.0)
(0.0, 0.0, 0.0, 0.0)
(0.0, 0.0, 0.0, 0.0)
(0.0, 0.0, 0.0, 0.0)
(0.0, 0.0, 0.0, 0.0)
(0.0, 0.0, 0.0, 0.0)
(0.0, 0.0, 0.0, 0.0)
(0.0, 0.0, 0.0, 0.0)
(0.0, 0.0, 0.0, 0.0)
(0.0, 0.0, 0.0, 0.0)
(0.0, 0.0, 0.0, 0.0)
(0.0, 0.0, 0.0, 0.0)
(0.0, 0.0, 0.0, 0.0)
(0.0, 0.0, 0.0, 0.0)
(0.0, 0.0, 0.0, 0.0)
(0.0, 0.0, 0.0, 0.0)
(0.0, 0.0, 0.0, 0.0)
(0.0, 0.0, 0.0, 0.0)
(0.0, 0.0, 0.0, 0.0)
(0.0, 0.0, 0.0, 0.0)
(0.0, 0.0, 0.0, 0.0)
(0.0, 0.0, 0.0, 0.0)
(0.0, 0.0, 0.0, 0.0)
(0.0, 0.0, 0.0, 0.0)
(0.0, 0.0, 0.0, 0.0)
(0.0, 0.0, 0.0, 0.0)
(0.0, 0.0, 0.0, 0.0)
(0.0, 0.0, 0.0, 0.0)
(0.0, 0.0, 0.0, 0.0)
(0.0, 0.0, 0.0, 0.0)
(0.0, 0.0, 0.0, 0.0)
(0.0, 0.0, 0.0, 0.0)
(0.0, 0.0, 0.0, 0.0)
(0.0, 0.0, 0.0, 0.0)
(0.0, 0.0, 0.0, 0.0)
(0.0, 0.0, 0.0, 0.0)
(0.0, 0.0, 0.0, 0.0)
(0.0, 0.0, 0.0, 0.0)
(0.0, 0.0, 0.0, 0.0)
(0.0, 0.0, 0.0, 0.0)
(0.0, 0.0, 0.0, 0.0)
(0.0, 0.0, 0.0, 0.0)
(0.0, 0.0, 0.0, 0.0)
(0.0, 0.0, 0.0, 0.0)
(0.0, 0.0, 0.0, 0.0)
(0.0, 0.0, 0.0, 0.0)
(0.0, 0.0, 0.0, 0.0)
(0.0, 0.0, 0.0, 0.0)
(0.0, 0.0, 0.0, 0.0)
(0.0, 0.0, 0.0, 0.0)
(0.0, 0.0, 0.0, 0.0)
(0.0, 0.0, 0.0, 0.0)
(0.0, 0.0, 0.0, 0.0)
(0.0, 0.0, 0.0, 0.0)
(0.0, 0.0, 0.0, 0.0)
(0.0, 0.0, 0.0, 0.0)
(0.0, 0.0, 0.0, 0.0)
(0.0, 0.0, 0.0, 0.0)
(0.0, 0.0, 0.0, 0.0)
(0.0, 0.0, 0.0, 0.0)
(0.0, 0.0, 0.0, 0.0)
(0.0, 0.0, 0.0, 0.0)
(0.0, 0.0, 0.0, 0.0)
(0.0, 0.0, 0.0, 0.0)
(0.0, 0.0, 0.0, 0.0)
(0.0, 0.0, 0.0, 0.0)
(0.0, 0.0, 0.0, 0.0)
(0.0, 0.0, 0.0, 0.0)
(0.0, 0.0, 0.0, 0.0)
(0.0, 0.0, 0.0, 0.0)
(0.0, 0.0, 0.0, 0.0)
(0.0, 0.0, 0.0, 0.0)
(0.0, 0.0, 0.0, 0.0)
(0.0, 0.0, 0.0, 0.0)
(0.0, 0.0, 0.0, 0.0)
(0.0, 0.0, 0.0, 0.0)
(0.0, 0.0, 0.0, 0.0)
(0.0, 0.0, 0.0, 0.0)
(0.0, 0.0, 0.0, 0.0)
(0.0, 0.0, 0.0, 0.0)
(0.0, 0.0, 0.0, 0.0)
(0.0, 0.0, 0.0, 0.0)
(0.0, 0.0, 0.0, 0.0)
(0.0, 0.0, 0.0, 0.0)
(0.0, 0.0, 0.0, 0.0)
(0.0, 0.0, 0.0, 0.0)
(0.0, 0.0, 0.0, 0.0)
(0.0, 0.0, 0.0, 0.0)
(0.0, 0.0, 0.0, 0.0)
(0.0, 0.0, 0.0, 0.0)
(0.0, 0.0, 0.0, 0.0)
(0.0, 0.0, 0.0, 0.0)
(0.0, 0.0, 0.0, 0.0)
(0.0, 0.0, 0.0, 0.0)
(0.0, 0.0, 0.0, 0.0)
(0.0, 0.0, 0.0, 0.0)
(0.0, 0.0, 0.0, 0.0)
(0.0, 0.0, 0.0, 0.0)
(0.0, 0.0, 0.0, 0.0)
(0.0, 0.0, 0.0, 0.0)
(0.0, 0.0, 0.0, 0.0)
(0.0, 0.0, 0.0, 0.0)
(0.0, 0.0, 0.0, 0.0)
(0.0, 0.0, 0.0, 0.0)
(0.0, 0.0, 0.0, 0.0)
(0.0, 0.0, 0.0, 0.0)
(0.0, 0.0, 0.0, 0.0)
(0.0, 0.0, 0.0, 0.0)
(0.0, 0.0, 0.0, 0.0)
(0.0, 0.0, 0.0, 0.0)
(0.0, 0.0, 0.0, 0.0)
(0.0, 0.0, 0.0, 0.0)
(0.0, 0.0, 0.0, 0.0)
(0.0, 0.0, 0.0, 0.0)
(0.0, 0.0, 0.0, 0.0)
(0.0, 0.0, 0.0, 0.0)
(0.0, 0.0, 0.0, 0.0)
(0.0, 0.0, 0.0, 0.0)
(0.0, 0.0, 0.0, 0.0)
(0.0, 0.0, 0.0, 0.0)
(0.0, 0.0, 0.0, 0.0)
(0.0, 0.0, 0.0, 0.0)
(0.0, 0.0, 0.0, 0.0)
(0.0, 0.0, 0.0, 0.0)
(0.0, 0.0, 0.0, 0.0)
(0.0, 0.0, 0.0, 0.0)
(0.0, 0.0, 0.0, 0.0)
(0.0, 0.0, 0.0, 0.0)
(0.0, 0.0, 0.0, 0.0)
(0.0, 0.0, 0.0, 0.0)
(0.0, 0.0, 0.0, 0.0)
(0.0, 0.0, 0.0, 0.0)
(0.0, 0.0, 0.0, 0.0)
(0.0, 0.0, 0.0, 0.0)
(0.0, 0.0, 0.0, 0.0)
(0.0, 0.0, 0.0, 0.0)
(0.0, 0.0, 0.0, 0.0)
(0.0, 0.0, 0.0, 0.0)
(0.0, 0.0, 0.0, 0.0)
(0.0, 0.0, 0.0, 0.0)
(0.0, 0.0, 0.0, 0.0)
(0.0, 0.0, 0.0, 0.0)
(0.0, 0.0, 0.0, 0.0)
(0.0, 0.0, 0.0, 0.0)
(0.0, 0.0, 0.0, 0.0)
(0.0, 0.0, 0.0, 0.0)
(0.0, 0.0, 0.0, 0.0)
(0.0, 0.0, 0.0, 0.0)
(0.0, 0.0, 0.0, 0.0)
(0.0, 0.0, 0.0, 0.0)
(0.0, 0.0, 0.0, 0.0)
(0.0, 0.0, 0.0, 0.0)
(0.0, 0.0, 0.0, 0.0)
(0.0, 0.0, 0.0, 0.0)
(0.0, 0.0, 0.0, 0.0)
(0.0, 0.0, 0.0, 0.0)
(0.0, 0.0, 0.0, 0.0)
(0.0, 0.0, 0.0, 0.0)
(0.0, 0.0, 0.0, 0.0)
(0.0, 0.0, 0.0, 0.0)
(0.0, 0.0, 0.0, 0.0)
(0.0, 0.0, 0.0, 0.0)
(0.0, 0.0, 0.0, 0.0)
(0.0, 0.0, 0.0, 0.0)
(0.0, 0.0, 0.0, 0.0)
(0.0, 0.0, 0.0, 0.0)
(0.0, 0.0, 0.0, 0.0)
(0.0, 0.0, 0.0, 0.0)
(0.0, 0.0, 0.0, 0.0)
(0.0, 0.0, 0.0, 0.0)
(0.0, 0.0, 0.0, 0.0)
(0.0, 0.0, 0.0, 0.0)
(0.0, 0.0, 0.0, 0.0)
(0.0, 0.0, 0.0, 0.0)
(0.0, 0.0, 0.0, 0.0)
(0.0, 0.0, 0.0, 0.0)
(0.0, 0.0, 0.0, 0.0)
(0.0, 0.0, 0.0, 0.0)
(0.0, 0.0, 0.0, 0.0)
(0.0, 0.0, 0.0, 0.0)
(0.0, 0.0, 0.0, 0.0)
(0.0, 0.0, 0.0, 0.0)
(0.0, 0.0, 0.0, 0.0)
(0.0, 0.0, 0.0, 0.0)
(0.0, 0.0, 0.0, 0.0)
(0.0, 0.0, 0.0, 0.0)
(0.0, 0.0, 0.0, 0.0)
(0.0, 0.0, 0.0, 0.0)
(0.0, 0.0, 0.0, 0.0)
(0.0, 0.0, 0.0, 0.0)
(0.0, 0.0, 0.0, 0.0)
(0.0, 0.0, 0.0, 0.0)
(0.0, 0.0, 0.0, 0.0)
(0.0, 0.0, 0.0, 0.0)
(0.0, 0.0, 0.0, 0.0)
(0.0, 0.0, 0.0, 0.0)
(0.0, 0.0, 0.0, 0.0)
(0.0, 0.0, 0.0, 0.0)
(0.0, 0.0, 0.0, 0.0)
(0.0, 0.0, 0.0, 0.0)
(0.0, 0.0, 0.0, 0.0)
(0.0, 0.0, 0.0, 0.0)
(0.0, 0.0, 0.0, 0.0)
(0.0, 0.0, 0.0, 0.0)
(0.0, 0.0, 0.0, 0.0)
(0.0, 0.0, 0.0, 0.0)
(0.0, 0.0, 0.0, 0.0)
(0.0, 0.0, 0.0, 0.0)
(0.0, 0.0, 0.0, 0.0)
(0.0, 0.0, 0.0, 0.0)
(0.0, 0.0, 0.0, 0.0)
(0.0, 0.0, 0.0, 0.0)
(0.0, 0.0, 0.0, 0.0)
(0.0, 0.0, 0.0, 0.0)
(0.0, 0.0, 0.0, 0.0)
(0.0, 0.0, 0.0, 0.0)
(0.0, 0.0, 0.0, 0.0)
(0.0, 0.0, 0.0, 0.0)
(0.0, 0.0, 0.0, 0.0)
(0.0, 0.0, 0.0, 0.0)
(0.0, 0.0, 0.0, 0.0)
(0.0, 0.0, 0.0, 0.0)
(0.0, 0.0, 0.0, 0.0)
(0.0, 0.0, 0.0, 0.0)
(0.0, 0.0, 0.0, 0.0)
(0.0, 0.0, 0.0, 0.0)
(0.0, 0.0, 0.0, 0.0)
(0.0, 0.0, 0.0, 0.0)
(0.0, 0.0, 0.0, 0.0)
(0.0, 0.0, 0.0, 0.0)
(0.0, 0.0, 0.0, 0.0)
(0.0, 0.0, 0.0, 0.0)
(0.0, 0.0, 0.0, 0.0)
(0.0, 0.0, 0.0, 0.0)
(0.0, 0.0, 0.0, 0.0)
(0.0, 0.0, 0.0, 0.0)
(0.0, 0.0, 0.0, 0.0)
(0.0, 0.0, 0.0, 0.0)
(0.0, 0.0, 0.0, 0.0)
(0.0, 0.0, 0.0, 0.0)
(0.0, 0.0, 0.0, 0.0)
(0.0, 0.0, 0.0, 0.0)
(0.0, 0.0, 0.0, 0.0)
(0.0, 0.0, 0.0, 0.0)
(0.0, 0.0, 0.0, 0.0)
(0.0, 0.0, 0.0, 0.0)
(0.0, 0.0, 0.0, 0.0)
(0.0, 0.0, 0.0, 0.0)
(0.0, 0.0, 0.0, 0.0)
(0.0, 0.0, 0.0, 0.0)
(0.0, 0.0, 0.0, 0.0)
(0.0, 0.0, 0.0, 0.0)
(0.0, 0.0, 0.0, 0.0)
(0.0, 0.0, 0.0, 0.0)
(0.0, 0.0, 0.0, 0.0)
(0.0, 0.0, 0.0, 0.0)
(0.0, 0.0, 0.0, 0.0)
(0.0, 0.0, 0.0, 0.0)
(0.0, 0.0, 0.0, 0.0)
(0.0, 0.0, 0.0, 0.0)
(0.0, 0.0, 0.0, 0.0)
(0.0, 0.0, 0.0, 0.0)
(0.0, 0.0, 0.0, 0.0)
(0.0, 0.0, 0.0, 0.0)
(0.0, 0.0, 0.0, 0.0)
(0.0, 0.0, 0.0, 0.0)
(0.0, 0.0, 0.0, 0.0)
(0.0, 0.0, 0.0, 0.0)
(0.0, 0.0, 0.0, 0.0)
(0.0, 0.0, 0.0, 0.0)
(0.0, 0.0, 0.0, 0.0)
(0.0, 0.0, 0.0, 0.0)
(0.0, 0.0, 0.0, 0.0)
(0.0, 0.0, 0.0, 0.0)
(0.0, 0.0, 0.0, 0.0)
(0.0, 0.0, 0.0, 0.0)
(0.0, 0.0, 0.0, 0.0)
(0.0, 0.0, 0.0, 0.0)
(0.0, 0.0, 0.0, 0.0)
(0.0, 0.0, 0.0, 0.0)
(0.0, 0.0, 0.0, 0.0)
(0.0, 0.0, 0.0, 0.0)
(0.0, 0.0, 0.0, 0.0)
(0.0, 0.0, 0.0, 0.0)
(0.0, 0.0, 0.0, 0.0)
(0.0, 0.0, 0.0, 0.0)
(0.0, 0.0, 0.0, 0.0)
(0.0, 0.0, 0.0, 0.0)
(0.0, 0.0, 0.0, 0.0)
(0.0, 0.0, 0.0, 0.0)
(0.0, 0.0, 0.0, 0.0)
(0.0, 0.0, 0.0, 0.0)
(0.0, 0.0, 0.0, 0.0)
(0.0, 0.0, 0.0, 0.0)
(0.0, 0.0, 0.0, 0.0)
(0.0, 0.0, 0.0, 0.0)
(0.0, 0.0, 0.0, 0.0)
(0.0, 0.0, 0.0, 0.0)
(0.0, 0.0, 0.0, 0.0)
(0.0, 0.0, 0.0, 0.0)
(0.0, 0.0, 0.0, 0.0)
(0.0, 0.0, 0.0, 0.0)
(0.0, 0.0, 0.0, 0.0)
(0.0, 0.0, 0.0, 0.0)
(0.0, 0.0, 0.0, 0.0)
(0.0, 0.0, 0.0, 0.0)
