(244, 49, 79, 176)
(242.0, 46.0, 80.0, 180.0)
(242.0, 45.0, 80.0, 180.0)
(241.0, 43.0, 80.0, 180.0)
(239.0, 42.0, 80.0, 180.0)
(236.0, 42.0, 80.0, 180.0)
(231.0, 43.0, 80.0, 180.0)
(228.0, 44.0, 80.0, 180.0)
(226.0, 46.0, 80.0, 180.0)
(224.0, 47.0, 80.0, 180.0)
(220.0, 50.0, 80.0, 180.0)
(218.0, 51.0, 80.0, 180.0)
(215.0, 51.0, 80.0, 180.0)
(211.0, 50.0, 80.0, 180.0)
(203.0, 48.0, 80.0, 180.0)
(200.0, 47.0, 80.0, 180.0)
(197.0, 46.0, 80.0, 180.0)
(195.0, 45.0, 80.0, 180.0)
(190.0, 42.0, 80.0, 180.0)
(188.0, 42.0, 80.0, 180.0)
(187.0, 41.0, 80.0, 180.0)
(186.0, 40.0, 80.0, 180.0)
(184.0, 36.0, 80.0, 180.0)
(183.0, 35.0, 80.0, 180.0)
(182.0, 34.0, 80.0, 180.0)
(182.0, 34.0, 80.0, 180.0)
(183.0, 35.0, 80.0, 180.0)
(182.0, 38.0, 80.0, 180.0)
(181.0, 42.0, 80.0, 180.0)
(180.0, 46.0, 80.0, 180.0)
(177.0, 54.0, 80.0, 180.0)
(175.0, 58.0, 80.0, 180.0)
(173.0, 61.0, 80.0, 180.0)
(172.0, 63.0, 80.0, 180.0)
(172.0, 64.0, 80.0, 180.0)
(173.0, 64.0, 80.0, 180.0)
(175.0, 63.0, 80.0, 180.0)
(177.0, 62.0, 80.0, 180.0)
(183.0, 59.0, 80.0, 180.0)
(186.0, 57.0, 80.0, 180.0)
(189.0, 56.0, 80.0, 180.0)
(191.0, 54.0, 80.0, 180.0)
(197.0, 52.0, 80.0, 180.0)
(200.0, 51.0, 80.0, 180.0)
(202.0, 50.0, 80.0, 180.0)
(203.0, 49.0, 80.0, 180.0)
(207.0, 47.0, 80.0, 180.0)
(209.0, 45.0, 80.0, 180.0)
(212.0, 44.0, 80.0, 180.0)
(215.0, 43.0, 80.0, 180.0)
(220.0, 41.0, 80.0, 180.0)
(223.0, 41.0, 80.0, 180.0)
(225.0, 41.0, 80.0, 180.0)
(226.0, 40.0, 80.0, 180.0)
(230.0, 39.0, 80.0, 180.0)
(231.0, 39.0, 80.0, 180.0)
(232.0, 40.0, 80.0, 180.0)
(233.0, 41.0, 80.0, 180.0)
(234.0, 45.0, 80.0, 180.0)
(234.0, 47.0, 80.0, 180.0)
(234.0, 48.0, 80.0, 180.0)
(234.0, 50.0, 80.0, 180.0)
(233.0, 53.0, 80.0, 180.0)
(233.0, 54.0, 80.0, 180.0)
(233.0, 55.0, 80.0, 180.0)
(233.0, 56.0, 80.0, 180.0)
(237.0, 59.0, 80.0, 180.0)
(238.0, 60.0, 80.0, 180.0)
(239.0, 62.0, 80.0, 180.0)
(241.0, 64.0, 80.0, 180.0)
(244.0, 69.0, 80.0, 180.0)
(246.0, 71.0, 80.0, 180.0)
(247.0, 73.0, 80.0, 180.0)
(249.0, 75.0, 80.0, 180.0)
(251.0, 77.0, 80.0, 180.0)
(252.0, 77.0, 80.0, 180.0)
(252.0, 77.0, 80.0, 180.0)
(252.0, 76.0, 80.0, 180.0)
(251.0, 72.0, 80.0, 180.0)
(250.0, 69.0, 80.0, 180.0)
(249.0, 65.0, 80.0, 180.0)
(247.0, 61.0, 80.0, 180.0)
(242.0, 54.0, 80.0, 180.0)
(239.0, 51.0, 80.0, 180.0)
(235.0, 49.0, 80.0, 180.0)
(231.0, 48.0, 80.0, 180.0)
(223.0, 47.0, 80.0, 180.0)
(220.0, 47.0, 80.0, 180.0)
(217.0, 48.0, 80.0, 180.0)
(215.0, 48.0, 80.0, 180.0)
(212.0, 49.0, 80.0, 180.0)
(211.0, 49.0, 80.0, 180.0)
(211.0, 50.0, 80.0, 180.0)
(211.0, 50.0, 80.0, 180.0)
(211.0, 51.0, 80.0, 180.0)
(212.0, 51.0, 80.0, 180.0)
(212.0, 51.0, 80.0, 180.0)
(212.0, 51.0, 80.0, 180.0)
(212.0, 50.0, 80.0, 180.0)
(211.0, 49.0, 80.0, 180.0)
(211.0, 49.0, 80.0, 180.0)
(210.0, 48.0, 80.0, 180.0)
(208.0, 47.0, 80.0, 180.0)
(207.0, 46.0, 80.0, 180.0)
(205.0, 45.0, 80.0, 180.0)
(204.0, 43.0, 80.0, 180.0)
(201.0, 40.0, 80.0, 180.0)
(199.0, 39.0, 80.0, 180.0)
(198.0, 39.0, 80.0, 180.0)
(197.0, 40.0, 80.0, 180.0)
(199.0, 46.0, 80.0, 180.0)
(201.0, 50.0, 80.0, 180.0)
(203.0, 54.0, 80.0, 180.0)
(207.0, 55.0, 80.0, 180.0)
(214.0, 57.0, 80.0, 180.0)
(217.0, 58.0, 80.0, 180.0)
(219.0, 59.0, 80.0, 180.0)
(221.0, 59.0, 80.0, 180.0)
(225.0, 59.0, 80.0, 180.0)
(226.0, 59.0, 80.0, 180.0)
(227.0, 59.0, 80.0, 180.0)
(227.0, 58.0, 80.0, 180.0)
(226.0, 64.0, 80.0, 180.0)
(225.0, 63.0, 80.0, 180.0)
(224.0, 61.0, 80.0, 180.0)
(223.0, 60.0, 80.0, 180.0)
(222.0, 59.0, 80.0, 180.0)
(221.0, 58.0, 80.0, 180.0)
(220.0, 57.0, 80.0, 180.0)
(219.0, 56.0, 80.0, 180.0)
(216.0, 52.0, 80.0, 180.0)
(215.0, 51.0, 80.0, 180.0)
(215.0, 50.0, 80.0, 180.0)
(214.0, 49.0, 80.0, 180.0)
(214.0, 48.0, 80.0, 180.0)
(214.0, 48.0, 80.0, 180.0)
(214.0, 48.0, 80.0, 180.0)
(214.0, 48.0, 80.0, 180.0)
(213.0, 49.0, 80.0, 180.0)
(213.0, 50.0, 80.0, 180.0)
(213.0, 50.0, 80.0, 180.0)
(213.0, 51.0, 80.0, 180.0)
(211.0, 50.0, 80.0, 180.0)
(211.0, 51.0, 80.0, 180.0)
(211.0, 52.0, 80.0, 180.0)
(210.0, 52.0, 80.0, 180.0)
(209.0, 52.0, 80.0, 180.0)
(208.0, 53.0, 80.0, 180.0)
(208.0, 53.0, 80.0, 180.0)
(207.0, 53.0, 80.0, 180.0)
(207.0, 53.0, 80.0, 180.0)
(206.0, 53.0, 80.0, 180.0)
(205.0, 53.0, 80.0, 180.0)
(204.0, 53.0, 80.0, 180.0)
(202.0, 54.0, 80.0, 180.0)
(201.0, 54.0, 80.0, 180.0)
(199.0, 55.0, 80.0, 180.0)
(197.0, 55.0, 80.0, 180.0)
(191.0, 57.0, 80.0, 180.0)
(189.0, 58.0, 80.0, 180.0)
(187.0, 59.0, 80.0, 180.0)
(185.0, 60.0, 80.0, 180.0)
(179.0, 61.0, 80.0, 180.0)
(178.0, 61.0, 80.0, 180.0)
(178.0, 60.0, 80.0, 180.0)
(177.0, 60.0, 80.0, 180.0)
(175.0, 59.0, 80.0, 180.0)
(174.0, 58.0, 80.0, 180.0)
(172.0, 57.0, 80.0, 180.0)
(169.0, 57.0, 80.0, 180.0)
(164.0, 59.0, 80.0, 180.0)
(163.0, 59.0, 80.0, 180.0)
(161.0, 59.0, 80.0, 180.0)
(158.0, 60.0, 80.0, 180.0)
(154.0, 64.0, 80.0, 180.0)
(154.0, 67.0, 80.0, 180.0)
(154.0, 70.0, 80.0, 180.0)
(154.0, 73.0, 80.0, 180.0)
(155.0, 76.0, 80.0, 180.0)
(159.0, 83.0, 80.0, 180.0)
(161.0, 85.0, 80.0, 180.0)
(163.0, 86.0, 80.0, 180.0)
(165.0, 86.0, 80.0, 180.0)
(168.0, 86.0, 80.0, 180.0)
(171.0, 86.0, 80.0, 180.0)
(175.0, 85.0, 80.0, 180.0)
(179.0, 84.0, 80.0, 180.0)
(189.0, 82.0, 80.0, 180.0)
(194.0, 81.0, 80.0, 180.0)
(198.0, 80.0, 80.0, 180.0)
(201.0, 78.0, 80.0, 180.0)
(204.0, 72.0, 80.0, 180.0)
(205.0, 69.0, 80.0, 180.0)
(205.0, 65.0, 80.0, 180.0)
(205.0, 63.0, 80.0, 180.0)
(207.0, 63.0, 80.0, 180.0)
(208.0, 65.0, 80.0, 180.0)
(209.0, 66.0, 80.0, 180.0)
(210.0, 68.0, 80.0, 180.0)
(213.0, 71.0, 80.0, 180.0)
(214.0, 73.0, 80.0, 180.0)
(215.0, 74.0, 80.0, 180.0)
(216.0, 75.0, 80.0, 180.0)
(216.0, 77.0, 80.0, 180.0)
(216.0, 78.0, 80.0, 180.0)
(216.0, 79.0, 80.0, 180.0)
(216.0, 79.0, 80.0, 180.0)
(215.0, 80.0, 80.0, 180.0)
(214.0, 80.0, 80.0, 180.0)
(212.0, 81.0, 80.0, 180.0)
(210.0, 82.0, 80.0, 180.0)
(206.0, 83.0, 80.0, 180.0)
(204.0, 84.0, 80.0, 180.0)
(203.0, 85.0, 80.0, 180.0)
(202.0, 86.0, 80.0, 180.0)
(203.0, 89.0, 80.0, 180.0)
(205.0, 90.0, 80.0, 180.0)
(207.0, 91.0, 80.0, 180.0)
(210.0, 92.0, 80.0, 180.0)
(217.0, 94.0, 80.0, 180.0)
(219.0, 95.0, 80.0, 180.0)
(222.0, 96.0, 80.0, 180.0)
(223.0, 97.0, 80.0, 180.0)
(222.0, 98.0, 80.0, 180.0)
(223.0, 99.0, 80.0, 180.0)
(223.0, 100.0, 80.0, 180.0)
(222.0, 101.0, 80.0, 180.0)
(219.0, 103.0, 80.0, 180.0)
(217.0, 103.0, 80.0, 180.0)
(215.0, 104.0, 80.0, 180.0)
(214.0, 104.0, 80.0, 180.0)
(211.0, 105.0, 80.0, 180.0)
(211.0, 106.0, 80.0, 180.0)
(211.0, 107.0, 80.0, 180.0)
(211.0, 107.0, 80.0, 180.0)
(208.0, 108.0, 80.0, 180.0)
(206.0, 108.0, 80.0, 180.0)
(204.0, 108.0, 80.0, 180.0)
(202.0, 108.0, 80.0, 180.0)
(199.0, 108.0, 80.0, 180.0)
(200.0, 108.0, 80.0, 180.0)
(201.0, 108.0, 80.0, 180.0)
(203.0, 109.0, 80.0, 180.0)
(209.0, 109.0, 80.0, 180.0)
(212.0, 108.0, 80.0, 180.0)
(213.0, 108.0, 80.0, 180.0)
(214.0, 107.0, 80.0, 180.0)
(216.0, 106.0, 80.0, 180.0)
(217.0, 106.0, 80.0, 180.0)
(219.0, 106.0, 80.0, 180.0)
(220.0, 106.0, 80.0, 180.0)
(224.0, 106.0, 80.0, 180.0)
(226.0, 105.0, 80.0, 180.0)
(226.0, 105.0, 80.0, 180.0)
(217.0, 104.0, 80.0, 180.0)
(212.0, 103.0, 80.0, 180.0)
(212.0, 102.0, 80.0, 180.0)
(212.0, 101.0, 80.0, 180.0)
(213.0, 99.0, 80.0, 180.0)
(217.0, 96.0, 80.0, 180.0)
(221.0, 95.0, 80.0, 180.0)
(226.0, 93.0, 80.0, 180.0)
(231.0, 91.0, 80.0, 180.0)
(241.0, 88.0, 80.0, 180.0)
(241.0, 86.0, 80.0, 180.0)
(242.0, 85.0, 80.0, 180.0)
(244.0, 84.0, 80.0, 180.0)
(247.0, 80.0, 80.0, 180.0)
(248.0, 78.0, 80.0, 180.0)
(251.0, 76.0, 80.0, 180.0)
(255.0, 74.0, 80.0, 180.0)
(263.0, 71.0, 80.0, 180.0)
(263.0, 69.0, 80.0, 180.0)
(264.0, 67.0, 80.0, 180.0)
(266.0, 66.0, 80.0, 180.0)
(269.0, 64.0, 80.0, 180.0)
(270.0, 63.0, 80.0, 180.0)
(271.0, 62.0, 80.0, 180.0)
(273.0, 61.0, 80.0, 180.0)
(275.0, 60.0, 80.0, 180.0)
(275.0, 60.0, 80.0, 180.0)
(275.0, 60.0, 80.0, 180.0)
(275.0, 60.0, 80.0, 180.0)
(276.0, 59.0, 80.0, 180.0)
(276.0, 58.0, 80.0, 180.0)
(275.0, 57.0, 80.0, 180.0)
(274.0, 55.0, 80.0, 180.0)
(274.0, 51.0, 80.0, 180.0)
(274.0, 50.0, 80.0, 180.0)
(275.0, 48.0, 80.0, 180.0)
(277.0, 46.0, 80.0, 180.0)
(282.0, 41.0, 80.0, 180.0)
(285.0, 39.0, 80.0, 180.0)
(287.0, 37.0, 80.0, 180.0)
(290.0, 35.0, 80.0, 180.0)
(297.0, 30.0, 80.0, 180.0)
(300.0, 29.0, 80.0, 180.0)
(304.0, 27.0, 80.0, 180.0)
(308.0, 26.0, 80.0, 180.0)
(317.0, 23.0, 80.0, 180.0)
(322.0, 22.0, 80.0, 180.0)
(328.0, 21.0, 80.0, 180.0)
(333.0, 20.0, 80.0, 180.0)
(347.0, 19.0, 80.0, 180.0)
(355.0, 19.0, 80.0, 180.0)
(363.0, 18.0, 80.0, 180.0)
(372.0, 18.0, 80.0, 180.0)
(389.0, 17.0, 80.0, 180.0)
(398.0, 17.0, 80.0, 180.0)
(407.0, 17.0, 80.0, 180.0)
(416.0, 17.0, 80.0, 180.0)
(433.0, 16.0, 80.0, 180.0)
(441.0, 16.0, 80.0, 180.0)
(449.0, 16.0, 80.0, 180.0)
(456.0, 16.0, 80.0, 180.0)
(456.0, 14.0, 80.0, 180.0)
(455.0, 13.0, 80.0, 180.0)
(455.0, 12.0, 80.0, 180.0)
(455.0, 11.0, 80.0, 180.0)
(455.0, 8.0, 80.0, 180.0)
(455.0, 7.0, 80.0, 180.0)
(455.0, 5.0, 80.0, 180.0)
(455.0, 2.0, 80.0, 180.0)
(455.0, -3.0, 80.0, 180.0)
(455.0, -7.0, 80.0, 180.0)
(455.0, -10.0, 80.0, 180.0)
(455.0, -14.0, 80.0, 180.0)
(455.0, -21.0, 80.0, 180.0)
(455.0, -25.0, 80.0, 180.0)
(455.0, -29.0, 80.0, 180.0)
(455.0, -33.0, 80.0, 180.0)
(455.0, -40.0, 80.0, 180.0)
(455.0, -44.0, 80.0, 180.0)
(455.0, -48.0, 80.0, 180.0)
(455.0, -52.0, 80.0, 180.0)
(455.0, -59.0, 80.0, 180.0)
(455.0, -63.0, 80.0, 180.0)
(455.0, -67.0, 80.0, 180.0)
(455.0, -70.0, 80.0, 180.0)
(479.0, -22.0, 80.0, 180.0)
(479.0, 24.0, 80.0, 180.0)
(479.0, 22.0, 80.0, 180.0)
(479.0, 20.0, 80.0, 180.0)
(479.0, 13.0, 80.0, 180.0)
(479.0, 11.0, 80.0, 180.0)
(479.0, 11.0, 80.0, 180.0)
(479.0, 12.0, 80.0, 180.0)
(479.0, 31.0, 80.0, 180.0)
(479.0, 35.0, 80.0, 180.0)
(479.0, 35.0, 80.0, 180.0)
(479.0, 35.0, 80.0, 180.0)
(479.0, 21.0, 80.0, 180.0)
(479.0, 27.0, 80.0, 180.0)
(479.0, -1.0, 80.0, 180.0)
(479.0, -1.0, 80.0, 180.0)
(479.0, 3.0, 80.0, 180.0)
(479.0, 4.0, 80.0, 180.0)
(479.0, 6.0, 80.0, 180.0)
(479.0, 7.0, 80.0, 180.0)
(479.0, 6.0, 80.0, 180.0)
(479.0, 7.0, 80.0, 180.0)
(479.0, -11.0, 80.0, 180.0)
(479.0, -10.0, 80.0, 180.0)
(479.0, -71.0, 80.0, 180.0)
(479.0, -68.0, 80.0, 180.0)
(479.0, -65.0, 80.0, 180.0)
(479.0, -61.0, 80.0, 180.0)
(479.0, -54.0, 80.0, 180.0)
(479.0, -51.0, 80.0, 180.0)
(479.0, -48.0, 80.0, 180.0)
(479.0, -44.0, 80.0, 180.0)
(479.0, -39.0, 80.0, 180.0)
(479.0, -36.0, 80.0, 180.0)
(479.0, -33.0, 80.0, 180.0)
(479.0, -30.0, 80.0, 180.0)
(479.0, -24.0, 80.0, 180.0)
(479.0, -20.0, 80.0, 180.0)
(479.0, -16.0, 80.0, 180.0)
(479.0, -12.0, 80.0, 180.0)
(479.0, -9.0, 80.0, 180.0)
(479.0, -2.0, 80.0, 180.0)
(479.0, 1.0, 80.0, 180.0)
(479.0, 4.0, 80.0, 180.0)
(479.0, 8.0, 80.0, 180.0)
(479.0, 15.0, 80.0, 180.0)
(479.0, 19.0, 80.0, 180.0)
(479.0, 22.0, 80.0, 180.0)
(479.0, 26.0, 80.0, 180.0)
(479.0, 32.0, 80.0, 180.0)
(479.0, 34.0, 80.0, 180.0)
(479.0, 36.0, 80.0, 180.0)
(479.0, 38.0, 80.0, 180.0)
(479.0, 40.0, 80.0, 180.0)
(479.0, 41.0, 80.0, 180.0)
(479.0, 41.0, 80.0, 180.0)
(479.0, 42.0, 80.0, 180.0)
(479.0, 43.0, 80.0, 180.0)
(479.0, 44.0, 80.0, 180.0)
(479.0, 45.0, 80.0, 180.0)
(479.0, 46.0, 80.0, 180.0)
(479.0, 46.0, 80.0, 180.0)
(479.0, 44.0, 80.0, 180.0)
(479.0, 42.0, 80.0, 180.0)
(479.0, 39.0, 80.0, 180.0)
(479.0, 32.0, 80.0, 180.0)
(479.0, 29.0, 80.0, 180.0)
(479.0, 25.0, 80.0, 180.0)
(479.0, 21.0, 80.0, 180.0)
(479.0, 13.0, 80.0, 180.0)
(479.0, 9.0, 80.0, 180.0)
(479.0, 6.0, 80.0, 180.0)
(479.0, 3.0, 80.0, 180.0)
(479.0, 0.0, 80.0, 180.0)
(479.0, 0.0, 80.0, 180.0)
(479.0, -1.0, 80.0, 180.0)
(479.0, -1.0, 80.0, 180.0)
(479.0, -2.0, 80.0, 180.0)
(479.0, -3.0, 80.0, 180.0)
(479.0, -3.0, 80.0, 180.0)
(479.0, -4.0, 80.0, 180.0)
(479.0, -6.0, 80.0, 180.0)
(479.0, -7.0, 80.0, 180.0)
(479.0, -8.0, 80.0, 180.0)
(479.0, -10.0, 80.0, 180.0)
(479.0, -12.0, 80.0, 180.0)
(479.0, -13.0, 80.0, 180.0)
(479.0, -15.0, 80.0, 180.0)
(479.0, -16.0, 80.0, 180.0)
(479.0, -19.0, 80.0, 180.0)
(479.0, -20.0, 80.0, 180.0)
(479.0, -22.0, 80.0, 180.0)
(479.0, -24.0, 80.0, 180.0)
(479.0, -30.0, 80.0, 180.0)
(479.0, -33.0, 80.0, 180.0)
(479.0, -37.0, 80.0, 180.0)
(479.0, -41.0, 80.0, 180.0)
(479.0, -49.0, 80.0, 180.0)
(479.0, -54.0, 80.0, 180.0)
(479.0, -58.0, 80.0, 180.0)
(479.0, -61.0, 80.0, 180.0)
(479.0, -66.0, 80.0, 180.0)
(479.0, -69.0, 80.0, 180.0)
(479.0, -71.0, 80.0, 180.0)
(479.0, -73.0, 80.0, 180.0)
(479.0, -76.0, 80.0, 180.0)
(479.0, -77.0, 80.0, 180.0)
(479.0, -78.0, 80.0, 180.0)
(479.0, -78.0, 80.0, 180.0)
(479.0, -77.0, 80.0, 180.0)
(479.0, -76.0, 80.0, 180.0)
(479.0, -75.0, 80.0, 180.0)
(479.0, -73.0, 80.0, 180.0)
(479.0, -69.0, 80.0, 180.0)
(479.0, -67.0, 80.0, 180.0)
(479.0, -65.0, 80.0, 180.0)
(479.0, -63.0, 80.0, 180.0)
(479.0, -59.0, 80.0, 180.0)
(479.0, -56.0, 80.0, 180.0)
(479.0, -53.0, 80.0, 180.0)
(479.0, -51.0, 80.0, 180.0)
(479.0, -45.0, 80.0, 180.0)
(479.0, -43.0, 80.0, 180.0)
(479.0, -40.0, 80.0, 180.0)
(479.0, -38.0, 80.0, 180.0)
(479.0, -36.0, 80.0, 180.0)
(479.0, -34.0, 80.0, 180.0)
(479.0, -33.0, 80.0, 180.0)
(479.0, -31.0, 80.0, 180.0)
(479.0, -29.0, 80.0, 180.0)
(479.0, -29.0, 80.0, 180.0)
(479.0, -28.0, 80.0, 180.0)
(479.0, -28.0, 80.0, 180.0)
(479.0, -26.0, 80.0, 180.0)
(479.0, -26.0, 80.0, 180.0)
(479.0, -24.0, 80.0, 180.0)
(479.0, -23.0, 80.0, 180.0)
(479.0, -20.0, 80.0, 180.0)
(479.0, -18.0, 80.0, 180.0)
(479.0, -16.0, 80.0, 180.0)
(479.0, -14.0, 80.0, 180.0)
(479.0, -10.0, 80.0, 180.0)
(479.0, -8.0, 80.0, 180.0)
(479.0, -6.0, 80.0, 180.0)
(479.0, -4.0, 80.0, 180.0)
(479.0, -1.0, 80.0, 180.0)
(479.0, 1.0, 80.0, 180.0)
(479.0, 3.0, 80.0, 180.0)
(479.0, 4.0, 80.0, 180.0)
(479.0, 6.0, 80.0, 180.0)
(479.0, 7.0, 80.0, 180.0)
(479.0, 8.0, 80.0, 180.0)
(479.0, 9.0, 80.0, 180.0)
(479.0, 11.0, 80.0, 180.0)
(479.0, 12.0, 80.0, 180.0)
(479.0, 13.0, 80.0, 180.0)
(479.0, 14.0, 80.0, 180.0)
(479.0, 16.0, 80.0, 180.0)
(479.0, 17.0, 80.0, 180.0)
(479.0, 17.0, 80.0, 180.0)
(479.0, 18.0, 80.0, 180.0)
