(131, 50, 36, 89)
(134.784, 62.20799999999999, 34.559999999999995, 84.67199999999998)
(134.784, 62.20799999999999, 34.559999999999995, 84.67199999999998)
(134.784, 62.20799999999999, 34.559999999999995, 84.67199999999998)
(134.784, 62.20799999999999, 34.559999999999995, 84.67199999999998)
(138.23999999999998, 62.20799999999999, 34.559999999999995, 84.67199999999998)
(137.97295442865172, 62.751638359351986, 34.639119829219986, 84.86584358158896)
(134.784, 62.20799999999999, 34.559999999999995, 84.67199999999998)
(134.31473919820468, 63.27294650313079, 34.61769274616873, 84.81334722811339)
(134.00077587587265, 64.51746469593692, 34.78065357052023, 85.21260124777456)
(133.95423951683392, 66.2027422270098, 34.68978158644927, 84.9899648868007)
(134.0119782905391, 68.34771632170859, 34.62301009372639, 84.82637472962966)
(134.26606755411893, 70.72048831337763, 34.56319582437922, 84.67982976972908)
(134.97151413159486, 73.59527560446313, 34.51570598973991, 84.56347967486276)
(138.23999999999998, 76.03199999999998, 34.559999999999995, 84.67199999999998)
(141.69599999999997, 82.94399999999999, 34.559999999999995, 84.67199999999998)
(144.0175471056741, 87.92327753048363, 34.56284084724548, 84.67896007575142)
(147.67436929203512, 92.43879910752707, 34.5439047264766, 84.63256657986766)
(152.7917300379832, 96.59537971854708, 34.43207752168987, 84.35858992814016)
(158.09579564254122, 101.07630274524647, 34.46452553620663, 84.43808756370622)
(162.432, 96.76799999999999, 34.559999999999995, 84.67199999999998)
(169.3054918548034, 100.20409309968824, 34.504697198596325, 84.536508136561)
(176.78209240303113, 102.86912390939898, 34.41938550643769, 84.32749449077234)
(184.18931094741134, 105.08111293199764, 34.404722587599174, 84.29157033961796)
(191.90931396987384, 106.71279001476515, 34.35973607392417, 84.18135338111419)
(200.69943175481524, 107.75890802512745, 34.384755630994476, 84.24265129593645)
(208.40728919657838, 108.53923572277915, 34.3380287845776, 84.12817052221511)
(215.26011318142397, 109.29286041826805, 34.426448197698896, 84.3447980843623)
(221.54151933879848, 109.64418447112075, 34.458667621231136, 84.42373567201629)
(226.15704263682053, 110.0950395798392, 34.47722429667143, 84.46919952684502)
(228.09599999999998, 117.50399999999999, 34.559999999999995, 84.67199999999998)
(231.55199999999996, 110.59199999999998, 34.559999999999995, 84.67199999999998)
(231.6840189362516, 109.9139609507012, 34.50845602398115, 84.5457172587538)
(228.62543162320952, 109.44589238592101, 34.393925938151185, 84.2651185484704)
(223.10589155976507, 109.13173886549185, 34.290824668555736, 84.01252043796154)
(216.29970176217552, 108.66324347809669, 34.25531608014108, 83.92552439634562)
(208.59261675979894, 108.42129965098499, 34.13860229583176, 83.63957562478778)
(199.14390696723956, 108.51731969852108, 34.14646499618494, 83.65883924065308)
(192.95999999999998, 109.44, 28.799999999999997, 70.56)
(182.34763286006708, 109.96564350032844, 28.81086709236581, 70.58662437629624)
(169.34399999999997, 110.59199999999998, 34.559999999999995, 84.67199999999998)
(155.51999999999998, 117.50399999999999, 34.559999999999995, 84.67199999999998)
(147.10575447898748, 118.35484172913459, 34.50338972366563, 84.53330482298078)
(140.1720935096363, 119.38625510568909, 34.490401603774195, 84.50148392924677)
(135.35999999999999, 115.19999999999999, 28.799999999999997, 70.56)
(126.45405940269782, 116.5691753950081, 28.76312631179185, 70.46965946389004)
(117.83401609646556, 117.59758897857697, 28.826302523865728, 70.62444118347103)
(110.43654192190613, 118.42326913323058, 28.849461322203343, 70.68118023939819)
(104.29220720136202, 119.05938867666214, 28.805382350205644, 70.57318675800383)
(97.92, 120.96, 28.799999999999997, 70.56)
(92.74070061921384, 120.929050676925, 28.80594525815434, 70.57456588247814)
(83.52, 120.96, 28.799999999999997, 70.56)
(86.39999999999999, 120.96, 28.799999999999997, 70.56)
(85.44217451401191, 116.94028869519349, 28.868101533499573, 70.72684875707397)
(80.64, 109.44, 28.799999999999997, 70.56)
(81.6, 100.8, 24.0, 58.8)
(86.39999999999999, 97.92, 28.799999999999997, 70.56)
(89.43369122184055, 90.85049385666855, 28.85500830338918, 70.6947703433035)
(92.6418810536476, 83.45502725209093, 28.90269419153291, 70.81160076925563)
(95.84906235154754, 76.03812039434816, 29.007679740264248, 71.06881536364742)
(99.79323116408288, 69.21395491096305, 29.094424512654502, 71.28134005600354)
(100.22399999999999, 69.11999999999999, 34.559999999999995, 84.67199999999998)
(103.67999999999998, 62.20799999999999, 34.559999999999995, 84.67199999999998)
(110.77982049504855, 58.333114602822604, 34.710784730117695, 85.04142258878835)
(117.99036055118734, 55.58856672290658, 34.715318021160435, 85.05252915184306)
(126.11659731835041, 53.34088269112797, 34.7697292524593, 85.18583666852527)
(134.24875905615335, 51.85043639503424, 34.70731007372842, 85.03290968063462)
(143.42299271782434, 51.57618505631372, 34.813341041402055, 85.29268555143503)
(152.1676747501528, 52.6361884146688, 34.78903434979204, 85.23313415699049)
(155.51999999999998, 57.599999999999994, 28.799999999999997, 70.56)
(164.4501064982606, 59.995518885826364, 28.701170060119416, 70.31786664729258)
(181.44, 57.599999999999994, 28.799999999999997, 70.56)
(179.712, 62.20799999999999, 34.559999999999995, 84.67199999999998)
(188.0409792772427, 64.22566304760404, 34.522677431842666, 84.58055970801453)
(197.12491320557072, 65.21969228528889, 34.60444336424917, 84.78088624241047)
(210.81599999999997, 62.20799999999999, 34.559999999999995, 84.67199999999998)
(217.72799999999998, 62.20799999999999, 34.559999999999995, 84.67199999999998)
(217.72799999999998, 69.11999999999999, 34.559999999999995, 84.67199999999998)
(221.57773598700464, 69.33420332685282, 34.53469184435005, 84.60999501865763)
(224.63999999999996, 69.11999999999999, 34.559999999999995, 84.67199999999998)
(223.12809903305424, 68.15931530249176, 34.50364751494613, 84.53393641161801)
(218.29225615085394, 66.29890563660888, 34.50010134575295, 84.52524829709473)
(211.24701970288123, 64.19114259273778, 34.407743431151545, 84.29897140632129)
(202.23451449297175, 61.82739211178481, 34.339904119525144, 84.1327650928366)
(192.9112177816799, 59.13246368291369, 34.33462681456981, 84.11983569569604)
(183.32513831075238, 56.451721109268185, 34.41068590290925, 84.30618046212767)
(173.3621673904196, 54.19542811800271, 34.34018304142635, 84.13344845149456)
(163.4431046629343, 52.04762954125457, 34.36527443877974, 84.19492237501036)
(153.62236735908297, 50.068810527800274, 34.41011513534958, 84.30478208160646)
(141.69599999999997, 48.38399999999999, 34.559999999999995, 84.67199999999998)
(138.23999999999998, 41.471999999999994, 34.559999999999995, 84.67199999999998)
(120.95999999999998, 48.38399999999999, 34.559999999999995, 84.67199999999998)
(111.01084836403437, 50.149481774049775, 34.561521350544496, 84.67572730883401)
(107.13599999999998, 48.38399999999999, 34.559999999999995, 84.67199999999998)
(98.04475216242011, 51.39804541328573, 34.52843012340194, 84.59465380233476)
(91.2, 52.8, 24.0, 58.8)
(82.94399999999999, 62.20799999999999, 34.559999999999995, 84.67199999999998)
(77.92842618084397, 66.02234009948863, 34.53647539710111, 84.6143647228977)
(76.72541260157453, 70.33296616865744, 34.39086681345247, 84.25762369295853)
(77.6784835479258, 75.06046778567992, 34.27606098032027, 83.97634940178465)
(79.74879249612772, 80.89981417105491, 34.18312679973673, 83.74866065935498)
(86.39999999999999, 80.64, 28.799999999999997, 70.56)
(89.86576885224962, 85.81889728359265, 28.775826187102304, 70.50077415840065)
(95.03999999999999, 92.16, 28.799999999999997, 70.56)
(98.0, 96.0, 20.0, 49.0)
(100.49586236270568, 101.80780254692971, 20.057713751151137, 49.14139869032029)
(103.11903247688595, 108.00222565296531, 20.131121447595284, 49.32124754660844)
(105.72578713226784, 114.22889754449076, 20.054513992300265, 49.133559281135646)
(106.56, 120.96, 28.799999999999997, 70.56)
(109.65460124802263, 125.2948873765031, 28.752215960985993, 70.4429291044157)
(117.6, 129.6, 24.0, 58.8)
(118.08, 132.48, 28.799999999999997, 70.56)
(123.83999999999999, 132.48, 28.799999999999997, 70.56)
(129.78830224143996, 131.55904804157677, 28.789107187041896, 70.53331260825266)
(136.81912849105754, 129.15495504356952, 28.784400488588005, 70.52178119704062)
(144.8298549739638, 125.57413806389687, 28.875740491525505, 70.7455642042375)
(152.64, 120.96, 28.799999999999997, 70.56)
(159.47569135109566, 117.55042438574594, 28.767121326128958, 70.47944724901595)
(166.5966024332896, 113.46060230738476, 28.74780282385046, 70.43211691843362)
(173.52365843262697, 109.82773835219686, 28.81571841306635, 70.59851011201255)
(176.25599999999997, 103.67999999999998, 34.559999999999995, 84.67199999999998)
(182.28118050119025, 100.54802844007438, 34.671107503478794, 84.94421338352304)
(188.0497793175287, 97.02666743951767, 34.68871944111438, 84.98736263073022)
(193.6366105356895, 93.88931160833782, 34.711498655183384, 85.04317170519928)
(204.48, 92.16, 28.799999999999997, 70.56)
(210.1512666463768, 89.01615189812514, 28.840859041230747, 70.66010465101535)
(207.35999999999996, 89.856, 34.559999999999995, 84.67199999999998)
(212.26130045215123, 86.95601502622765, 34.626844896478694, 84.8357699963728)
(216.60718404335535, 84.11182368454095, 34.64790730391425, 84.88737289458992)
(217.72799999999998, 82.94399999999999, 34.559999999999995, 84.67199999999998)
(220.60067867404717, 80.15142310297807, 34.63004182182752, 84.84360246347741)
(221.4359255586515, 77.50076564115716, 34.65547090418133, 84.90590371524424)
(220.698833724263, 74.33508038994734, 34.77420108174738, 85.19679265028105)
(218.10361153636168, 71.4910556676506, 34.72640998391723, 85.07970446059718)
(221.18399999999997, 62.20799999999999, 34.559999999999995, 84.67199999999998)
(215.37162762543278, 59.27702682415605, 34.59224596983752, 84.75100262610192)
(203.90399999999997, 62.20799999999999, 34.559999999999995, 84.67199999999998)
(196.02899665374957, 59.964679728932644, 34.609017922969514, 84.7920939112753)
(187.43810076784806, 57.94152208569557, 34.523246828561646, 84.58195472997602)
(177.92424340644584, 55.91832594479139, 34.51910119980357, 84.57179793951875)
(168.42296154929141, 53.559151688097984, 34.58939867876088, 84.74402676296415)
(159.06419541419567, 51.568905278451304, 34.600967814186745, 84.77237114475751)
(149.27785446296875, 49.67838412336039, 34.64561932113278, 84.88176733677528)
(139.9224630877753, 47.99235504844799, 34.66925302366809, 84.9396699079868)
(134.784, 48.38399999999999, 34.559999999999995, 84.67199999999998)
(126.41163803557326, 46.8996085423791, 34.643438528462845, 84.87642439473396)
(117.8974109408733, 45.8959476101933, 34.62408693172995, 84.82901298273836)
(115.19999999999999, 40.32, 28.799999999999997, 70.56)
(108.64802045149194, 39.89329669734179, 28.717084707367665, 70.35685753305079)
(103.67999999999999, 40.32, 28.799999999999997, 70.56)
(94.0, 40.0, 20.0, 49.0)
(91.19352290098686, 41.10098257073568, 19.926652012967683, 48.820297431770825)
(90.48212828383964, 42.30680233099061, 19.795577721871506, 48.49916541858519)
(94.0, 44.0, 20.0, 49.0)
(97.92, 51.839999999999996, 28.799999999999997, 70.56)
(102.31408117520837, 53.11651820451687, 28.72646014714184, 70.37982736049752)
(106.86924680267731, 56.27914763225766, 28.515809983512558, 69.86373445960578)
(112.8, 57.599999999999994, 24.0, 58.8)
(112.32, 63.36, 28.799999999999997, 70.56)
(114.79477427212748, 67.30401361710295, 28.590868936213788, 70.0476288937238)
(120.0, 67.2, 24.0, 58.8)
(124.8, 72.0, 24.0, 58.8)
(126.58257253602238, 74.67664071069134, 23.682093087134934, 58.02112806348059)
(128.1335238500672, 75.5929318488023, 23.528096953185944, 57.643837535305565)
(123.83999999999999, 74.88, 28.799999999999997, 70.56)
(126.72, 80.64, 28.799999999999997, 70.56)
(129.0990707708571, 80.80962037651497, 28.451358580356075, 69.70582852187239)
(131.88053273193603, 80.18037817603135, 28.153357753901364, 68.97572649705835)
(135.99727935942542, 79.08415948857568, 27.808780514547585, 68.13151226064159)
(144.0, 72.0, 24.0, 58.8)
(141.12, 74.88, 28.799999999999997, 70.56)
(152.64, 74.88, 28.799999999999997, 70.56)
(160.79999999999998, 72.0, 24.0, 58.8)
(166.43211154517783, 70.73982700272674, 23.81454277878494, 58.3456298080231)
(163.2, 72.0, 24.0, 58.8)
(172.79999999999998, 72.0, 24.0, 58.8)
(175.2, 72.0, 24.0, 58.8)
(177.68490195545724, 72.06499648520617, 23.811873335179286, 58.33908967118924)
(180.0, 72.0, 24.0, 58.8)
(183.90615191835442, 73.49394076075936, 23.827863399619275, 58.378265329067226)
(188.3775426519459, 75.54523821003602, 23.603511497866005, 57.82860316977172)
(193.4710822646638, 77.06048737911482, 23.40993202828956, 57.354333469309424)
(199.04414294315296, 78.208126178132, 23.237138308029998, 56.930988854673494)
(204.0, 81.6, 24.0, 58.8)
(208.02995297037566, 81.95686027180513, 23.76025397135806, 58.21262222982725)
(212.4553081209218, 81.5411060925475, 23.589475310890755, 57.79421451168235)
(215.5192596972512, 80.36132047457399, 23.393395888700763, 57.313819927316864)
(216.0, 76.8, 24.0, 58.8)
(217.42427706163542, 75.3236310226865, 23.786760818135384, 58.27756400443168)
(218.97064532060773, 73.59721784579169, 23.657403206440765, 57.96063785577987)
(221.06941745307842, 72.09249402469054, 23.4621477598588, 57.482262011654065)
(223.80028148160252, 73.5681649106879, 23.243827905935568, 56.94737836954214)
(226.50727026011995, 78.24521120040421, 23.038056525658547, 56.44323848786344)
(229.24938293899365, 84.81363521896706, 22.901334830020502, 56.10827033355023)
(231.75713062783046, 95.91567064548441, 22.656805028518775, 55.509172319871)
(232.73210602629266, 107.49077470887497, 22.504705794094402, 55.13652919553128)
(232.6968152374698, 114.84565672816326, 22.455933123693246, 55.017036153048444)
(233.6777037424287, 121.68416834314462, 22.384475937994186, 54.84196604808575)
(231.08539856474255, 129.02222315720317, 22.364206532624305, 54.79230600492955)
(227.24354046602505, 133.98499811637078, 22.35257971248112, 54.763820295578746)
(223.76022945712586, 136.82526930801987, 22.31073310234984, 54.661296100757106)
(220.7401356102341, 138.78375346394557, 22.253295063711512, 54.5205729060932)
(215.80545825996285, 139.9495785627146, 22.18740806503526, 54.35914975933638)
(210.3079579129248, 140.20298130744206, 22.157475897783257, 54.28581594956898)
(204.09367623284757, 139.0120160020439, 22.045969677859564, 54.012625710755934)
(196.32778114855864, 136.74707664661028, 21.96673689721863, 53.81850539818565)
(185.95615276448197, 134.88589588247788, 21.97787696615324, 53.84579856707544)
(176.15154508864953, 133.94164641384657, 21.94192019867753, 53.75770448675995)
(164.27312650629833, 132.48533616418578, 21.897274209083015, 53.64832181225339)
(153.70878552014108, 130.78710397686027, 21.87761023413191, 53.60014507362318)
(142.58742969354333, 128.48780542557276, 21.82305015881177, 53.46647288908884)
(130.52771093348537, 125.45636415337216, 21.78874012033393, 53.382413294818136)
(119.7210488348934, 122.07321370371633, 21.879908555799155, 53.605775961707934)
(109.1706032071735, 119.73796172140563, 21.7966338566491, 53.401752948790296)
(98.13632274491687, 118.11172643519038, 21.869757159092032, 53.58090503977549)
(89.0222432526335, 116.36851994050969, 21.8933339293033, 53.63866812679309)
(81.64474596251392, 114.45091819653803, 21.90063258669089, 53.65654983739269)
(75.32900283004702, 112.39166942140814, 21.870375687562216, 53.58242043452744)
(70.35729461908835, 109.38172557653206, 21.8319195508858, 53.48820289967023)
(67.66504542593066, 105.57602553150616, 21.835199980658217, 53.49623995261265)
(68.02752254480775, 100.78783638559685, 21.733872451888402, 53.2479875071266)
(71.1435996184562, 94.57461054623573, 21.72484757705245, 53.22587656377852)
(75.53768176056842, 87.54737841123196, 21.66237604185145, 53.07282130253606)
(81.34228021231755, 80.20331716440406, 21.597795837571933, 52.91459980205125)
(87.75791827263535, 72.02999222858892, 21.641641787248822, 53.02202237875963)
(93.79205938422172, 64.11422999299113, 21.586054876576103, 52.885834447611465)
(99.86305160882698, 56.254656075720305, 21.635552971310897, 53.00710477971171)
(104.65256955909604, 48.519865709397074, 21.64495701217903, 53.03014467983864)
(108.85505550031539, 40.570552403385, 21.7225519632364, 53.220252309929194)
(112.29580129265324, 33.51757510547697, 21.71738789320915, 53.20760033836244)
(116.0462236481396, 27.36418292024182, 21.731328948837973, 53.241755924653056)
(120.28014571398053, 22.594654347274727, 21.70058808864051, 53.166440817169274)
(124.8906750682477, 19.42850592221173, 21.663763999246786, 53.07622179815464)
(129.41699569190462, 18.30300503049342, 21.60817780564391, 52.94003562382759)
(134.10538598622304, 19.54099634068494, 21.53135449239764, 52.751818506374235)
(140.0917919074673, 22.5498646148232, 21.51362077490914, 52.708370898527406)
(145.98257696938853, 28.49639095232125, 21.47262071942604, 52.60792076259381)
(151.2800305283402, 34.63977009167472, 21.509061257772697, 52.697200081543116)
(157.89124246431942, 40.21928622508253, 21.479966243236188, 52.62591729592867)
(164.02302098061656, 46.4531505175008, 21.568429474313746, 52.84265221206869)
(170.66417880900397, 52.416498946317496, 21.59632499917958, 52.910996247989985)
(177.86553713449828, 57.2360750127239, 21.63092524272218, 52.99576684466936)
(185.6195845721027, 62.63772402294064, 21.723904586263366, 53.22356623634526)
(194.63851986119684, 68.072511553609, 21.718489452410996, 53.21029915840696)
(203.32236191776576, 73.15707643241281, 21.73351102774973, 53.24710201798687)
(212.8961759325359, 77.97142105851661, 21.744009829264158, 53.272824081697216)
(221.5866273635524, 81.98265673369652, 21.844887973090515, 53.51997553407179)
(229.55446550549902, 86.09678964008391, 21.874162250720705, 53.59169751426575)
(236.43265978431117, 90.52082236450666, 21.902578990947987, 53.6613185278226)
(243.42392302610756, 94.72072124672717, 22.028161027863007, 53.968994518264395)
(249.55790901801095, 98.92508060059649, 22.107891070423445, 54.16433312253747)
(255.0828836672377, 103.25809313719817, 22.100239135251147, 54.14558588136534)
(259.64425346354676, 106.93329120968858, 22.17253738442991, 54.32271659185331)
(263.1995779643842, 110.20624926164271, 22.12399165423934, 54.20377955288642)
(265.0298349143323, 113.03272116572452, 22.070197725046288, 54.071984426363436)
(263.39528500392686, 115.15601272800457, 22.11456610054472, 54.180686946334596)
(259.64373993306344, 116.65222959320758, 21.99598265828716, 53.890157512803576)
(254.56134334930556, 117.28427901402611, 21.903726265256086, 53.66412934987744)
(247.30256748037348, 117.58446774085542, 21.875349048042118, 53.59460516770322)
(238.51952509442955, 117.90541132571275, 21.760922345320566, 53.31425974603542)
(229.1167724377525, 117.9087071422934, 21.69408268797157, 53.150502585530376)
(220.56946950711523, 117.9189135950446, 21.648307689871096, 53.038353840184215)
(210.83389290437546, 117.85692845434286, 21.71322615413973, 53.19740407764237)
(201.47420687718412, 118.80981252537062, 21.563488101100493, 52.83054584769624)
(191.67613500775616, 119.84193192256701, 21.573907963003304, 52.85607450935813)
(182.54933519164356, 120.80865121830598, 21.578056911634754, 52.866239433505186)
(173.26950866908186, 121.74980353295169, 21.55494628488317, 52.809618397963796)
(163.51767698892687, 122.65841100934539, 21.503739039724408, 52.68416064732483)
(153.47275290160968, 122.98458051592613, 21.522176081546256, 52.72933139978836)
(143.82924137939185, 123.03949965587717, 21.592737944341327, 52.902207963636286)
(135.20381376796973, 122.47626328718987, 21.614589260935546, 52.95574368929212)
(126.82257347254341, 121.527940810954, 21.576532742413168, 52.8625052189123)
(118.97257888699941, 120.25647549971106, 21.55447601506366, 52.808466236906)
(111.81342554122963, 119.14634411409851, 21.548747062071982, 52.794430302076385)
(105.17627828014732, 117.90155360795512, 21.5163933298421, 52.71516365811317)
(99.26943572243084, 116.20579565868846, 21.518463455040646, 52.72023546484961)
(93.95101442775179, 113.82849208474723, 21.559923353969086, 52.821812217224284)
(89.72856276518924, 110.27562647216234, 21.544438495500422, 52.783874313976064)
(84.0, 104.0, 20.0, 49.0)
(80.23345147763143, 99.5857039076726, 19.944000975401202, 48.86280238973294)
(80.0, 96.0, 20.0, 49.0)
(77.64281812001792, 90.32784895886323, 20.088402456253228, 49.21658601782041)
(75.71753357307018, 84.99045446929294, 20.026457817238537, 49.06482165223442)
(73.99392367675928, 79.15952726129511, 20.051390622555648, 49.12590702526134)
(68.0, 72.0, 20.0, 49.0)
(72.0, 68.0, 20.0, 49.0)
(68.0, 60.0, 20.0, 49.0)
(68.65626282905593, 53.369899900425324, 20.078221412200634, 49.19164245989155)
(69.29476733836708, 46.99265765539096, 20.08217247658615, 49.201322567636055)
(72.0, 40.0, 20.0, 49.0)
(70.88541717688472, 35.59715656670495, 20.156022640859483, 49.382255470105726)
(69.15464088903813, 32.34924314109509, 20.2014985563964, 49.49367146317116)
(67.26384987172057, 30.175038981980027, 20.151407922574506, 49.370949410307524)
(66.19527582368794, 29.649571779387987, 20.11640636043663, 49.28519558306973)
(64.0, 32.0, 20.0, 49.0)
(61.44062826530533, 37.24139685497852, 19.949431945951844, 48.87610826758202)
(58.93290725692274, 42.14676551017361, 19.952483825998268, 48.88358537369576)
(57.167119680416604, 46.13991330216472, 19.93825972363945, 48.84873632291665)
(55.751820316547246, 49.69117795333616, 19.89039470626098, 48.7314670303394)
(54.52262548221954, 52.73159581873645, 19.847086834633185, 48.62536274485131)
(54.763740692098466, 54.904293147942255, 19.84629409798081, 48.62342054005298)
(56.5164574636333, 57.03051825370554, 19.77010555002832, 48.43675859756939)
(59.17374048270335, 58.773978181799244, 19.7627141945054, 48.41864977653823)
(61.8448001352658, 61.42384262968001, 19.676984507300435, 48.20861204288607)
(65.12308976852027, 65.46953200715447, 19.67092709137741, 48.193771373874654)
(68.75604097887629, 70.79416193236557, 19.5381576052357, 47.86848613282746)
(74.0, 80.0, 20.0, 49.0)
(78.0, 84.0, 20.0, 49.0)
(84.0, 92.0, 20.0, 49.0)
(90.27772174094825, 97.90754896448094, 20.154921813513646, 49.37955844310844)
(97.58028156517153, 103.70188697822493, 20.141011576688186, 49.34547836288606)
(106.0, 108.0, 20.0, 49.0)
(114.80346225721789, 111.13930467373851, 20.102059860564232, 49.25004665838237)
(125.37319599831399, 113.32078962274915, 20.171256318801714, 49.4195779810642)
(137.00468468539512, 114.6828432171331, 20.21974134698318, 49.5383663001088)
(148.0, 116.0, 20.0, 49.0)
(158.80217102449362, 114.99951166748005, 20.09020751155965, 49.22100840332114)
(170.0, 112.0, 20.0, 49.0)
(180.71920779904468, 107.86007355773268, 20.081802297418477, 49.200415628675266)
(189.32280467550893, 103.19398386649591, 20.2239127437087, 49.54858622208631)
(196.11446559630227, 99.45030498401186, 20.22332405641889, 49.54714393822627)
(201.33358472174677, 97.04684990531574, 20.23564732896738, 49.57733595597008)
(205.49318945738113, 95.0381142041531, 20.232813590120557, 49.57039329579536)
(208.54086334199027, 92.94856069874044, 20.19444213926164, 49.476383241191016)
(208.7041251246597, 90.97023404259886, 20.23049791962593, 49.56471990308353)
(206.7692798981841, 88.42942683636646, 20.269377825702122, 49.6599756729702)
(203.48034792307527, 85.58697471072878, 20.24125422709162, 49.59107285637447)
(198.67857657656208, 82.28254473232809, 20.343545699414882, 49.84168696356646)
(193.6157310985547, 78.64210404241115, 20.31954793472655, 49.78289244008004)
(187.5107430573546, 74.80899566141721, 20.351682830603306, 49.86162293497809)
(176.0, 72.0, 20.0, 49.0)
(169.9759178249097, 68.83255216834321, 20.06180570760248, 49.151423983626074)
(163.8295119281571, 65.82223723790095, 20.140017891732647, 49.343043834744975)
(162.0, 64.0, 20.0, 49.0)
(154.8226199263989, 63.687380794774946, 19.975365615952214, 48.93964575908292)
(148.0, 64.0, 20.0, 49.0)
(140.80806265453037, 66.01149178484943, 20.017938411642362, 49.04394910852379)
(134.0, 72.0, 20.0, 49.0)
(127.95938465133814, 77.80056029738978, 20.078087386776843, 49.19131409760326)
(123.36693955351731, 83.87539732237718, 20.126441937887247, 49.309782747823746)
(118.0, 88.0, 20.0, 49.0)
(116.26823034927256, 93.24626862665282, 20.001815973818175, 49.00444913585452)
(116.69438472288411, 97.35758622188393, 19.988954248079438, 48.972937907794616)
(120.32277567171654, 100.49874011585933, 19.989618639477076, 48.97456566671883)
(128.0, 104.0, 20.0, 49.0)
(136.0, 104.0, 20.0, 49.0)
(144.4068543313208, 104.68146375077404, 20.115444779741214, 49.28283971036598)
(153.73337753342074, 105.02599439352633, 20.135646666556948, 49.33233433306452)
(160.0, 104.0, 20.0, 49.0)
(174.0, 104.0, 20.0, 49.0)
(178.0, 104.0, 20.0, 49.0)
(192.0, 104.0, 20.0, 49.0)
(199.47570945593478, 104.97663166069253, 20.1155366545367, 49.28306480361492)
(206.4030833605271, 106.64933821461462, 20.24298183851613, 49.595305504364525)
(211.8092162161051, 108.54461471786085, 20.25841388126633, 49.63311400910251)
(210.0, 112.0, 20.0, 49.0)
(213.08200417912042, 115.0658833070823, 20.064034244298252, 49.156883898530715)
(214.6106189063169, 119.05061722684846, 20.079772319202156, 49.195442182045284)
(213.59699917446864, 123.32792164382998, 20.0577258942268, 49.141428440855655)
(210.19646833729828, 127.3860635366103, 20.113792451379997, 49.27879150588099)
(204.0, 132.0, 20.0, 49.0)
(202.0, 132.0, 20.0, 49.0)
(195.52108565397373, 133.36378296014578, 20.019046953771287, 49.04666503673966)
(188.4323104800532, 134.28647924912838, 20.015536510596736, 49.03806445096201)
(181.41708943398746, 134.66866286021752, 19.9602089494079, 48.90251192604936)
(173.26601006676276, 134.15401081164003, 19.973701912372917, 48.93556968531365)
(163.6461654066107, 133.04067970908685, 19.964749264903602, 48.91363569901383)
(153.39376679715681, 130.8314126129951, 19.989443944748896, 48.9741376646348)
(144.23514505990508, 127.60848836185531, 20.003800456361727, 49.009311118086245)
(134.9840692222072, 123.31200566618499, 19.945496809491843, 48.86646718325503)
(125.24004832028969, 118.24041101776636, 19.993322548873756, 48.98364024474072)
(115.1389746020532, 113.12404681128521, 19.965321669917046, 48.91503809129678)
(106.0, 108.0, 20.0, 49.0)
(97.21124606618174, 101.79455729482348, 20.12736596089824, 49.31204660420069)
(89.86534007797863, 94.83600058759305, 20.21953804472634, 49.53786820957954)
(83.10431786157503, 87.97578692888861, 20.463628375971034, 50.13588952112904)
(77.37185635688418, 80.9863801437632, 20.56417150254024, 50.382220181223595)
(73.37973500082421, 74.1561564160818, 20.60704611163284, 50.487262973500464)
(72.0, 68.0, 20.0, 49.0)
(73.49239683180322, 62.14897821020792, 20.07180118502638, 49.175912903314625)
(76.97405885533948, 56.82841711886056, 20.021952174574935, 49.05378282770858)
(81.5611793797085, 52.07047530334493, 20.069528142438454, 49.17034394897421)
(86.83091846612788, 47.443699498910306, 20.177755047724688, 49.43549986692548)
(92.08566213938431, 43.373263164037965, 20.14963671976652, 49.36660996342797)
(97.79543227604997, 39.74731772042642, 20.125863658349285, 49.30836596295575)
(103.09254684281177, 36.405728603084654, 20.239077762130353, 49.585740517219364)
(107.2768376163092, 33.9262664192959, 20.20795959404177, 49.509501005402335)
(111.46795135510519, 32.3394173358158, 20.185793761957605, 49.45519471679613)
(115.33691909940433, 32.007730617393136, 20.152623593183538, 49.373927803299665)
(119.02050947634137, 32.92387072985376, 20.239574919387557, 49.58695855249952)
(122.58395887052717, 35.86580551025739, 20.232228743320658, 49.568960421135614)
(126.29449523779853, 39.82681919503315, 20.230833743152946, 49.56554267072472)
(130.67021516554848, 43.83453318281549, 20.220208096637386, 49.539509836761596)
(134.81153622840927, 48.60279508589667, 20.275609183806445, 49.67524250032579)
(138.71511583427338, 52.97217234377443, 20.299046895906397, 49.73266489497067)
(138.0, 64.0, 20.0, 49.0)
(141.15079378742425, 67.84746640089348, 20.00198603354996, 49.00486578219741)
(144.0, 64.0, 20.0, 49.0)
(147.16845578175872, 65.76646613125125, 20.08381902730287, 49.20535661689203)
(150.0, 68.0, 20.0, 49.0)
(152.66264168887747, 68.89276840239822, 20.124820382010704, 49.30580993592622)
(154.94017230590612, 70.20322912578831, 20.183711784672166, 49.4500938724468)
(156.7246063938262, 71.71617159016714, 20.17288804242574, 49.42357570394306)
(158.44934148107046, 72.61990670918905, 20.257780660905944, 49.631562619219565)
