(328, 189, 53, 50)
(326.14763454460603, 187.74466053966736, 53.16804878188173, 50.15853658668088)
(324.27740315895386, 186.681796573066, 53.12417927779536, 50.11715026207111)
(322.40289543516656, 185.692663016252, 53.158350975369984, 50.149387712613205)
(320.5812445233886, 184.7726499605689, 53.167375455175936, 50.157901372807494)
(318.8691980567458, 183.7533844835806, 53.15933948221149, 50.150320266237266)
(316.836322399049, 182.5339472751844, 53.53215866869892, 50.50203647990465)
(314.9653804062857, 181.22987826806323, 53.87267546672547, 50.82327874219385)
(313.3210778783742, 179.97805814688527, 54.044245610439134, 50.98513736833881)
(311.5886302756983, 178.89186893316537, 53.97264179235344, 50.91758659655986)
(309.7598755492513, 177.70030462870665, 54.23650500501302, 51.166514155672665)
(307.8693003161999, 176.51446310831432, 54.49849043205331, 51.41367021891822)
(306.17478823802253, 175.28245345733993, 54.769442078642484, 51.669284979851405)
(304.5468192149855, 173.65554700273174, 55.14287280049775, 52.02157811367712)
(302.84354945613455, 172.15026390733877, 55.5845685681996, 52.43827223415057)
(301.22815919695506, 170.5506640903062, 56.06486080530867, 52.89137811821573)
(299.65459340123726, 168.98896088716737, 56.68995870533799, 53.48109311824339)
(297.9465731691596, 167.29960731958414, 57.182110009337116, 53.945386801261435)
(296.2719401364376, 165.6087726921452, 57.882572363843536, 54.606200343248624)
(294.6839004881569, 163.89726131211552, 58.466549609623705, 55.157122273229916)
(292.96480503277155, 162.12286136019316, 59.10951346961318, 55.763691952465265)
(291.155441564027, 160.27499718345894, 59.682525075070984, 56.30426893874621)
(289.2488162705472, 158.41408744821481, 60.24486013468692, 56.834773711968786)
(287.3976717250261, 156.35384216555195, 60.95673174526031, 57.50635070307576)
(285.7829326376181, 154.5171707921865, 61.35863423648257, 57.88550399668167)
(284.4443798829489, 152.7122988432246, 61.80197509738339, 58.30375009187112)
(283.3993624146502, 150.7586719614643, 62.28147536601208, 58.75610883586045)
(282.51204899990887, 148.83812675127754, 62.52765981268222, 58.988358313851144)
(282.04503690818865, 147.01336265153782, 62.25343204299767, 58.72965287075252)
(281.49834116183706, 145.23008622053834, 62.16902812554465, 58.65002653353268)
(280.69071519792357, 142.96954808089228, 62.39786647915291, 58.86591177278576)
(280.4897029809369, 141.30639194357073, 61.769190229532406, 58.27282097125698)
(280.1441475168998, 139.3122394729837, 61.651951548231615, 58.16221844172793)
(279.52782350723027, 136.8718423140881, 62.10862910858637, 58.59304632885506)
(279.22493379607755, 134.6281460637469, 61.94731868714173, 58.440866685982755)
(278.869312009365, 132.48014719039261, 62.0927663621294, 58.57808147370697)
(278.67436433679796, 130.37048874155286, 62.130244715075925, 58.61343841044898)
(278.6466724195992, 128.5039880672074, 61.91692127408287, 58.412189881210246)
(278.5872204397886, 126.42341727119283, 62.07540653253214, 58.56170427597371)
(278.46949216125375, 124.27857234566062, 62.596965384523706, 59.053740928795946)
(278.33776972194886, 122.10454007271305, 63.15615611274287, 59.58127935164421)
(278.36951881167175, 120.3901985433574, 63.26355637079715, 59.682600349808624)
(278.49527068349784, 118.54071317728459, 63.58480653339496, 59.98566654093864)
(278.54159542482677, 116.70333384044498, 63.928009101518356, 60.30944254860222)
(278.42313380724556, 114.88488981414858, 64.61000069605579, 60.95283084533565)
(278.4200770157291, 113.21811031561539, 65.1453806365106, 61.457906260859055)
(278.5669364255967, 111.82138810914101, 65.41648115271285, 61.71366146482345)
(278.84115843889873, 110.62110547410016, 65.37273683314007, 61.67239323881139)
(279.1463850572165, 109.50464019933361, 65.47517422150455, 61.76903228443826)
(279.70596761092645, 108.78652850960317, 65.07945882111588, 61.39571586897725)
(280.38494909646255, 107.98012080621928, 64.78887866254362, 61.12158364390909)
(280.7703651366279, 107.26180964911185, 64.84070893572856, 61.170480128045824)
(281.42226167408603, 106.7321619872025, 64.51469906393731, 60.8629236452239)
(281.4836175059117, 105.92127072125456, 65.16890390419225, 61.4800980228229)
(282.07108301394203, 105.53247000354844, 64.96775828852219, 61.29033800803983)
(282.8259421095067, 105.18261311496703, 64.52206597629917, 60.86987356254642)
(283.2805899728162, 104.59324069413212, 64.90598314030511, 61.2320595663256)
(283.8010285449414, 103.91959469951816, 65.36693705074218, 61.666921745983224)
(284.32018666595883, 103.37507806943896, 65.89624776183234, 62.16627147342677)
(285.22211824258693, 102.91694714738631, 66.3458636124824, 62.59043737026645)
(285.6813270221828, 102.32373475453747, 67.33925025250943, 63.527594577839125)
(285.99236504408935, 101.55773473098233, 68.44623915010256, 64.57192372651188)
(286.16659761155097, 100.85955365840411, 69.6908526284606, 65.74608738534023)
(286.829236924568, 100.44550109126956, 70.66342556492644, 66.66360902351556)
(287.3911785029264, 99.92565981836545, 71.87071916602223, 67.80256525096442)
(287.59857710512244, 99.21247689821209, 73.22438509639579, 69.07960858150552)
(290.16880988174876, 98.3189507165626, 75.73455430876807, 71.44769274412089)
(294.82135439907756, 98.41182114076352, 76.92940423895429, 72.57490965939091)
(299.07969924365585, 98.1321374372407, 78.88421113182893, 74.41906710549907)
(303.8944548297583, 98.24499406235947, 80.22686792837403, 75.6857244607303)
(309.1542144836822, 98.81257507615857, 80.67402342521368, 76.10756926906959)
(314.64380966087197, 99.38878336398864, 80.97663238724049, 76.39304942192507)
(320.00505210641836, 99.96986173012544, 81.33956619731953, 76.7354398087921)
(325.6695368127543, 100.74377958996844, 81.11679795652267, 76.52528109105921)
(331.0434622087587, 101.02600478137333, 81.58522524068573, 76.96719362328851)
(336.7599806896774, 101.57754746172482, 81.58746049564525, 76.96930235438239)
(342.15860864237817, 101.93576310336839, 81.78346020547806, 77.15420774101713)
(347.77756297430454, 102.40482275741894, 81.96919656115654, 77.32943071807229)
(353.0508442254086, 102.71273490123208, 82.0711325941047, 77.4255967868913)
(358.5912408859016, 102.9866191604678, 82.0980052887437, 77.45094838560736)
(363.99930682541515, 103.21353793033242, 81.99952477690414, 77.35804224236249)
(369.40680555908034, 103.35883970613135, 82.00554171387058, 77.36371859799121)
(374.7260920107889, 103.41671394519528, 82.16463726748474, 77.51380874291021)
(380.0451817217681, 103.45156189998106, 82.3371267908389, 77.67653470833866)
(385.4684647889068, 103.55073048438004, 82.38609898663961, 77.72273489305633)
(390.87589280041897, 103.59336616326465, 82.26747099095893, 77.61082168958399)
(396.18917869576404, 103.50277278116462, 82.44882156355003, 77.78190713542465)
(401.47943935953265, 103.5535837262183, 82.44581488445029, 77.77907064570792)
(406.6037879377897, 103.49733764779408, 82.74371806973308, 78.06011138654074)
(411.69106341605783, 103.70795724307023, 82.53236291397813, 77.86071973016814)
(416.97317291303614, 104.01653829651934, 82.41339538486521, 77.74848621213708)
(421.9564820588544, 104.01786333780944, 82.47253392916615, 77.80427729166627)
(426.9793665770503, 103.97653922305655, 82.65073339863369, 77.97238999871112)
(431.934242549571, 103.94282567335428, 82.7188256918736, 78.0366280112016)
(437.1702827663277, 103.99375104183054, 82.67154994586018, 77.99202825081157)
(442.0520834444835, 103.95048271924387, 82.71989927314236, 78.03764082371929)
(446.9754633694183, 103.83762794895097, 82.9373484076477, 78.24278151664885)
(451.9746082648784, 103.92801842235446, 82.90924294289948, 78.21626692726373)
(456.93074709870336, 103.91300801490382, 82.90803705259329, 78.2151292948994)
(461.81899102822086, 104.07578005557482, 82.68886120527701, 78.0083596276199)
(466.7203743198142, 104.1265551214159, 82.63429408498101, 77.95688121224632)
(471.2937893697228, 104.15787333555618, 82.71658996172629, 78.03451883181734)
(476.0910748499526, 104.29792607673052, 82.634287067673, 77.95687459214443)
(480.83531867925353, 104.3559158607851, 82.70634628407102, 78.02485498497275)
(485.783385327123, 104.30569300811091, 82.83053769536338, 78.14201669373912)
(490.7244555406247, 104.32392736917714, 82.90738164336, 78.21451098430198)
(495.64848623014734, 104.2254372878011, 83.09935932681468, 78.39562200642904)
(500.6428768989135, 104.21112953685824, 83.33115904396982, 78.61430098487729)
(505.6691113076669, 104.21604975083918, 83.50915897646301, 78.78222544949351)
(510.7335782713666, 104.45494353949027, 83.46170698265747, 78.7374594176015)
(515.6666620424144, 104.59955004726865, 83.5683787960306, 78.83809320380256)
(520.6234487156573, 104.71243962743958, 83.67262771516978, 78.93644124072631)
(525.7327998355543, 104.86029059964854, 83.57025848318835, 78.83986649357402)
(530.5358363986853, 104.76237904133686, 83.86811602098878, 79.12086417074424)
(535.5200006682554, 104.80155367285941, 83.78247791153598, 79.04007350144914)
(540.5607157498337, 104.96276067166737, 83.60027870541077, 78.8681874579348)
(545.3811687677271, 104.83922852371153, 83.96742931024903, 79.21455595306523)
(550.5257261419955, 105.12090191307516, 83.7415469835872, 79.00145941847859)
(555.2891938235432, 105.06451223725693, 83.945385546273, 79.19375994931426)
(560.2943036175781, 105.26799316235801, 83.7447973058595, 79.00452576024492)
(565.034026559093, 105.221161098505, 83.91049302439197, 79.16084247584158)
(570.0072502752129, 105.52970251459588, 83.51995379527733, 78.79240924082777)
(574.5665785851684, 105.5877098106182, 83.76225908942878, 79.02099914097064)
(579.4295373043471, 105.50223572608932, 84.0614881354464, 79.30329069381744)
(583.9408655731036, 105.52852214883642, 84.193738824496, 79.42805549480764)
(588.7671488958002, 105.59983458659562, 84.33511749160273, 79.56143159585173)
(593.427323678066, 105.56943237831166, 84.43127183332099, 79.65214323898216)
(598.4260716707837, 105.80950881693823, 83.99224752757327, 79.23796936563525)
(603.2385495596274, 106.04140715602274, 83.62516528504224, 78.89166536324748)
(608.2535227560489, 106.37943134438021, 82.99152016173026, 78.29388694502863)
(612.8340359014427, 106.48539830099065, 82.84440988656772, 78.1551036665734)
(617.2798624125912, 106.20736770732917, 83.43816946192693, 78.7152542093651)
(621.8228818208232, 105.88184389811778, 83.57735037202538, 78.84655695474099)
(626.1756988516589, 105.81356681884644, 83.67664795097907, 78.94023391601806)
(0.0, 0.0, 0.0, 0.0)
(620.131997679784, 101.10949577392455, 83.67664795097907, 78.94023391601806)
(622.1621490469715, 84.72788108886596, 83.67664795097907, 78.94023391601806)
(0.0, 0.0, 0.0, 0.0)
(151.36623535068247, 41.37126792968627, 83.67664795097907, 78.94023391601806)
(156.20546835923597, 40.37616880007871, 83.60505449246585, 78.87269291742068)
(160.8660709474251, 39.47575350506533, 83.3990379147204, 78.67833765539666)
(165.5516203648002, 38.51124593954312, 83.33271813270461, 78.6157718233063)
(170.11723031736952, 37.52831021548745, 83.19200726076905, 78.48302571770671)
(174.58843250268444, 36.37758622073643, 83.18672142041268, 78.47803907586109)
(179.10469220819337, 35.100545934369734, 83.23580601330109, 78.52434529556714)
(183.49094420136598, 33.94222261940873, 83.22163332578403, 78.5109748356454)
(187.91811965462057, 32.71611922188811, 83.18448212630607, 78.4759265342511)
(192.32629643358896, 31.486047752980234, 83.19661977930677, 78.4873771502895)
(196.8717284616506, 30.268103998475254, 83.07323924369132, 78.3709804185768)
(201.01878158810075, 28.847780265919745, 83.23707976813478, 78.52554695107064)
(205.64994401104434, 27.673723950768043, 83.05259000525541, 78.35150000495803)
(210.21848317105295, 26.32905687437396, 82.96342428289445, 78.26738139895713)
(214.67776200217605, 24.78687416759842, 83.12589079057012, 78.4206516892172)
(219.19795282806857, 23.532777628488873, 83.03803904601166, 78.33777268491676)
(223.72968260683487, 22.17156931062396, 83.24313417597902, 78.53125865658409)
(228.3024524992302, 20.74869525822384, 83.16979898103212, 78.46207451040776)
(232.63109926697936, 19.547426750049866, 83.21419611936192, 78.50395860317172)
(237.025579473714, 18.32583433027888, 82.98138804964262, 78.28432834871955)
(241.4398711600957, 17.007662810530974, 83.10959178625427, 78.4052752700513)
(245.9450541214728, 15.844083957381706, 83.09889017014068, 78.3951794057932)
(250.51118748837564, 14.456466325553592, 83.19861806524128, 78.48926232569943)
(255.3490198866266, 13.176218569628801, 83.0969889132706, 78.39338576723651)
(260.005972133918, 11.67044963143453, 83.26245453587526, 78.54948541120318)
(264.61099151675154, 10.447614022622915, 83.21727172723949, 78.50686012003735)
(269.3450733563053, 9.019650440990674, 83.36159584110062, 78.64301494443464)
(273.78023518896276, 7.6613802761415855, 83.58447285937952, 78.8532762824336)
(278.37951452964757, 6.438155522831842, 83.57951769363494, 78.8486015977689)
(282.94532239406027, 5.149416900737229, 83.4229996210595, 78.70094303873547)
(287.6949963916438, 3.872476754426131, 83.3519353172986, 78.63390124273462)
(292.1118964911559, 2.365170456427471, 83.42267613389951, 78.70063786216944)
(296.87589085429516, 0.9566642369262581, 83.45529531777724, 78.73141067714843)
(301.5719280624944, -0.4596805392050669, 83.26494209278502, 78.55183216300483)
(306.3187686678254, -1.9429154174432668, 83.2693687922794, 78.5560082946033)
(310.7814402807419, -3.6165744279295495, 83.48428435550885, 78.75875882595184)
(315.58368330359957, -5.062755977203317, 83.20810641526221, 78.49821359930407)
(320.05328015330184, -6.884750735059463, 83.29430334085767, 78.5795314536394)
(324.5299129502709, -8.689821871502964, 83.40570449496651, 78.68462688204399)
(329.2915274635906, -10.67920760239145, 83.41982898395206, 78.69795187165299)
(333.97222277024446, -12.346990834063845, 83.21932704251941, 78.50879909671653)
(338.4616359564959, -14.242480867567295, 83.06667254501644, 78.36478541982694)
(342.8978259824582, -15.91217588264378, 82.77726978801374, 78.09176395095648)
(347.451133932698, -17.928460036032703, 82.6824947078467, 78.0023534979687)
(351.87671058281666, -19.90922354204497, 83.0221373060468, 78.3227710434405)
(356.50114591860995, -21.724771065305312, 82.63087161492903, 77.9536524669143)
(361.04898150833276, -23.585734012818584, 82.37058861907708, 77.70810247082757)
(365.3910724082622, -25.39816744681523, 82.17236873328083, 77.52110257856695)
(369.5077713404874, -27.328864141569873, 82.38892204070535, 77.72539815160896)
(373.5282279057727, -29.585948877043776, 82.88078478904089, 78.18941961230286)
(377.6628510195155, -31.5380383251846, 83.10335985061799, 78.3993960854888)
(381.9199848475583, -33.445473597622865, 83.27244180390733, 78.55890736217685)
(386.09225744660955, -35.2724371727136, 83.36399279721101, 78.64527622378411)
(390.7952679629667, -36.55111182452557, 82.75875301449673, 78.07429529669515)
(394.9620048141693, -38.467244823004116, 82.98521583552906, 78.28793946748037)
(399.16930155154546, -39.87553969535015, 82.79959574944856, 78.11282617872517)
(403.5356269144396, -41.38476571502769, 82.71202559006662, 78.03021282081768)
(407.5422393610227, -42.9876620520075, 83.07721866565034, 78.37473459023629)
(412.0358958403563, -44.16931761507973, 82.91247650776434, 78.21931746015515)
(416.42997879356, -45.34902572997503, 82.70444976151329, 78.0230658127485)
(420.5942522546861, -46.6450643272135, 82.82692212637038, 78.13860577959481)
(424.85536538246583, -47.77264367518858, 82.8855674528422, 78.19393155928522)
(429.3061588831729, -48.954587365472904, 82.86642674049057, 78.17587428348179)
(433.57039983353195, -50.11833346263841, 82.90642628508496, 78.21360970291046)
(438.0707065585756, -51.44870379478112, 83.10194930960714, 78.39806538642195)
(442.3077381010466, -52.755252303229, 83.64052050200883, 78.90615141698959)
(446.72683640733993, -54.09360728159263, 83.74720914332845, 79.00680107861187)
(451.48051530392945, -55.4806183933467, 84.04386746343067, 79.28666741833095)
(456.1555591970638, -56.618466408189725, 83.79418250919323, 79.05111557471072)
(461.17358399358767, -57.734197909283296, 83.5089874083329, 78.782063592767)
(466.22816488346285, -58.76568970964395, 83.12864642936384, 78.42325134845657)
(471.33680909382167, -59.56235838173667, 82.7088433602087, 78.02721071717815)
(476.6129635439869, -60.3265166587656, 82.11844852237819, 77.47023445507389)
(481.475897769712, -61.13419116688387, 82.03869823499053, 77.39499833489687)
(486.4899158758458, -62.0081496738663, 81.69395059694172, 77.0697647140961)
(491.4215361845817, -62.77429823714954, 81.53023390525105, 76.91531500495395)
(496.14679789041725, -63.80639466947715, 81.78961039592377, 77.16000980747539)
(500.347229740108, -64.88273261001589, 82.35984655005787, 77.69796844345095)
(504.43687148176895, -66.4718290896982, 83.87120637728283, 79.12377960121034)
(509.1066846361147, -67.36609006468007, 84.2232304592163, 79.45587779171362)
(514.449302857996, -67.84892019809348, 83.57577477717236, 78.84507054450235)
(519.4948769545904, -68.69636690613353, 83.42420177929637, 78.70207715027972)
(524.9667648366412, -69.30832263177692, 83.108721913632, 78.40445463550202)
(529.5563452474164, -70.56607048992431, 84.16210503739423, 79.39821229942865)
(535.1987283878494, -70.27679053970797, 82.56984363934062, 77.89607890503845)
(541.7731068298248, -69.49472767254993, 79.392522302265, 74.89860594553315)
(545.3831345588412, -70.60933189736568, 81.24461039891953, 76.64585886690537)
(0.0, 0.0, 0.0, 0.0)
(612.71241922681, -55.77829342232906, 81.24461039891953, 76.64585886690537)
(617.3200242072787, -55.97514133797847, 81.24461039891953, 76.64585886690537)
