(65, 65, 70, 270)
(68.00379419682211, 65.0489801135237, 69.75205516104327, 269.0436413354526)
(70.82685460758296, 64.95238947446344, 69.50179310417, 268.07834483037)
(73.84280435254749, 64.9765367852585, 69.27602306980738, 267.2075175549713)
(76.98608914551292, 65.39421764371394, 68.94295995360305, 265.922845535326)
(80.06955300111048, 65.6798479090684, 68.62370375119703, 264.6914287546171)
(83.24250084781595, 65.7863703268576, 68.28058515739545, 263.36797132138247)
(86.32296740703828, 66.10202851141105, 67.93924737586484, 262.0513827354787)
(89.59278730026247, 66.75984852331987, 67.51076786773676, 260.3986760612704)
(92.73907506816838, 67.51348743770495, 67.1684944559484, 259.07847861580103)
(95.94161606282026, 68.19788198833069, 66.77661894857822, 257.5669588016589)
(99.06287625454634, 68.76403213911786, 66.48386663153232, 256.43777129305334)
(102.14960298476726, 69.46317464046382, 66.16121273163736, 255.19324910774424)
(105.24124838706967, 69.94604168693523, 65.91317125564582, 254.2365177003483)
(108.26849902225473, 70.77695737981985, 65.66885064933818, 253.29413821887593)
(111.35170806214525, 71.39764582637298, 65.36832307248685, 252.13496042244935)
(114.16384813228481, 71.96585722205079, 65.12493282478586, 251.19616946703124)
(117.06594315563052, 72.58430441170795, 64.79248350075066, 249.91386493146692)
(119.95862814206427, 73.27178008116532, 64.47063739262926, 248.67245851442718)
(122.78085167255023, 73.76729348478217, 64.23810897179408, 247.77556317692003)
(125.74784909852409, 74.47173699529073, 63.89200474484636, 246.44058973012167)
(128.54547005275808, 74.98141530760398, 63.61306227485494, 245.36466877444047)
(131.32756243043502, 75.52654767479324, 63.267413896454144, 244.03145360060884)
(134.16622113153798, 76.00581989411445, 62.973519345810736, 242.8978603338414)
(136.91325656612625, 76.45206598026073, 62.66362206061857, 241.70254223381448)
(139.48641205976062, 76.77899119831359, 62.4035568008889, 240.6994333748572)
(141.9635634394835, 77.33640785520222, 62.054814344177544, 239.35428389897055)
(144.31104327770484, 77.49029894297338, 61.888968437266115, 238.71459254374074)
(146.7173978944871, 77.783457591801, 61.67705876424844, 237.89722666210113)
(149.02598704282423, 78.02923386631615, 61.504002782027335, 237.22972501639114)
(151.40213937572767, 78.28554451086342, 61.30009899512667, 236.44323898120285)
(153.94689586514, 78.36670569344878, 61.113250200872336, 235.722536489079)
(156.45018891938085, 78.65809726727004, 60.91081753477347, 234.94172477698336)
(158.98527318057162, 78.81157369422355, 60.69230306512628, 234.09888325120133)
(161.62657643300082, 79.11179723261112, 60.39379690206479, 232.94750233653556)
(164.16141094723574, 79.10448325375609, 60.240631779844946, 232.3567225794019)
(166.79099537671732, 79.42647208345848, 59.92683645603803, 231.14636918757523)
(169.32983898371577, 79.49923836014565, 59.70748664438484, 230.3003056283415)
(171.83291730807113, 79.87894244591246, 59.42023258356479, 229.19232567946415)
(174.21150164552915, 80.2062312310742, 59.11359491450812, 228.0095803845313)
(176.48425870974194, 80.36590898272809, 58.95135104975442, 227.38378262048133)
(178.69083325771507, 80.31166808252736, 58.848382617870655, 226.98661866892965)
(180.78662677276697, 80.78017817657803, 58.58083733581371, 225.95465829528143)
(182.70536991990272, 81.17286970500425, 58.341190397010976, 225.0303058170423)
(184.70653548704166, 81.62632263472771, 58.00984925296744, 223.75227569001723)
(186.66082912847804, 81.88068311337345, 57.7437638011494, 222.72594609014763)
(188.60747847392287, 82.078213610424, 57.5240338358457, 221.87841622397622)
(190.5537092745885, 82.39707032890247, 57.31246517885035, 221.0623656898513)
(192.50816652904462, 82.69607150373545, 57.02644495704749, 219.95914483432597)
(194.56821808511302, 82.98687905775039, 56.76052885662944, 218.93346844699923)
(196.58883856905953, 83.24508037124832, 56.41081620904892, 217.58457680633148)
(198.67404445938453, 83.69428045574973, 56.099794687187945, 216.38492236486772)
(200.63445249676627, 83.84603157775445, 55.93123691320575, 215.73477095093642)
(202.61453909182663, 84.18118878150426, 55.70314990472567, 214.85500677537038)
(204.59178433872293, 84.36648737751283, 55.46565465019085, 213.93895365073607)
(206.56443666094182, 84.63579094436662, 55.21680691493275, 212.9791123861691)
(208.5357155912884, 84.98330086571461, 54.88045022611457, 211.68173658644187)
(210.4761559677716, 85.196533535777, 54.619534072757574, 210.67534570920773)
(212.33207236786174, 85.35234125825077, 54.362474221796056, 209.6838291412133)
(214.1677387560014, 85.53006315407744, 54.213205654501095, 209.1080789530756)
(216.10903274637124, 85.78791240536721, 53.97807861126144, 208.2011603577226)
(217.96078800255466, 86.20345626494584, 53.621766585222694, 206.82681397157316)
(219.7441348411115, 86.61237720069069, 53.3308907792028, 205.70486443406784)
(221.4227838769791, 86.81470104188325, 53.14583391840503, 204.99107368527646)
(223.09195642568562, 87.13875867673781, 52.879418752632645, 203.96347233158298)
(224.7198566283208, 87.14351904259398, 52.67385028095606, 203.17056536940188)
(226.1161555508599, 87.14728763011644, 52.52102294369037, 202.58108849709134)
(227.61046966490036, 87.34556465997005, 52.26506073123444, 201.5938056776185)
(229.1017920114648, 87.57941352650371, 52.01166408498059, 200.61641861349648)
(230.48438785342412, 87.6580151013491, 51.79548363153067, 199.78257972161822)
(231.93510508441355, 87.91053066564817, 51.54993295861431, 198.83545569751226)
(233.48184367377803, 88.32453785297373, 51.17612130722907, 197.39361075645488)
(234.81790395849103, 88.20498581638678, 51.06863696827184, 196.97902830619128)
(236.20021557397627, 88.54313300457537, 50.80836249218418, 195.97511246985317)
(237.60347212679056, 88.78574378125079, 50.578814718586855, 195.0897139145492)
(239.0336601322001, 89.0923083963545, 50.338555895267746, 194.16300131031835)
(240.4967604598858, 89.01988051163823, 50.287263687162, 193.9651599361962)
(241.47515649094302, 88.20011053105377, 50.525753607469404, 194.88504962881044)
(242.77831335092986, 87.91770865673962, 50.58466205546447, 195.11226792821998)
(244.1405117258876, 88.38790798651513, 50.23022990515842, 193.7451724913252)
(245.49112147154958, 88.53250491007302, 50.04140055055317, 193.0168306949907)
(246.94780267846946, 88.79487784484152, 49.707963673822796, 191.7307170276021)
(248.41169980280142, 89.11215378562413, 49.406573233752646, 190.5682110444744)
(249.5582819994489, 89.05724087552505, 49.361730373660784, 190.39524572697724)
(250.6757684663563, 88.74026354043228, 49.38334923672104, 190.47863277020966)
(251.9805113272051, 89.19674756550876, 49.0733019915859, 189.28273625325983)
(253.05370492211713, 89.14578324660924, 49.01749097363681, 189.0674651840276)
(254.43608090049204, 89.81280287204298, 48.45421606766828, 186.89483340386326)
(255.48004246556246, 90.17204001644414, 48.28261373830865, 186.23293870490468)
(256.5985697153932, 90.18793237181791, 48.1408351175535, 185.6860783105634)
(257.73804120617604, 90.5201595833364, 47.90461674536278, 184.77495030354206)
(258.88773105867807, 90.80496979165486, 47.71668723567118, 184.05007933758873)
(260.01952134447214, 91.05262913828356, 47.51194455470803, 183.26035756815944)
(261.1469643728889, 91.2089769479468, 47.38547646662455, 182.77255208555172)
(262.3236889237812, 91.24349918330836, 47.27314674960547, 182.33928031990672)
(263.54839716245857, 91.49341185182823, 46.99722270389147, 181.27500185786698)
(264.66629069729345, 91.6665300265095, 46.74501717719041, 180.30220911202005)
(265.82913788441317, 91.87756243157179, 46.502513720919694, 179.36683863783298)
(267.0191109115397, 92.09533358517028, 46.324899209635404, 178.68175409430788)
(268.16357650462265, 92.35102472531491, 46.14827271096955, 178.00048045659673)
(269.4070055751148, 92.43381547984444, 45.97925514615707, 177.34855556374862)
(270.6987155022605, 93.04621073524669, 45.606467616084494, 175.91066080489725)
(272.0215599839507, 93.32092729387816, 45.36968368200099, 174.99735134486087)
(273.27177893034155, 93.58319409491267, 45.11985614078171, 174.03373082872935)
(274.53461561357767, 93.85794636097172, 44.93958072352828, 173.33838279075187)
(275.9224435749031, 94.52314393696604, 44.54643212509605, 171.82195248251324)
(276.99744310684923, 94.48059496015878, 44.53956050261011, 171.79544765292462)
(278.18246769679, 94.63196831921042, 44.31532431100984, 170.93053662818073)
(279.23634280178715, 94.8160732163869, 44.16524622015618, 170.3516639920309)
(280.3839448151742, 95.16145509991433, 43.91252266213211, 169.37687312536664)
(281.5011985422229, 95.1341139371692, 43.69907233694093, 168.55356472820066)
(282.6705978389368, 95.41998367148096, 43.412763977888076, 167.44923248613964)
(283.75748124028956, 95.67635148232095, 43.08909483143256, 166.20079434981122)
(284.66787268176006, 95.69089128753522, 42.86676165552285, 165.34322352844518)
(285.63952509987735, 95.52136995049648, 42.71666970991331, 164.76429745252267)
(286.5761721198422, 95.82225403538618, 42.29729412701478, 163.14670591848545)
(287.2064156797333, 95.17142707966194, 42.289462036529486, 163.11649642661362)
(287.75205040837113, 95.09368981541508, 42.00599287222259, 162.02311536428704)
(288.1985294002624, 94.66627603790513, 41.93789450758076, 161.76045024352567)
(288.9484652409893, 94.36248111594902, 41.75253698628312, 161.04549980423477)
(289.7343950174466, 94.25647336755218, 41.48420526539977, 160.0105060236847)
(290.5763230288384, 94.30782909389976, 41.165858275819375, 158.78259620673174)
(291.2728327800976, 93.97558095673674, 41.02741641001965, 158.24860615293278)
(292.1957819113965, 94.46462328299967, 40.627898762656166, 156.70760951310223)
(292.86518486749605, 94.14122804447294, 40.56979353405081, 156.48348934562443)
(293.7247412754129, 94.29683171754544, 40.18817461470159, 155.011530656706)
(294.44660955381715, 94.19554214567353, 39.92433918093986, 153.99387969791076)
(295.3568683326633, 94.68557689630642, 39.5097054123102, 152.3945780189106)
(296.44135881784166, 95.43153451129149, 38.8249163364846, 149.75324872644046)
(297.274690958031, 95.93535550556516, 38.34263926313726, 147.893037157815)
(298.23259992445867, 96.27475913681413, 38.01623783418814, 146.6340602175827)
(299.1179084020774, 96.56329316502315, 37.480484160200696, 144.567581760774)
(299.95921854534726, 96.45369253512298, 37.276806744754694, 143.78196887262513)
(300.7030013186144, 95.90386559459427, 37.125850084939145, 143.19970747047944)
(301.6455096665339, 95.68791695875136, 37.04396449261579, 142.8838630429465)
(302.4456693619682, 95.67332558171005, 36.846721273622165, 142.12306776968538)
(303.39792574575534, 95.68172120272669, 36.674630381047855, 141.45928861261302)
(304.3285631698856, 95.9469437285154, 36.488587466381084, 140.74169451318406)
(305.1334263202569, 95.77708029121976, 36.47230598985729, 140.67889453230657)
(306.09092650869906, 95.99900144566301, 36.37743500750419, 140.3129636003732)
(306.91374946357945, 96.07797043025174, 36.33817337508724, 140.16152587533637)
(307.88577625512323, 96.18262652087711, 36.206741862312164, 139.6545757546325)
(308.5970721650068, 96.23543271301044, 36.19232264996685, 139.59895879272912)
(309.4311965130581, 96.30779572918263, 36.22536789917676, 139.72641903968162)
(310.0827598177363, 95.90603186516789, 36.38507087966415, 140.34241625013297)
(310.88283585334926, 95.72809889242474, 36.52127745101636, 140.86778445392005)
(311.655632509027, 95.90825079130562, 36.44638726466088, 140.57892230654892)
(312.5167934396217, 96.10066118773187, 36.383397678862025, 140.33596247561047)
(313.36631702936876, 95.99602666929252, 36.38353873178978, 140.33650653690324)
(314.2122158967816, 95.91402236352083, 36.36184597743297, 140.25283448438412)
(315.06250035189623, 95.88765416318742, 36.290915739078656, 139.97924642216032)
(315.9441604728942, 95.95344547880582, 36.13941190333266, 139.3948744842829)
(316.7064327427385, 96.0965716948571, 36.029784355831524, 138.97202537249282)
(317.49651140322317, 96.31167717129107, 35.90262996454979, 138.48157272040615)
(318.07157838107526, 96.35925062150808, 35.908166174861165, 138.5029266744643)
(318.7592935002701, 96.5180764084079, 35.82472812397157, 138.18109419246156)
(319.4048730430674, 96.92541397805924, 35.71801728056439, 137.76949522503386)
(319.91962669324084, 97.12965978163005, 35.63724044896749, 137.45792744601724)
(320.47600362159716, 97.49657239710088, 35.436351826629895, 136.68307133128653)
(320.9877536709766, 97.71977879919942, 35.24939957943355, 135.96196980638632)
(321.3425975433457, 97.91248487247795, 35.06845939328913, 135.26405765982926)
(321.7811304798004, 98.24816243276, 34.83970895006708, 134.38173452168704)
(322.13644355889124, 98.40727900268215, 34.67162429579176, 133.73340799805368)
(322.5069103057422, 98.06456013820612, 34.65398792123043, 133.66538198188854)
(323.0427073039226, 98.12052673009954, 34.507625858463356, 133.10084259692982)
(323.41410969402506, 97.99253956060345, 34.39650442786787, 132.67223136463295)
(324.04041513686826, 97.93515767356786, 34.23654490936896, 132.05524465042288)
(324.60829730089773, 97.73957833778206, 34.112346743419344, 131.5761945817601)
(325.250174328985, 97.81541545379159, 34.01255264818235, 131.19127450013167)
(325.9251723518521, 97.94773117452677, 33.864888145416884, 130.6217114180363)
(326.64804428841563, 97.81663561818031, 33.76747190900856, 130.24596307760422)
(327.32950161958246, 97.83949255764732, 33.5519266314406, 129.41457414984208)
(328.13301475215997, 97.86540631873872, 33.326370092848066, 128.54457035812803)
(328.86911261474944, 97.7378516859785, 33.299547902825296, 128.44111333946879)
(329.45799785410264, 97.58166041542009, 33.21839607646264, 128.12809915206998)
(330.2100164268269, 97.86130673394403, 33.0272556595298, 127.39084325818615)
(330.8083766114687, 98.14863974314841, 32.79891907930866, 126.51011644876176)
(331.5487273031337, 98.17562996680276, 32.70371574285363, 126.14290357957807)
(332.1722944818721, 98.26007791012842, 32.57639339709565, 125.65180310308301)
(332.801203866891, 98.40215150834302, 32.41598673643287, 125.03309169766943)
(333.45860154917364, 98.41683981850642, 32.29363521952378, 124.56116441816293)
(334.07905608014255, 98.58937077166316, 32.11986482946103, 123.89090719934947)
(334.67108688313255, 98.70458101386009, 32.025463868012274, 123.52678920518998)
(335.30073836416756, 98.75782364920562, 31.949296892270315, 123.23300229875672)
(335.9606760223589, 99.01352652987991, 31.788021429403322, 122.6109397991269)
(336.5310873012697, 99.14967152002026, 31.715924457519208, 122.33285147900246)
(337.13307248359075, 99.2949459265231, 31.58708837022086, 121.83591228513741)
(337.80822408490883, 99.61070009061947, 31.429290050397157, 121.22726162296027)
(338.47901578781034, 99.92768756122791, 31.274962503969117, 120.63199822959497)
(339.0945241721247, 100.22252845959873, 31.135437434559243, 120.09383010472831)
(339.6440332510676, 100.30064622025208, 31.058910731751585, 119.79865567961305)
(340.25696581312803, 100.57111263010808, 30.92725337130252, 119.29083443216665)
(340.81287603873614, 100.9471024431819, 30.743930234539416, 118.58373090465183)
(341.4043969752367, 101.39712279088944, 30.565527033413282, 117.89560427173674)
(342.00018785339904, 101.77391739181456, 30.377454798573055, 117.17018279449587)
(342.562362649691, 101.93710482455458, 30.26976780364536, 116.75481867120334)
(343.0646887509217, 102.20083113200792, 30.125741821887146, 116.19928988442166)
(343.6487329582185, 102.34564329974549, 30.044079188543478, 115.88430544152466)
(344.13255730180265, 102.55611950233543, 29.929976643953292, 115.4441956266768)
(344.6399170419046, 102.93455350161537, 29.720677085624402, 114.63689733026537)
(345.122261181351, 103.22642023814089, 29.560065955169033, 114.0173972556518)
(345.598945927571, 103.59655990241112, 29.374518728354147, 113.3017150950801)
(345.9786943767364, 103.57261613288358, 29.29986680072636, 113.01377194565863)
(346.2942486504598, 103.7232671422172, 29.189082960310895, 112.58646284691328)
(346.64014034805336, 103.98910287464842, 29.02275122528, 111.94489758322268)
(347.0941469122874, 104.29684628116931, 28.850822081186994, 111.28174231314966)
(347.44955041529994, 104.3897974776385, 28.769165465786887, 110.96678108232068)
(347.8392798712542, 104.39060043846769, 28.72652296012835, 110.80230284620917)
(348.13104405638853, 104.48094458126828, 28.653370566422137, 110.52014361334236)
(348.38512506955857, 104.58031142552404, 28.518102827191424, 109.99839661916675)
(348.64300982430717, 104.50792122941479, 28.47877374738175, 109.84669873990087)
(348.7838663927499, 104.64225634702862, 28.373421694480573, 109.44034082156776)
(348.94961215506345, 104.53128023255364, 28.367186517509843, 109.4162908532521)
(349.14667772650785, 104.55552974173264, 28.26852656602727, 109.03574532610503)
(349.26008704595614, 104.54480415427531, 28.107564860724473, 108.41489303422283)
(349.49537554265845, 104.61291864061405, 28.00560969349168, 108.02163738918206)
(349.7374353626979, 104.54649075340012, 27.89432330536592, 107.59238989212555)
(349.96381505657956, 104.53137916738457, 27.757298780883815, 107.06386672626601)
(350.0775132625064, 104.47360021892806, 27.666315943249003, 106.71293292396031)
(350.2587623550418, 104.40892517504147, 27.63023377380304, 106.5737588418116)
(350.3495130870048, 104.38312883886854, 27.514589243470827, 106.12770136767305)
(350.4183254985393, 104.36895371911464, 27.467113346183215, 105.9445800495637)
(350.58423802014397, 104.44227342437802, 27.361393039301852, 105.5368017230213)
(350.7628069155249, 104.41907496518303, 27.289167357915108, 105.25821695195815)
(350.9573080052298, 104.46960713115152, 27.215015032020865, 104.97220083779463)
(351.2253889353055, 104.54536854364211, 27.117879050775738, 104.59753348156343)
(351.2653410865591, 104.5835116209104, 27.016734513893567, 104.20740455358934)
(351.403346099953, 104.56258529701476, 26.98455993632441, 104.08330261153688)
(351.46261346603274, 104.48129506785351, 26.917905086977466, 103.82620533548439)
(351.536552016346, 104.30001671811303, 26.870949617210382, 103.64509138066849)
(351.69316723482905, 104.26375364760807, 26.837351748603574, 103.51549960175652)
(351.82918253387794, 104.2746533564674, 26.7672254473808, 103.24501243989724)
(351.99985413884417, 104.49124778261228, 26.622323887838956, 102.68610642452155)
(352.23593177396106, 104.70299675627444, 26.49336930119902, 102.18871016176752)
(352.28339085142744, 104.8292872328776, 26.431196507594315, 101.94890081500651)
(352.42336964292787, 105.05122970321858, 26.316400057405936, 101.50611450713704)
(352.5122821922706, 105.04643793448639, 26.247522712626743, 101.24044474870301)
(352.54422466147184, 104.90847080815757, 26.231428301568076, 101.17836630604815)
(352.6386290963919, 104.95594526988617, 26.1504075176654, 100.86585756813783)
(352.7458004687336, 105.03962826758469, 26.05959992923202, 100.51559972703765)
(352.78210689871105, 105.07358389342401, 26.029437020449016, 100.39925707887463)
(352.849585487618, 105.17920844366125, 25.917734237166275, 99.96840348621264)
(352.972295906846, 105.47046635846516, 25.77259416042913, 99.40857747594079)
(352.99962227107056, 105.56255366567524, 25.71910109994867, 99.20224709980187)
(353.0534747809505, 105.74680683157374, 25.6016304551888, 98.74914604144236)
(353.11050583438646, 106.09752105665692, 25.496113270191973, 98.34215118502603)
(353.1060217421621, 106.09169116243001, 25.49769620073439, 98.34825677426106)
(353.16662849918913, 106.42599588387023, 25.36467238394594, 97.83516490950562)
(353.13325903004875, 106.47956656846935, 25.336562689414226, 97.72674180202614)
(353.09602215104866, 106.63896725825816, 25.265406564601857, 97.45228246346414)
(353.0525062466716, 106.88219633551572, 25.168783588199794, 97.07959384019904)
(352.9930840320523, 107.12513817566722, 25.059326015485244, 96.65740034544291)
(352.969266916906, 107.48168873376359, 24.925685831715366, 96.14193106518766)
(353.03068352767707, 107.86020909573337, 24.76604841095442, 95.52618672796686)
(353.0488733106424, 108.06893911030171, 24.681878317679974, 95.20153065390829)
(353.0705845775829, 108.2797457747647, 24.570248996689614, 94.77096041580262)
(353.0656934717242, 108.35846330653345, 24.474654011141403, 94.40223690011668)
(353.05454912729624, 108.55509655189557, 24.375421703903584, 94.01948371505651)
(353.0603004993914, 108.65233730917612, 24.331112563228885, 93.84857702959697)
(353.0481980295093, 108.69292354839206, 24.311982542055578, 93.77478980507135)
(353.0428226764348, 108.71362855511578, 24.250467623204624, 93.53751797521767)
(353.08542753850185, 108.92551888037113, 24.157079188132986, 93.17730543994135)
(353.16924363940734, 109.08881352257733, 24.055456507806447, 92.78533224439613)
(353.23037499299204, 109.26002415161054, 23.972195265480774, 92.46418173828283)
(353.29748916842556, 109.4367757608301, 23.88749694391062, 92.13748821222653)
(353.3993799459586, 109.57433129825108, 23.815673396657022, 91.86045452996267)
(353.5440284093199, 109.65806805746034, 23.740487798059515, 91.57045293537229)
(353.70157434077305, 109.79806115704443, 23.624675720309313, 91.12374920690722)
(353.8394076051566, 109.84515436207735, 23.55634561732349, 90.86019023824763)
(354.0152380156199, 109.84773743106295, 23.499606671396933, 90.64134001824519)
(354.11011721827555, 109.63804481387885, 23.52365441842932, 90.73409561394153)
(354.2200919831509, 109.64281267789566, 23.470941216803702, 90.53077326481414)
(354.34415503494023, 109.68305249456296, 23.41470964447506, 90.3138800572608)
(354.5062038110916, 109.68303237919389, 23.336644807015965, 90.01277282706144)
(354.66196575324034, 109.63500511238684, 23.22287482896858, 89.57394576887866)
(354.735517001678, 109.71091077530596, 23.12600426568702, 89.20030216764978)
(354.78615663571713, 109.70239073511556, 23.067632712452422, 88.97515474803062)
(354.82019530289807, 109.60175023326256, 23.0167672921531, 88.77895955544753)
(354.8657160188218, 109.54233170701517, 22.956304473586936, 88.54574582669233)
(354.9577555655902, 109.49411698729615, 22.90708255778441, 88.35588986573973)
(354.9630445191083, 109.51441696453762, 22.8965962034827, 88.31544249914742)
(355.00670021035944, 109.425080075128, 22.86778701824602, 88.20432135609165)
(355.0895691176681, 109.47370811632072, 22.781761117691225, 87.87250716823745)
(355.11060081430776, 109.53936995172727, 22.7414677439431, 87.71708986949469)
(355.2404089788185, 109.51391810077763, 22.66617758679662, 87.42668497764397)
(355.34821938167323, 109.44676523639805, 22.609614398274683, 87.20851267905935)
(355.35882608231674, 109.48652366753532, 22.58507458097203, 87.11385909803484)
(355.47321771358764, 109.55376433039503, 22.501890683664566, 86.79300692270604)
(355.6241393812189, 109.58074549901518, 22.43076023902703, 86.51864663624698)
(355.63649494500174, 109.58837560015459, 22.427045205211392, 86.50431722010096)
(355.8363329812146, 109.74960391003367, 22.301630607395044, 86.02057519995218)
(355.9584817269094, 109.90570521387986, 22.225301866005474, 85.72616434030668)
(355.96526824345835, 109.91577503594277, 22.219297192282465, 85.7030034559465)
(356.0207554930928, 109.84890695598918, 22.230637146138605, 85.74674327796303)
(356.1300779687474, 109.90615152307876, 22.17880127686068, 85.5468049250339)
(356.127554642238, 109.91031181969814, 22.175943877145126, 85.53578352613106)
(356.2143554960071, 109.88932156858317, 22.15438074382569, 85.45261144047036)
(356.30508721717297, 109.98417944411264, 22.091111881571983, 85.20857440034892)
(356.3075551365658, 109.98303484804288, 22.092401628723906, 85.21354913936348)
(356.327639863114, 110.00883606799329, 22.058396726408755, 85.08238737329076)
(356.38636001507655, 110.06001331568606, 21.96393615881169, 84.71803946970208)
(356.38872183190915, 110.06603000608615, 21.959700806396487, 84.70170311038629)
(356.4992448536804, 110.2019888517796, 21.8646923605103, 84.33524196196814)
(356.49519317235865, 110.22151282845601, 21.84838166065378, 84.27232926252155)
(356.4971613048007, 110.23141699290342, 21.844567466082093, 84.25761736917363)
(356.5540837846856, 110.3955693766026, 21.753030855921818, 83.90454758712686)
(356.49547915097617, 110.44154354473909, 21.709626109668744, 83.73712928015071)
(356.5220842187089, 110.52966179253131, 21.662427937093902, 83.55507918593347)
(356.48936654886074, 110.6557576990308, 21.555255854915206, 83.14170115467279)
(356.4003904815136, 110.72986819916832, 21.44042234507827, 82.69877190244462)
(356.40264738825834, 110.74713250164857, 21.431086754245047, 82.66276319494504)
(356.1931184126783, 110.68849481619424, 21.395066580405107, 82.52382823870526)
(356.0808790060629, 110.66155109212849, 21.335060530354713, 82.29237633136803)
(356.07064321639115, 110.62542385296217, 21.353884160479435, 82.3649817618491)
(355.8683155588906, 110.49921813664295, 21.339350022355607, 82.30892151480005)
(355.71542862250305, 110.60560643990166, 21.2422918638806, 81.93455433211074)
(355.72140492941134, 110.613994213116, 21.236747941470266, 81.91317063138517)
(355.57107178977566, 110.62906492396314, 21.20355191605416, 81.7851288190659)
(355.4746174591513, 110.56818292820405, 21.170966192537172, 81.65944102835752)
(355.4643917212083, 110.52905033157336, 21.18976971920448, 81.73196891693142)
(355.3836567706744, 110.5269920639447, 21.129590450350463, 81.49984887992308)
(355.2182926273817, 110.61215306300217, 21.066214733029582, 81.25539968454254)
(355.2108880711416, 110.60380180799017, 21.074493083791015, 81.28733046605092)
(355.0725192568822, 110.68398730580763, 21.011173339262978, 81.04309716572848)
(354.9498612550237, 110.74561177858467, 20.959034508995632, 80.84199024898301)
(354.9438588652415, 110.71107119750256, 20.969360821763033, 80.8818203125144)
(354.8268893549305, 110.76743111887819, 20.90590604355698, 80.63706616800535)
(354.7348668761379, 110.83130615464037, 20.863449536298347, 80.47330535429347)
(354.7338288855822, 110.83893294378873, 20.860764775222286, 80.46294984728581)
(354.67167599818873, 111.01388630865264, 20.740868889853036, 80.000494289433)
(354.664231235133, 111.26886982965378, 20.624166619089426, 79.55035695934478)
(354.6638225203562, 111.26465794751797, 20.62589957598681, 79.55704122166327)
(354.67486374574355, 111.55757468503325, 20.49114622677461, 79.03727830327335)
(354.6447014730801, 111.70441808422426, 20.443377510382742, 78.85302754004758)
(354.6446941129181, 111.70730957330643, 20.442079974847367, 78.84802276012542)
(354.5831791655036, 111.82099087163017, 20.39347901030132, 78.66056189687637)
(354.6178125602179, 111.9554073367612, 20.3304988419666, 78.41763839044246)
(354.6143102906899, 111.9390495489669, 20.3358554318038, 78.43829952267166)
(354.6332439153457, 112.03662191636144, 20.28333974499217, 78.23573901639823)
(354.6773699301686, 112.15306663529597, 20.215717598158925, 77.97491073575571)
(354.6765442243335, 112.15684849705264, 20.214927603579078, 77.97186361380487)
(354.77027532044343, 112.31302776187513, 20.132751055890452, 77.65489692986303)
(354.91903602037945, 112.47283718665628, 20.05318619898715, 77.34800391037885)
(354.9152460257272, 112.46496302062019, 20.05649372735424, 77.36076151979476)
(355.08124292942705, 112.67692040322262, 19.937024334016982, 76.89995100263677)
(355.2095740100771, 112.8258772555962, 19.872256703966805, 76.65013300101465)
(355.214638954248, 112.83907671171166, 19.864629257031353, 76.62071284854935)
(355.4320106923787, 113.11264544648253, 19.738357460457454, 76.13366449033573)
(355.5123754140614, 113.21004474894957, 19.697989345217017, 75.97795890297976)
(355.5149844620637, 113.18203318145058, 19.714927010931195, 76.04328989930588)
(355.70991322536685, 113.34640846190604, 19.630458888621824, 75.71748428468402)
