(77, 93, 37, 51)
(81.8321533203125, 92.56266784667969, 36.27450942993164, 50.0)
(87.57422637939453, 92.12178802490234, 36.27450942993164, 50.0)
(91.98197937011719, 91.68590545654297, 37.0, 51.0)
(98.32969665527344, 92.50343322753906, 37.0, 51.0)
(105.08490753173828, 92.64459228515625, 38.49479675292969, 53.060394287109375)
(110.44452667236328, 93.32915496826172, 38.49479675292969, 53.060394287109375)
(117.88691711425781, 94.76719665527344, 36.999996185302734, 50.999996185302734)
(122.71015167236328, 95.39110565185547, 35.5632438659668, 49.01960754394531)
(129.98098754882812, 95.94206237792969, 34.182281494140625, 47.116119384765625)
(135.9200897216797, 94.9256362915039, 33.51204299926758, 46.1922721862793)
(140.2542266845703, 94.09679412841797, 34.182281494140625, 47.116119384765625)
(146.25079345703125, 95.45856475830078, 35.5632438659668, 49.01960754394531)
(152.53640747070312, 97.11492919921875, 34.86592483520508, 48.05843734741211)
(159.43971252441406, 95.59246826171875, 36.274505615234375, 49.99999237060547)
(165.9452667236328, 95.80079650878906, 36.999996185302734, 50.99999237060547)
(171.89964294433594, 96.00421142578125, 34.86592483520508, 48.058433532714844)
(178.4042205810547, 93.86990356445312, 34.86592483520508, 48.058433532714844)
(185.19439697265625, 94.673828125, 33.51203918457031, 46.19226837158203)
(189.96128845214844, 94.9544677734375, 32.85493850708008, 45.286537170410156)
(194.88748168945312, 95.89723205566406, 32.21072769165039, 44.39856719970703)
(199.24769592285156, 96.46826171875, 31.579143524169922, 43.52800750732422)
(201.4945526123047, 96.29446411132812, 32.21072769165039, 44.39856719970703)
(201.29698181152344, 95.914794921875, 32.21072769165039, 44.39856719970703)
(199.9913330078125, 94.40170288085938, 32.21072769165039, 44.39856719970703)
(198.50094604492188, 94.06977844238281, 32.21072769165039, 44.39856719970703)
(195.0721435546875, 93.00169372558594, 32.85493850708008, 45.286537170410156)
(191.20106506347656, 93.14067077636719, 32.85493850708008, 45.286537170410156)
(184.73223876953125, 92.47804260253906, 33.51203536987305, 46.19226837158203)
(177.8482666015625, 91.46049499511719, 33.51203536987305, 46.19226837158203)
(170.53317260742188, 92.11807250976562, 32.85493850708008, 45.286537170410156)
(162.3325653076172, 93.43083953857422, 33.51203536987305, 46.192264556884766)
(150.88385009765625, 94.62831115722656, 32.85493469238281, 45.28653335571289)
(139.7150421142578, 95.72771453857422, 33.51203155517578, 46.1922607421875)
(128.3284149169922, 97.42093658447266, 33.51203155517578, 46.1922607421875)
(117.90870666503906, 97.6550521850586, 33.51203155517578, 46.1922607421875)
(111.57539367675781, 96.42096710205078, 33.51203155517578, 46.1922607421875)
(107.76034545898438, 95.42736053466797, 32.21072006225586, 44.398563385009766)
(104.64690399169922, 94.645751953125, 32.21072006225586, 44.398563385009766)
(103.60010528564453, 95.00674438476562, 31.579137802124023, 43.52800369262695)
(104.00294494628906, 95.77749633789062, 32.21072006225586, 44.398563385009766)
(105.68111419677734, 97.66262817382812, 31.579137802124023, 43.52800369262695)
(108.8704605102539, 99.40762329101562, 31.579137802124023, 43.52800369262695)
(113.80790710449219, 99.58450317382812, 31.579137802124023, 43.52800369262695)
(119.91801452636719, 98.72052764892578, 32.21072006225586, 44.398563385009766)
(126.71272277832031, 98.42401885986328, 32.21072006225586, 44.398563385009766)
(135.0991973876953, 98.35887145996094, 32.21072006225586, 44.398563385009766)
(143.4451904296875, 98.00179290771484, 32.85493469238281, 45.28653335571289)
(154.39732360839844, 97.99738311767578, 33.51203155517578, 46.1922607421875)
(163.761474609375, 97.71857452392578, 32.85493469238281, 45.286529541015625)
(174.1434783935547, 98.04950714111328, 33.51203155517578, 46.192256927490234)
(184.72576904296875, 97.94378662109375, 33.51203155517578, 46.192256927490234)
(192.7057647705078, 98.896728515625, 32.85493087768555, 45.28652572631836)
(199.90667724609375, 101.19390106201172, 32.210716247558594, 44.398555755615234)
(202.8130340576172, 101.54496765136719, 32.210716247558594, 44.398555755615234)
(203.00564575195312, 102.73291015625, 32.210716247558594, 44.398555755615234)
(198.631591796875, 103.19911193847656, 32.85493087768555, 45.28652572631836)
(191.81692504882812, 104.0382308959961, 32.85493087768555, 45.28652572631836)
(182.65838623046875, 103.71987915039062, 32.85493087768555, 45.28652572631836)
(171.17559814453125, 101.72664642333984, 32.85493087768555, 45.28652572631836)
(157.51588439941406, 101.09368896484375, 32.85493087768555, 45.28652572631836)
(143.46859741210938, 99.93441772460938, 33.512027740478516, 46.19225311279297)
(128.28294372558594, 98.40737915039062, 33.512027740478516, 46.19225311279297)
(116.60165405273438, 98.99856567382812, 33.512027740478516, 46.19225311279297)
(108.1330795288086, 100.01896667480469, 33.512027740478516, 46.19225311279297)
(99.22062683105469, 102.72712707519531, 33.512027740478516, 46.19225311279297)
(93.14288330078125, 106.38015747070312, 32.85492706298828, 45.286521911621094)
(88.73225402832031, 107.18875122070312, 33.51202392578125, 46.19225311279297)
(84.47955322265625, 108.5098876953125, 33.51202392578125, 46.19225311279297)
(81.20808410644531, 109.09698486328125, 33.51202392578125, 46.19225311279297)
(79.12733459472656, 109.09381103515625, 33.51202392578125, 46.19225311279297)
(77.42682647705078, 108.64984130859375, 33.51202392578125, 46.19225311279297)
(76.14002227783203, 109.173583984375, 33.51202392578125, 46.19225311279297)
(76.53270721435547, 109.05482482910156, 34.18226623535156, 47.11609649658203)
(76.96235656738281, 110.84736633300781, 34.865909576416016, 48.05841827392578)
(79.26786804199219, 110.96170043945312, 34.865909576416016, 48.05841827392578)
(83.09956359863281, 110.93006896972656, 34.865909576416016, 48.05841827392578)
(88.58783721923828, 110.12702941894531, 34.865909576416016, 48.05841827392578)
(96.88046264648438, 106.720458984375, 34.865909576416016, 48.05841827392578)
(107.58670043945312, 104.07276916503906, 35.56322479248047, 49.01958465576172)
(119.61862182617188, 100.08818054199219, 35.56322479248047, 49.01958465576172)
(133.40283203125, 96.57080078125, 35.56322479248047, 49.01958465576172)
(149.13909912109375, 93.78627014160156, 35.56322479248047, 49.01958465576172)
(166.6563720703125, 94.05886840820312, 35.56322479248047, 49.01958465576172)
(182.12380981445312, 97.11932373046875, 34.865909576416016, 48.058414459228516)
(194.75738525390625, 100.70091247558594, 34.865909576416016, 48.058414459228516)
(203.0817108154297, 105.80451965332031, 34.1822624206543, 47.116092681884766)
(208.37745666503906, 109.70700073242188, 34.1822624206543, 47.116092681884766)
(209.08642578125, 110.644287109375, 34.1822624206543, 47.116092681884766)
(207.6648406982422, 110.79289245605469, 34.1822624206543, 47.116092681884766)
(205.68374633789062, 110.82926940917969, 34.1822624206543, 47.116092681884766)
(202.93011474609375, 110.09735107421875, 34.1822624206543, 47.116092681884766)
(199.26004028320312, 109.98164367675781, 34.1822624206543, 47.116092681884766)
(195.5857391357422, 111.32645416259766, 33.512020111083984, 46.19224548339844)
(188.90878295898438, 114.19229888916016, 33.512020111083984, 46.19224548339844)
(181.85763549804688, 117.61588287353516, 33.512020111083984, 46.19224548339844)
(172.3962860107422, 119.83084869384766, 33.512020111083984, 46.19224548339844)
(160.56190490722656, 116.79718780517578, 33.512020111083984, 46.19224548339844)
(146.48214721679688, 109.93294525146484, 33.512020111083984, 46.19224548339844)
(129.4110870361328, 102.10050201416016, 33.512020111083984, 46.19224548339844)
(111.34490966796875, 101.24755096435547, 33.512020111083984, 46.19224548339844)
(95.90254974365234, 105.63480377197266, 33.512020111083984, 46.19224548339844)
(81.37889862060547, 113.04344940185547, 33.512020111083984, 46.19224548339844)
(68.95159912109375, 115.03047180175781, 34.18225860595703, 47.1160888671875)
(61.96308135986328, 115.57879638671875, 34.86590576171875, 48.05841064453125)
(54.48162078857422, 115.12574768066406, 34.86590576171875, 48.05841064453125)
(48.61804962158203, 114.9085693359375, 34.86590576171875, 48.05841064453125)
(41.705078125, 115.67387390136719, 34.86590576171875, 48.05841064453125)
(34.4879264831543, 116.78099060058594, 34.86590576171875, 48.05841064453125)
(26.597747802734375, 119.52310180664062, 34.18225860595703, 47.1160888671875)
(17.48101806640625, 117.30366516113281, 34.86590576171875, 48.05841064453125)
(9.333707809448242, 109.64004516601562, 34.86590576171875, 48.05841064453125)
(1.7300834655761719, 101.79539489746094, 34.86590576171875, 48.05841064453125)
(-3.692324638366699, 99.01991271972656, 35.5632209777832, 49.01957702636719)
(-4.438559532165527, 104.97455596923828, 35.5632209777832, 49.01957702636719)
(-0.3149147033691406, 119.58124542236328, 35.5632209777832, 49.01957702636719)
(7.844146728515625, 132.09317016601562, 35.5632209777832, 49.01957702636719)
(15.93763542175293, 138.92074584960938, 35.5632209777832, 49.01957702636719)
(23.746145248413086, 139.76364135742188, 35.5632209777832, 49.01957702636719)
(30.710554122924805, 139.22421264648438, 35.5632209777832, 49.01957702636719)
(35.64972686767578, 139.32501220703125, 35.5632209777832, 49.01957702636719)
(40.21124267578125, 139.20260620117188, 34.865901947021484, 48.058406829833984)
(43.68791961669922, 135.77548217773438, 34.865901947021484, 48.058406829833984)
(46.72090530395508, 134.60536193847656, 34.18225860595703, 47.116085052490234)
(50.55807876586914, 133.48291015625, 34.18225860595703, 47.116085052490234)
(53.79784393310547, 132.8140106201172, 34.865901947021484, 48.058406829833984)
(58.025123596191406, 133.06861877441406, 34.865901947021484, 48.058406829833984)
(65.66129302978516, 131.932373046875, 34.865901947021484, 48.058406829833984)
(73.58644104003906, 131.1929168701172, 34.18225860595703, 47.116085052490234)
(82.5296630859375, 126.87094116210938, 34.18225860595703, 47.116085052490234)
(91.04281616210938, 118.85633850097656, 33.51201629638672, 46.192237854003906)
(99.16987609863281, 109.42158508300781, 33.51201629638672, 46.192237854003906)
(104.49787902832031, 101.87907409667969, 33.51201629638672, 46.192237854003906)
(106.64956665039062, 97.84500122070312, 33.51201629638672, 46.192237854003906)
(106.0677490234375, 97.35298156738281, 33.51201629638672, 46.192237854003906)
(103.89982604980469, 99.00599670410156, 33.51201629638672, 46.192237854003906)
(98.23728942871094, 101.12713623046875, 34.182254791259766, 47.11608123779297)
(91.88516235351562, 104.31825256347656, 34.182254791259766, 47.11608123779297)
(87.10417938232422, 104.59323120117188, 34.182254791259766, 47.11608123779297)
(81.03691101074219, 104.72135925292969, 34.182254791259766, 47.11608123779297)
(76.66252136230469, 103.64215087890625, 34.182254791259766, 47.11608123779297)
(73.67787170410156, 101.78244018554688, 34.182254791259766, 47.11608123779297)
(71.2092514038086, 100.75091552734375, 34.182254791259766, 47.11608123779297)
(71.1586685180664, 99.18986511230469, 34.182254791259766, 47.11608123779297)
(72.60746002197266, 99.35667419433594, 34.182254791259766, 47.11608123779297)
(75.5245132446289, 99.04432678222656, 34.182254791259766, 47.11608123779297)
(78.85526275634766, 99.21308898925781, 34.182254791259766, 47.11608123779297)
(83.75818634033203, 100.47018432617188, 34.865901947021484, 48.05840301513672)
(89.35859680175781, 102.2666015625, 34.865901947021484, 48.05840301513672)
(97.51078033447266, 102.87174987792969, 35.56321716308594, 49.019569396972656)
(105.99761199951172, 103.30110168457031, 35.56321716308594, 49.019569396972656)
(116.14134216308594, 102.19255065917969, 34.86589813232422, 48.05840301513672)
(123.3522720336914, 98.89576721191406, 35.56321716308594, 49.019569396972656)
(128.70849609375, 98.20941162109375, 35.56321716308594, 49.019569396972656)
(133.3093719482422, 98.39141082763672, 34.86589813232422, 48.05839920043945)
(135.65892028808594, 98.06085205078125, 34.86589813232422, 48.05839920043945)
(135.2398681640625, 97.95556640625, 34.86589813232422, 48.05839920043945)
(133.2496795654297, 98.8309097290039, 34.86589813232422, 48.05839920043945)
(129.69778442382812, 99.54314422607422, 34.86589813232422, 48.05839920043945)
(124.64846801757812, 100.4322509765625, 34.86589813232422, 48.05839920043945)
(119.95866394042969, 100.26930236816406, 34.86589813232422, 48.05839920043945)
(116.23820495605469, 97.82939910888672, 34.86589813232422, 48.05839920043945)
(115.22257995605469, 96.56279754638672, 34.1822509765625, 47.1160774230957)
(115.74949645996094, 95.591064453125, 34.1822509765625, 47.1160774230957)
(119.04791259765625, 95.9354476928711, 34.1822509765625, 47.1160774230957)
(123.01791381835938, 97.26663970947266, 34.1822509765625, 47.1160774230957)
(129.60240173339844, 97.98771667480469, 34.1822509765625, 47.1160774230957)
(137.65670776367188, 98.12781524658203, 34.1822509765625, 47.1160774230957)
(146.22406005859375, 98.0297622680664, 33.51200866699219, 46.192230224609375)
(153.56610107421875, 95.7127685546875, 33.51200866699219, 46.192230224609375)
(159.59039306640625, 95.47054290771484, 33.51200866699219, 46.192230224609375)
(164.3209228515625, 95.26032257080078, 33.51200866699219, 46.192230224609375)
