(77, 93, 37, 51)
(81.75918684236015, 91.36726668649484, 37.23400668637345, 51.322549756893125)
(86.95893699869592, 90.90136766277965, 37.474917750655045, 51.654616359011)
(92.00367281223893, 91.69725769561249, 37.54636531302214, 51.75309813416565)
(97.93181800783668, 92.8064379812873, 37.40719223139694, 51.56126496760118)
(104.57774755086547, 94.48766231564474, 37.25902516194095, 51.357034682675355)
(111.5807447921346, 95.47748152266382, 36.88681974190269, 50.84399477937938)
(117.93689583862951, 95.56242440288715, 36.32600690672534, 50.07098249305384)
(124.47344915847447, 95.6393695177806, 35.37553515473074, 48.76087278084507)
(129.20264248273716, 94.00614146265876, 36.71066657261163, 50.60118905954575)
(134.47336933575403, 93.55381429401575, 36.40874533728098, 50.1850273567927)
(139.2281290773913, 93.98207722349909, 36.37166848095959, 50.13392141970105)
(145.01262288149172, 94.9753381517703, 36.424354456743146, 50.20654262956487)
(151.9891313082515, 96.47355092241281, 36.422143267286046, 50.20349477382671)
(158.82448945662614, 96.6098175224106, 36.60326412873993, 50.453147853128016)
(164.8645608704149, 96.58662483478403, 36.51176876209989, 50.327032618029584)
(170.61740867313625, 95.695135883614, 36.58113114005563, 50.42264022007669)
(176.76387532992362, 94.54831489963661, 36.581929515933986, 50.42374068412522)
(182.41234305797565, 93.61441237868114, 36.53696244361899, 50.361759043907256)
(187.14403619941902, 93.71813629753377, 36.36189098006818, 50.12044432387776)
(192.06227076468116, 94.23191557952937, 36.12286447649706, 49.79097535949594)
(196.04025875006732, 95.45950328503791, 35.84523323228721, 49.408294455314795)
(198.62573465258924, 95.56491107664225, 35.86803753075899, 49.43972740726239)
(198.42055566022484, 94.93683390155411, 35.870985847519066, 49.443791303337086)
(197.46922452806308, 93.92036624897241, 35.753537027858194, 49.281902389750485)
(196.31495688453552, 93.08472637841753, 35.80720476120239, 49.3558768330087)
(192.8270554758228, 92.25830811818702, 35.95061011769034, 49.55354367573533)
(188.14127792436625, 91.55107767986178, 36.09812042079875, 49.756868688128)
(182.07251165388996, 90.70882572945918, 36.3739281082357, 50.137036041081636)
(175.44183016215325, 89.87296309882527, 36.75160884073256, 50.65762299668541)
(167.41969311052952, 90.15096391926319, 37.09881568323784, 51.13620540121971)
(158.4842085613017, 91.23611603028453, 37.47674278950598, 51.65713195310282)
(148.3411994182866, 91.99495000021379, 38.0901383948721, 52.50262319293179)
(136.90880455560847, 93.2588006852327, 38.33801527843152, 52.84429132972991)
(125.7584327579948, 94.27700212246677, 38.66521761389321, 53.29529995428522)
(116.66610982686059, 94.21790761350475, 39.035929149989755, 53.806280720256126)
(110.0610635446275, 92.26142445476475, 39.47539183164344, 54.41202657875175)
(105.25637781108378, 90.52241672313238, 39.80246044228556, 54.8628508799071)
(102.07447593446338, 89.47498634828747, 40.09360184201074, 55.26415389033911)
(100.72967204065934, 89.12155063925633, 40.29216653879851, 55.53785117510063)
(101.22203489391893, 89.8178003544994, 40.47711093725979, 55.79277453514184)
(103.12800637673753, 91.22531357685789, 40.80786816693509, 56.2486831490186)
(106.1435853562831, 92.9623362589152, 40.706725771808806, 56.10927065843914)
(111.15237393797136, 93.06048012742468, 40.60058659671354, 55.96297071438891)
(117.19298209873591, 92.39996194208943, 40.70787735526257, 56.1108579761727)
(124.71922724172694, 92.41736091498493, 40.57231822162423, 55.924006197373906)
(132.512229686858, 92.60243316759852, 40.70626877569808, 56.1086407448811)
(141.03452379714932, 93.05237873389532, 40.71436915374826, 56.11980613084216)
(150.71604797657523, 93.02465466879133, 40.83230834372453, 56.282370960268906)
(160.72835143184346, 93.44710755685425, 40.60425599861776, 55.96802853863525)
(170.8192882973804, 94.31804400086821, 40.054920109340756, 55.21083582638857)
(180.5457213329855, 94.8226815536934, 40.22796956547432, 55.44936345511321)
(188.9228035860028, 95.85727171879383, 39.880619634635046, 54.97058382071314)
(195.3395263704484, 97.26776430734131, 39.64174804035321, 54.64132837994627)
(198.3598277081123, 98.57243753489782, 39.508661844517555, 54.45788524514578)
(197.59954843640924, 99.71661194373647, 39.387054250228374, 54.290263966530965)
(194.13857425958244, 100.58129511095028, 39.20588370739762, 54.04054240749398)
(187.0626412899714, 100.81771437714359, 39.05733460755724, 53.835785540146425)
(178.13602779210916, 100.1662924840018, 39.17783455250041, 54.001880058851874)
(166.37141099691738, 98.68433033537698, 39.38083523272776, 54.28169180727337)
(152.47787794384047, 97.11709137181629, 40.01561862403781, 55.15666350880884)
(138.00956101596282, 95.50770584430143, 40.815869423152506, 56.25971190758855)
(124.04462876835225, 94.63309647394107, 41.59035366935017, 57.327244246942094)
(0.0, 0.0, 0.0, 0.0)
(0.0, 0.0, 0.0, 0.0)
(0.0, 0.0, 0.0, 0.0)
(0.0, 0.0, 0.0, 0.0)
(0.0, 0.0, 0.0, 0.0)
(0.0, 0.0, 0.0, 0.0)
(0.0, 0.0, 0.0, 0.0)
(0.0, 0.0, 0.0, 0.0)
(0.0, 0.0, 0.0, 0.0)
(0.0, 0.0, 0.0, 0.0)
(0.0, 0.0, 0.0, 0.0)
(0.0, 0.0, 0.0, 0.0)
(0.0, 0.0, 0.0, 0.0)
(0.0, 0.0, 0.0, 0.0)
(0.0, 0.0, 0.0, 0.0)
(0.0, 0.0, 0.0, 0.0)
(0.0, 0.0, 0.0, 0.0)
(0.0, 0.0, 0.0, 0.0)
(130.60163795664658, 93.07262181522941, 42.13272262186308, 58.074833884189616)
(142.8946132887481, 87.22369970416969, 48.25206370570694, 66.5096013240825)
(159.60200364723008, 87.98790574450868, 47.13005337448515, 64.96304654320922)
(174.86472051610068, 90.5183388007507, 47.08867420217365, 64.90601038677985)
(187.0290146893078, 94.91421296015655, 46.85713175419691, 64.5868572828119)
(195.13374401870206, 99.51826248106781, 46.528593505564636, 64.13400726442688)
(199.6278251368821, 103.56346689449252, 45.844294794595136, 63.190784716874326)
(200.47107961799068, 104.89173708367284, 45.63727801987801, 62.905437270642615)
(199.15727383023807, 105.14442804064886, 45.509487984055106, 62.72929424829213)
(196.94615786475342, 104.90912545407208, 45.33917535936037, 62.49453900884803)
(194.2867152180599, 104.17157893621886, 45.220301253333346, 62.33068551135133)
(191.35796189993013, 103.98415681777745, 45.032428250920994, 62.07172542694511)
(187.7763843692512, 105.11654185823414, 44.98635479665385, 62.008218773766075)
(182.62661001385547, 108.09424620232234, 45.17787128088281, 62.272200954730316)
(175.01677955770703, 111.27013579488737, 45.7682597322422, 63.08597963092839)
(165.91479967781882, 112.53935505468515, 46.30876734358112, 63.831003635746896)
(154.0271746378691, 109.10355697649857, 46.99682870277738, 64.77941253626066)
(139.78225488685905, 101.25640731791933, 47.61529979659443, 65.63189971963011)
(122.5707045888562, 92.95835793683824, 48.93296216017823, 67.44813703159697)
(104.70910620831663, 90.92723277648933, 49.98388719274176, 68.89670937377915)
(0.0, 0.0, 0.0, 0.0)
(0.0, 0.0, 0.0, 0.0)
(0.0, 0.0, 0.0, 0.0)
(0.0, 0.0, 0.0, 0.0)
(0.0, 0.0, 0.0, 0.0)
(0.0, 0.0, 0.0, 0.0)
(0.0, 0.0, 0.0, 0.0)
(0.0, 0.0, 0.0, 0.0)
(0.0, 0.0, 0.0, 0.0)
(0.0, 0.0, 0.0, 0.0)
(0.0, 0.0, 0.0, 0.0)
(0.0, 0.0, 0.0, 0.0)
(0.0, 0.0, 0.0, 0.0)
(0.0, 0.0, 0.0, 0.0)
(0.0, 0.0, 0.0, 0.0)
(0.0, 0.0, 0.0, 0.0)
(0.0, 0.0, 0.0, 0.0)
(0.0, 0.0, 0.0, 0.0)
(0.0, 0.0, 0.0, 0.0)
(0.0, 0.0, 0.0, 0.0)
(0.0, 0.0, 0.0, 0.0)
(0.0, 0.0, 0.0, 0.0)
(145.2870635240949, 31.209388423968875, 124.5646058619665, 171.69715943135913)
(151.26037876042864, 31.43183045448761, 124.80101982289274, 172.02302732344666)
(156.4090795241255, 32.294551837136595, 124.7319355562412, 171.92780306400806)
(161.00975360138, 32.37661323053396, 124.80785485778688, 172.0324485877602)
(165.22224959608354, 32.10229753070544, 125.04773408420013, 172.36309292687037)
(169.13239721836405, 31.655623096461184, 125.26320544120158, 172.660093986521)
(172.6630074673804, 31.25131456591403, 125.29246956230953, 172.70043101831843)
(175.35670282989705, 30.388938010825868, 125.30815500915122, 172.72205149910022)
(177.4355010653078, 29.873793530280338, 125.16520697582972, 172.52501502073815)
(177.14076568938845, 30.63061806187315, 124.85630126282464, 172.0992260649744)
(174.66841077463482, 31.406743444432408, 124.49554539408976, 171.60196797563714)
(169.55639017013135, 32.06606417297208, 124.03355144684669, 170.9651655078156)
(162.87959031427607, 32.89555503129962, 123.58594266246348, 170.34819123744958)
(154.56061737292276, 33.871242936725196, 123.59183898462325, 170.35631860042656)
(145.62570286428286, 34.96103888170224, 123.52345083881711, 170.26205385890998)
(136.66363059481986, 35.21804605546609, 123.73931290703996, 170.5595934664604)
(128.13842709581846, 35.56331469179291, 123.97891363062871, 170.88985392329894)
(120.20470332136017, 36.02314795635401, 123.93284799595152, 170.82635804847362)
(112.48717105902863, 36.515746242935435, 123.94695304795837, 170.84580014718577)
(105.41975066036994, 36.703324547093715, 124.04953676519763, 170.98719932500202)
(99.35096470325894, 36.941871060523695, 124.21880118430245, 171.22050974052488)
(93.39036630135007, 37.354600171141485, 124.17875531233891, 171.16531137646703)
(88.12852329159826, 37.16683466085382, 124.09308159063161, 171.04722057087048)
(82.84822580198536, 37.25920966240329, 124.06378704349021, 171.00684160048638)
(78.40953888779512, 38.024805045494986, 123.72604246366758, 170.5413017742444)
(74.0723564190213, 38.49364717395932, 123.49592742074645, 170.2241161745423)
(69.47357852207958, 37.888155362175, 123.47560296560646, 170.196101385025)
(64.74539195085885, 37.346681121193484, 124.37120035121201, 171.43057345707592)
(60.014590815699954, 36.85447034416546, 124.93248829047509, 172.2042406166007)
(54.154730043024415, 35.83826927724566, 125.75093420106055, 173.33236876362392)
(47.69938275146898, 35.049020725152886, 126.8473435058511, 174.8436356432001)
(40.80855534849084, 34.6201576126732, 127.410645040323, 175.62007829882353)
(33.370794134368055, 34.30014129180384, 128.14590105011155, 176.6335392852888)
(25.74346170775584, 34.04910998182717, 128.58148936525004, 177.23394480074995)
(17.193166911091225, 32.977250061426574, 129.25189554793474, 178.15801818769373)
(8.777063299130475, 31.93815876273601, 129.90487685022538, 179.0580734962565)
(0.12201778682562292, 31.320064623671968, 130.61330619270618, 180.03455718454083)
(-7.16055649964747, 30.340909176880885, 131.06556261477346, 180.65793765820112)
(-14.318286662886607, 29.165426214399332, 132.0129962078533, 181.96385963785173)
(-19.864621788797223, 28.679306739155038, 132.1748040329167, 182.18689204537156)
(-24.888707696331466, 28.019610723783927, 132.72070038106625, 182.9393437684966)
(-28.685611371533014, 27.831561678671335, 133.20644498732872, 183.60888363118272)
(-31.489343444611166, 28.452554280549023, 132.99068601947135, 183.31148613494688)
(-33.92729737081244, 28.60562125637091, 133.29382089213757, 183.72932068916248)
(-35.80199702945748, 28.227072672066086, 133.59014670784074, 184.13776978648306)
(-36.90249037263696, 27.240311919189537, 133.7889237308086, 184.41175973706038)
(-38.380877604877455, 26.435394509134838, 134.26073573191067, 185.06209519803892)
(-39.679422190052975, 26.37802452860126, 134.24469624015234, 185.03998670939905)
(-41.260952121273334, 26.720310953312193, 134.39287878325712, 185.2442383228678)
