(168, 80, 49, 50)
(164.22911999999997, 84.60287999999998, 49.76639999999999, 49.76639999999999)
(163.7336695910145, 84.58937844355357, 49.577094519142825, 49.577094519142825)
(163.39968393093577, 84.57314180691237, 49.35651603461273, 49.35651603461273)
(162.96524482022454, 84.50646621548826, 49.276129729667986, 49.276129729667986)
(162.74907000703038, 84.38123378510659, 49.39959568906415, 49.39959568906415)
(162.60490209864915, 84.31839522242846, 49.42429014840476, 49.42429014840476)
(159.25247999999996, 79.62623999999998, 49.76639999999999, 49.76639999999999)
(159.25247999999996, 79.62623999999998, 49.76639999999999, 49.76639999999999)
(170.0352, 95.3856, 41.471999999999994, 41.471999999999994)
(170.0352, 95.3856, 41.471999999999994, 41.471999999999994)
(170.0498074556545, 95.62152856161154, 40.67319280353473, 40.67319280353473)
(169.34399999999997, 100.22399999999999, 34.559999999999995, 34.559999999999995)
(168.01991002412183, 100.57765965791091, 33.04192018613127, 33.04192018613127)
(166.49738715574043, 101.26922904416818, 31.030203227581566, 31.030203227581566)
(244.85068799999993, 125.41132799999997, 59.71967999999998, 59.71967999999998)
(244.85068799999993, 125.41132799999997, 59.71967999999998, 59.71967999999998)
(244.85068799999993, 125.41132799999997, 59.71967999999998, 59.71967999999998)
(244.80324998934535, 125.35160666415003, 59.83314122638736, 59.83314122638736)
(244.866209436435, 125.37138373819285, 59.789375652520484, 59.789375652520484)
(244.85100159699203, 125.37655401154282, 59.785886302109596, 59.785886302109596)
(244.81550647707726, 125.33889977297571, 59.81470124897038, 59.81470124897038)
(244.80352678385898, 125.36763052897618, 59.803748526031924, 59.803748526031924)
(244.78912263383702, 125.3700415645011, 59.86539374013836, 59.86539374013836)
(244.78086008514288, 125.39487532928352, 59.855307509401634, 59.855307509401634)
(244.85068799999993, 125.41132799999997, 59.71967999999998, 59.71967999999998)
(244.84050967607712, 125.37813179277636, 59.8106543236269, 59.8106543236269)
(244.77913925749542, 125.37079274626495, 59.85438515102469, 59.85438515102469)
(244.85068799999993, 125.41132799999997, 59.71967999999998, 59.71967999999998)
(244.85068799999993, 125.41132799999997, 59.71967999999998, 59.71967999999998)
(87.0912, 70.5024, 41.471999999999994, 41.471999999999994)
(85.0823778265486, 72.54328333191967, 40.25478106565281, 40.25478106565281)
(83.67025826276459, 74.48861616071379, 38.92756145298646, 38.92756145298646)
(82.06590681834501, 76.2365825263528, 38.182040709013116, 38.182040709013116)
(81.33509687175761, 77.76606463298806, 37.50830751380901, 37.50830751380901)
(81.61769547598546, 78.84559927237216, 36.56004603533379, 36.56004603533379)
(81.70329127978457, 79.69781952685486, 36.37849370996212, 36.37849370996212)
(81.91262573202869, 80.25033177450914, 36.21850705645044, 36.21850705645044)
(82.60920414632545, 81.40533761800512, 35.96574634602097, 35.96574634602097)
(83.37010783114272, 82.71262039217785, 35.907943492988004, 35.907943492988004)
(84.0675091487127, 84.703150677033, 35.769404590758185, 35.769404590758185)
(250.82265599999994, 119.43935999999997, 59.71967999999998, 59.71967999999998)
(250.83000004850226, 119.44029535709606, 59.74829634635465, 59.74829634635465)
(250.83920577774288, 119.43692784414918, 59.73501184099844, 59.73501184099844)
(250.8072396776652, 119.41022602629806, 59.78191523256004, 59.78191523256004)
(250.82265599999994, 119.43935999999997, 59.71967999999998, 59.71967999999998)
(250.82265599999994, 119.43935999999997, 59.71967999999998, 59.71967999999998)
(250.82265599999994, 119.43935999999997, 59.71967999999998, 59.71967999999998)
(250.8176000182172, 119.42728497524853, 59.764063203799736, 59.764063203799736)
(250.82265599999994, 119.43935999999997, 59.71967999999998, 59.71967999999998)
(250.83449350726116, 119.43985259759324, 59.698507426883744, 59.698507426883744)
(250.82265599999994, 119.43935999999997, 59.71967999999998, 59.71967999999998)
(250.82265599999994, 119.43935999999997, 59.71967999999998, 59.71967999999998)
(250.82265599999994, 119.43935999999997, 59.71967999999998, 59.71967999999998)
(250.78990901466796, 119.38586106154301, 59.81956728121075, 59.81956728121075)
(250.82265599999994, 119.43935999999997, 59.71967999999998, 59.71967999999998)
(250.82265599999994, 119.43935999999997, 59.71967999999998, 59.71967999999998)
(250.82265599999994, 119.43935999999997, 59.71967999999998, 59.71967999999998)
(250.8031228648927, 119.42264974086932, 59.75603020576127, 59.75603020576127)
(250.8241503623464, 119.41166429886988, 59.77427794522891, 59.77427794522891)
(250.83686688900406, 119.41537813998067, 59.80426481378857, 59.80426481378857)
(250.84376242880464, 119.40091137509376, 59.802345072078026, 59.802345072078026)
(250.87160336724787, 119.3836854800409, 59.84395323425406, 59.84395323425406)
(250.88519144395528, 119.39919616417018, 59.82968601638613, 59.82968601638613)
(250.88023217745024, 119.38772139473545, 59.84357183455245, 59.84357183455245)
(250.94448721417518, 119.44512523517135, 59.780583001336915, 59.780583001336915)
(250.82265599999994, 119.43935999999997, 59.71967999999998, 59.71967999999998)
(250.85850027614586, 119.48539714723967, 59.65720775630184, 59.65720775630184)
(250.88132018062956, 119.45850391695774, 59.70104548639693, 59.70104548639693)
(250.82265599999994, 119.43935999999997, 59.71967999999998, 59.71967999999998)
(250.76323820924617, 119.40638569069154, 59.79243403853872, 59.79243403853872)
(238.87871999999993, 131.38329599999997, 59.71967999999998, 59.71967999999998)
(238.85841668992305, 131.34566633494265, 59.727846434606796, 59.727846434606796)
(238.86001197195867, 131.37877864578687, 59.71366954241056, 59.71366954241056)
(238.85372826351022, 131.32989239827592, 59.791605611651214, 59.791605611651214)
(238.9199183354206, 131.37295014596754, 59.707931522517974, 59.707931522517974)
(238.90727796883235, 131.4148294326996, 59.629025243975704, 59.629025243975704)
(238.9408310004386, 131.44385823334886, 59.608336417091294, 59.608336417091294)
(238.94208047255978, 131.44934201943488, 59.5814539279271, 59.5814539279271)
(250.82265599999994, 119.43935999999997, 59.71967999999998, 59.71967999999998)
(250.82265599999994, 119.43935999999997, 59.71967999999998, 59.71967999999998)
(250.82265599999994, 119.43935999999997, 59.71967999999998, 59.71967999999998)
(250.8098110808344, 119.39277789821728, 59.773964809034105, 59.773964809034105)
(250.81291117931985, 119.35411469103866, 59.82178072534447, 59.82178072534447)
(250.81248823449425, 119.34536044738493, 59.77416470093318, 59.77416470093318)
(250.82239553385824, 119.33675883561612, 59.83461133267392, 59.83461133267392)
(250.8487585136877, 119.3310783584143, 59.84182189645256, 59.84182189645256)
(250.8418135324505, 119.32896278391539, 59.83672992533321, 59.83672992533321)
(250.83916087322666, 119.30523010760172, 59.89772982385897, 59.89772982385897)
(250.8964763747006, 119.3652158971616, 59.772356633411086, 59.772356633411086)
(250.8889692202264, 119.34616546876158, 59.81358554196893, 59.81358554196893)
(250.87744092049124, 119.34705782332334, 59.81924712190793, 59.81924712190793)
(250.87574489684184, 119.33497056432236, 59.83069580983176, 59.83069580983176)
(250.9036339423174, 119.3519648344073, 59.79850780677125, 59.79850780677125)
(250.95729217458887, 119.39311848904204, 59.71909966742364, 59.71909966742364)
(250.957171163086, 119.35707065869154, 59.7705044101559, 59.7705044101559)
(250.94856509603977, 119.3672176434031, 59.77312914190466, 59.77312914190466)
(250.95440785579362, 119.35954111604757, 59.77926588802196, 59.77926588802196)
(238.87871999999993, 131.38329599999997, 59.71967999999998, 59.71967999999998)
(238.87871999999993, 131.38329599999997, 59.71967999999998, 59.71967999999998)
(238.94113599151518, 131.37788667413244, 59.731566766969436, 59.731566766969436)
(250.82265599999994, 119.43935999999997, 59.71967999999998, 59.71967999999998)
(250.80086172288136, 119.41658916038143, 59.739434325721426, 59.739434325721426)
(250.77695020303483, 119.36800417862082, 59.83172147674266, 59.83172147674266)
(250.75068718255295, 119.3369193807952, 59.861359334112656, 59.861359334112656)
(250.82265599999994, 119.43935999999997, 59.71967999999998, 59.71967999999998)
(250.8099510768557, 119.40541484248075, 59.790133791600915, 59.790133791600915)
(250.7903120091914, 119.38617250333209, 59.82706207341385, 59.82706207341385)
(250.77437598791147, 119.39606961193496, 59.83259744605188, 59.83259744605188)
(164.22911999999997, 89.57951999999997, 49.76639999999999, 49.76639999999999)
(164.22911999999997, 89.57951999999997, 49.76639999999999, 49.76639999999999)
(163.60385525155417, 89.59684863534324, 49.92977129376659, 49.92977129376659)
(174.18239999999997, 89.57951999999997, 49.76639999999999, 49.76639999999999)
(174.05216039465245, 89.92931426916417, 49.70226373217941, 49.70226373217941)
(173.91899092660546, 90.32507927987695, 49.78835059307808, 49.78835059307808)
(174.18239999999997, 94.55615999999998, 49.76639999999999, 49.76639999999999)
(174.3768139057989, 94.70391252884578, 49.529885420823994, 49.529885420823994)
(174.7201727589186, 95.00530208264908, 48.925321034897095, 48.925321034897095)
(250.82265599999994, 119.43935999999997, 59.71967999999998, 59.71967999999998)
(250.80413162631854, 119.40604985971703, 59.78724632548773, 59.78724632548773)
(250.80532828210025, 119.37402050231515, 59.83169749634617, 59.83169749634617)
(250.82204656614408, 119.36453944553865, 59.86076092825854, 59.86076092825854)
(250.823995878684, 119.35037547682859, 59.870656248491166, 59.870656248491166)
(250.78946243939993, 119.35408056293514, 59.88929282920775, 59.88929282920775)
(250.78425369798757, 119.33562719261653, 59.919363632344975, 59.919363632344975)
(250.807167396531, 119.33511864994902, 59.92468369619561, 59.92468369619561)
(250.8695009370837, 119.3733738213611, 59.83549329966051, 59.83549329966051)
(250.88652849534978, 119.40540076927562, 59.812699169456494, 59.812699169456494)
(250.8530366088197, 119.38391754973775, 59.85502473939161, 59.85502473939161)
(250.82265599999994, 119.43935999999997, 59.71967999999998, 59.71967999999998)
(250.82265599999994, 119.43935999999997, 59.71967999999998, 59.71967999999998)
(250.83257391058225, 119.46929744183231, 59.7024076553978, 59.7024076553978)
(250.8141185354809, 119.44716469856691, 59.73596147200673, 59.73596147200673)
(250.82265599999994, 119.43935999999997, 59.71967999999998, 59.71967999999998)
(250.8225673972982, 119.40781540364591, 59.7684869661456, 59.7684869661456)
(250.8341647918884, 119.41758937294316, 59.74211834884017, 59.74211834884017)
(250.80193454065449, 119.40251000061546, 59.78423998412054, 59.78423998412054)
(250.80555222353965, 119.41011022744594, 59.78573264569396, 59.78573264569396)
(250.81491128076357, 119.39146940674019, 59.82536414062112, 59.82536414062112)
(250.82265599999994, 119.43935999999997, 59.71967999999998, 59.71967999999998)
(250.798536142418, 119.3957699275743, 59.81464212727318, 59.81464212727318)
(250.82265599999994, 119.43935999999997, 59.71967999999998, 59.71967999999998)
(238.87871999999993, 119.43935999999997, 59.71967999999998, 59.71967999999998)
(238.87871999999993, 119.43935999999997, 59.71967999999998, 59.71967999999998)
(238.87871999999993, 119.43935999999997, 59.71967999999998, 59.71967999999998)
(238.88986701833494, 119.43277630544436, 59.73396128071274, 59.73396128071274)
(238.9015546603026, 119.43982527553703, 59.73591558662116, 59.73591558662116)
(238.89307215493355, 119.46048705727736, 59.718884015328, 59.718884015328)
(238.87871999999993, 131.38329599999997, 59.71967999999998, 59.71967999999998)
(238.77393404862167, 131.33031363748893, 59.869010203537684, 59.869010203537684)
(238.67052999812267, 131.26510233601337, 60.01026654672319, 60.01026654672319)
(250.82265599999994, 119.43935999999997, 59.71967999999998, 59.71967999999998)
(250.81712231288532, 119.41186510072717, 59.773212584190105, 59.773212584190105)
(250.82265599999994, 119.43935999999997, 59.71967999999998, 59.71967999999998)
(250.79337205913907, 119.42133704546725, 59.79179768640916, 59.79179768640916)
(250.82265599999994, 119.43935999999997, 59.71967999999998, 59.71967999999998)
(250.82265599999994, 119.43935999999997, 59.71967999999998, 59.71967999999998)
(250.8145236635588, 119.4208669457854, 59.75218002444473, 59.75218002444473)
(250.82265599999994, 119.43935999999997, 59.71967999999998, 59.71967999999998)
(250.78116469510547, 119.41389042362117, 59.78075098869508, 59.78075098869508)
(250.85885569956713, 119.37891052964531, 59.80734529813116, 59.80734529813116)
(250.86932995353698, 119.41495851408392, 59.792927551910196, 59.792927551910196)
(250.85519947885152, 119.42341104721093, 59.78035598174991, 59.78035598174991)
(250.8549419198705, 119.4171415253393, 59.782137579204104, 59.782137579204104)
(159.25247999999996, 74.64959999999998, 49.76639999999999, 49.76639999999999)
(159.21818669122268, 74.61662657647662, 50.00716679333577, 50.00716679333577)
(159.133613159288, 74.57589154551849, 50.23637245095519, 50.23637245095519)
(161.74079999999998, 87.0912, 41.471999999999994, 41.471999999999994)
(162.55965123070197, 87.01680171898327, 41.920021415549094, 41.920021415549094)
(250.82265599999994, 119.43935999999997, 59.71967999999998, 59.71967999999998)
(250.82265599999994, 119.43935999999997, 59.71967999999998, 59.71967999999998)
(250.8325050629094, 119.42473396525321, 59.71745318765754, 59.71745318765754)
(250.82265599999994, 119.43935999999997, 59.71967999999998, 59.71967999999998)
(250.82887996394777, 119.42853989656503, 59.76697023128392, 59.76697023128392)
(250.85393535757922, 119.4322635030871, 59.75206147038822, 59.75206147038822)
(238.87871999999993, 131.38329599999997, 59.71967999999998, 59.71967999999998)
(163.2, 108.0, 24.0, 24.0)
(238.87871999999993, 131.38329599999997, 59.71967999999998, 59.71967999999998)
(238.85082341225774, 131.36261681948437, 59.70802932782804, 59.70802932782804)
(238.87871999999993, 131.38329599999997, 59.71967999999998, 59.71967999999998)
(238.88055545484355, 131.35549888648424, 59.768072078593924, 59.768072078593924)
(238.8372302348824, 131.3012331147653, 59.832627791953726, 59.832627791953726)
(238.75777384807935, 131.2567498724935, 59.9514404679036, 59.9514404679036)
(238.78885400921763, 131.271777787538, 59.94343358800986, 59.94343358800986)
(238.81443088726945, 131.2751989038711, 59.94058915807809, 59.94058915807809)
(238.7687521051651, 131.22368363495033, 60.01291901232581, 60.01291901232581)
(238.76373402308857, 131.1926874644949, 60.03595566476012, 60.03595566476012)
(238.79844797308203, 131.20523039398054, 60.00577337024198, 60.00577337024198)
(238.80664971695916, 131.2109296964514, 59.99262000455806, 59.99262000455806)
(238.83812665524795, 131.09291627829487, 60.13392027837108, 60.13392027837108)
(250.82265599999994, 119.43935999999997, 59.71967999999998, 59.71967999999998)
(244.85068799999993, 119.43935999999997, 59.71967999999998, 59.71967999999998)
(250.82265599999994, 119.43935999999997, 59.71967999999998, 59.71967999999998)
(250.79768165154707, 119.41780362029714, 59.78415506409315, 59.78415506409315)
(250.79796667211747, 119.4023110529769, 59.8134312143586, 59.8134312143586)
(250.78975379215655, 119.38152493082849, 59.82161722818668, 59.82161722818668)
(250.82265599999994, 119.43935999999997, 59.71967999999998, 59.71967999999998)
(250.82265599999994, 119.43935999999997, 59.71967999999998, 59.71967999999998)
(238.87871999999993, 131.38329599999997, 59.71967999999998, 59.71967999999998)
(238.9106885375409, 131.41469996234565, 59.67231396983987, 59.67231396983987)
(238.87664815605956, 131.38703775469241, 59.694770953505696, 59.694770953505696)
(238.90490297228234, 131.3811128834152, 59.703660490981974, 59.703660490981974)
(250.82265599999994, 119.43935999999997, 59.71967999999998, 59.71967999999998)
(250.82265599999994, 119.43935999999997, 59.71967999999998, 59.71967999999998)
(250.82265599999994, 119.43935999999997, 59.71967999999998, 59.71967999999998)
(250.76829797082797, 119.420028521121, 59.78493902709386, 59.78493902709386)
(250.82265599999994, 119.43935999999997, 59.71967999999998, 59.71967999999998)
(250.82265599999994, 119.43935999999997, 59.71967999999998, 59.71967999999998)
(250.89406479960286, 119.48356619340173, 59.60618979337223, 59.60618979337223)
(250.82265599999994, 119.43935999999997, 59.71967999999998, 59.71967999999998)
(250.82265599999994, 119.43935999999997, 59.71967999999998, 59.71967999999998)
(250.82265599999994, 119.43935999999997, 59.71967999999998, 59.71967999999998)
(250.82265599999994, 119.43935999999997, 59.71967999999998, 59.71967999999998)
(250.82265599999994, 119.43935999999997, 59.71967999999998, 59.71967999999998)
(250.82265599999994, 119.43935999999997, 59.71967999999998, 59.71967999999998)
(250.8628438600586, 119.46964490595711, 59.673667072851316, 59.673667072851316)
(250.82393680757755, 119.41499841255808, 59.72499192000095, 59.72499192000095)
(250.82265599999994, 119.43935999999997, 59.71967999999998, 59.71967999999998)
(250.80357865132413, 119.40436773433198, 59.78749778328906, 59.78749778328906)
(250.82265599999994, 119.43935999999997, 59.71967999999998, 59.71967999999998)
(250.82265599999994, 119.43935999999997, 59.71967999999998, 59.71967999999998)
(250.82265599999994, 119.43935999999997, 59.71967999999998, 59.71967999999998)
(250.81946264249916, 119.40021693546797, 59.76523602652492, 59.76523602652492)
(250.77143908001366, 119.35593177630278, 59.837967721808425, 59.837967721808425)
(250.7761365961265, 119.35054323284531, 59.86729949622336, 59.86729949622336)
(250.76870427639267, 119.33946406252554, 59.885597363230076, 59.885597363230076)
(250.77701364195292, 119.3440655423436, 59.868673456328324, 59.868673456328324)
(250.7665213308299, 119.31587303590808, 59.926035031699364, 59.926035031699364)
(250.71673212439418, 119.28553878552705, 59.97452701878957, 59.97452701878957)
(250.82265599999994, 119.43935999999997, 59.71967999999998, 59.71967999999998)
(250.7808375506747, 119.40121128944428, 59.78583032638479, 59.78583032638479)
(250.79450442817574, 119.42218712690627, 59.76600389560145, 59.76600389560145)
(250.82265599999994, 119.43935999999997, 59.71967999999998, 59.71967999999998)
(250.82265599999994, 119.43935999999997, 59.71967999999998, 59.71967999999998)
(250.8231778526495, 119.4129348311652, 59.79029156813826, 59.79029156813826)
(250.79702397777388, 119.35584376146534, 59.85997907863174, 59.85997907863174)
(250.7668769374938, 119.29623199950558, 59.97935519044187, 59.97935519044187)
(250.7962473395675, 119.31144224532926, 59.981283331607024, 59.981283331607024)
(250.83797378565458, 119.34383031251011, 59.91939110837813, 59.91939110837813)
(250.88133353588657, 119.35265942309367, 59.89132639307039, 59.89132639307039)
(250.84102976366114, 119.3311239614151, 59.93055210158376, 59.93055210158376)
(250.8649566394134, 119.33120134986268, 59.9435504008605, 59.9435504008605)
(250.80951669297465, 119.26601103721298, 60.038988399206765, 60.038988399206765)
(250.8023348618696, 119.27298173296343, 60.01239747157306, 60.01239747157306)
(250.75401988409092, 119.2119409251066, 60.08607820838047, 60.08607820838047)
(250.76715606931674, 119.22020192722695, 60.042822805702265, 60.042822805702265)
(250.76722940583974, 119.21297393318355, 60.03898350570312, 60.03898350570312)
(250.79270731562232, 119.18722808808332, 60.072622412700476, 60.072622412700476)
(250.77790901761816, 119.21220945316509, 60.07200660636506, 60.07200660636506)
(250.76001087945332, 119.2060682119729, 60.12718154480411, 60.12718154480411)
(250.77149642935393, 119.1739899191001, 60.14839989812785, 60.14839989812785)
(250.75851024587882, 119.1898962527148, 60.159388134218744, 60.159388134218744)
(250.7392975597332, 119.1691271700848, 60.17700051822872, 60.17700051822872)
(250.7529458352542, 119.18794054570346, 60.17921446523362, 60.17921446523362)
(250.76402177123018, 119.20399084691383, 60.1519966753129, 60.1519966753129)
(250.78594528671752, 119.22760808798711, 60.132502671681955, 60.132502671681955)
(250.82354119083152, 119.25448469278469, 60.04815559001647, 60.04815559001647)
(250.79626378075295, 119.19623194090924, 60.12260787111111, 60.12260787111111)
(250.82265599999994, 119.43935999999997, 59.71967999999998, 59.71967999999998)
(250.82265599999994, 119.43935999999997, 59.71967999999998, 59.71967999999998)
(250.82265599999994, 119.43935999999997, 59.71967999999998, 59.71967999999998)
(250.82265599999994, 119.43935999999997, 59.71967999999998, 59.71967999999998)
(170.0352, 91.2384, 41.471999999999994, 41.471999999999994)
(170.0352, 91.2384, 41.471999999999994, 41.471999999999994)
