(207, 117, 29, 103)
(206.23336791992188, 115.92688751220703, 28.431371688842773, 100.98039245605469)
(205.69931030273438, 116.29234313964844, 27.327348709106445, 97.0592041015625)
(202.88687133789062, 115.64734649658203, 26.791519165039062, 95.15608215332031)
(202.81060791015625, 113.77589416503906, 26.26619529724121, 93.29027557373047)
(202.82652282714844, 114.07550048828125, 25.751171112060547, 91.46105194091797)
(202.3545379638672, 113.18881225585938, 25.751171112060547, 91.46105194091797)
(202.2440185546875, 110.752197265625, 26.791515350341797, 95.15607452392578)
(204.07798767089844, 107.72966003417969, 27.873889923095703, 99.00037384033203)
(203.396728515625, 105.62046813964844, 28.99999237060547, 102.9999771118164)
(204.6691436767578, 103.82749938964844, 28.99999237060547, 102.9999771118164)
(207.9812469482422, 104.36137390136719, 28.431365966796875, 100.9803695678711)
(211.86422729492188, 104.08067321777344, 28.431365966796875, 100.9803695678711)
(213.1258544921875, 104.85081481933594, 28.431365966796875, 100.9803695678711)
(212.788818359375, 106.72393798828125, 27.327341079711914, 97.0591812133789)
(210.31260681152344, 102.25363159179688, 29.579988479614258, 105.0599594116211)
(209.0375213623047, 105.06321716308594, 29.579988479614258, 105.0599594116211)
(208.85440063476562, 103.68434143066406, 29.579988479614258, 105.0599594116211)
(207.33407592773438, 102.03817749023438, 29.579988479614258, 105.0599594116211)
(206.70367431640625, 101.34906005859375, 29.579988479614258, 105.0599594116211)
(206.59368896484375, 99.16537475585938, 30.7750186920166, 109.30437469482422)
(207.00823974609375, 96.4526138305664, 32.01832580566406, 113.72026062011719)
(206.3675079345703, 94.03213500976562, 33.31186294555664, 118.3145523071289)
(207.9443817138672, 96.20423889160156, 31.390514373779297, 111.49044799804688)
(210.25462341308594, 95.83921813964844, 31.390514373779297, 111.49044799804688)
(211.777587890625, 96.3960952758789, 30.775014877319336, 109.30436706542969)
(212.1100616455078, 97.60189056396484, 29.579986572265625, 105.05995178222656)
(213.02276611328125, 98.20169067382812, 28.431360244750977, 100.9803466796875)
(212.42007446289062, 96.53154754638672, 28.999988555908203, 102.99995422363281)
(213.75277709960938, 95.81208801269531, 28.431360244750977, 100.9803466796875)
(214.2919464111328, 95.24388122558594, 27.873882293701172, 99.0003433227539)
(214.12429809570312, 93.02499389648438, 28.999984741210938, 102.99994659423828)
(215.531494140625, 92.82504272460938, 28.999984741210938, 102.99994659423828)
(216.37457275390625, 93.12509155273438, 28.999984741210938, 102.99994659423828)
(217.41159057617188, 93.25541687011719, 28.999984741210938, 102.99994659423828)
(217.98046875, 94.19432067871094, 27.87388038635254, 99.00033569335938)
(218.3108673095703, 94.92666625976562, 27.327333450317383, 97.05915069580078)
(218.7926483154297, 96.06362915039062, 26.26618003845215, 93.29022979736328)
(218.63063049316406, 94.57070922851562, 26.79150390625, 95.1560287475586)
(218.4098663330078, 96.21034240722656, 25.751155853271484, 91.46100616455078)
(219.0177001953125, 97.15151977539062, 25.246232986450195, 89.66765594482422)
(218.69793701171875, 100.01190185546875, 25.751155853271484, 91.46100616455078)
(218.1786346435547, 101.73486328125, 26.266178131103516, 93.29022216796875)
(219.00575256347656, 103.9906234741211, 26.791501998901367, 95.15602111816406)
(219.3088836669922, 106.37025451660156, 27.32733154296875, 97.05914306640625)
(219.34449768066406, 106.83169555664062, 27.32733154296875, 97.05914306640625)
(217.61331176757812, 107.8265609741211, 26.791501998901367, 95.15602111816406)
(217.87454223632812, 110.0154800415039, 26.791501998901367, 95.15602111816406)
(217.62228393554688, 110.95170593261719, 26.266178131103516, 93.29021453857422)
(214.68161010742188, 110.43707275390625, 26.791500091552734, 95.15601348876953)
(210.99681091308594, 110.2723159790039, 26.266176223754883, 93.29020690917969)
(207.56472778320312, 110.81902313232422, 25.75115203857422, 91.46098327636719)
(204.54608154296875, 109.66690063476562, 25.246227264404297, 89.66763305664062)
(199.959716796875, 107.8367919921875, 24.751203536987305, 87.9094467163086)
(195.9357452392578, 105.01984405517578, 25.751150131225586, 91.46098327636719)
(195.95932006835938, 102.17607879638672, 25.751150131225586, 91.46098327636719)
(194.9586639404297, 100.57539367675781, 26.266172409057617, 93.29019927978516)
(193.77023315429688, 101.25672912597656, 25.246225357055664, 89.66763305664062)
(194.71241760253906, 105.21318054199219, 24.265886306762695, 86.18572998046875)
(196.80197143554688, 107.2342529296875, 23.790084838867188, 84.49581909179688)
(198.39224243164062, 108.34056091308594, 23.790084838867188, 84.49581909179688)
(199.49301147460938, 110.21217346191406, 23.790084838867188, 84.49581909179688)
(200.31893920898438, 112.464599609375, 23.790084838867188, 84.49581909179688)
(201.62103271484375, 112.32559204101562, 24.265886306762695, 86.18572998046875)
(202.56890869140625, 111.71243286132812, 24.751203536987305, 87.9094467163086)
(200.12939453125, 109.43517303466797, 25.751150131225586, 91.46098327636719)
(197.1078643798828, 107.82765197753906, 26.266172409057617, 93.29019927978516)
(198.71522521972656, 107.44276428222656, 26.791494369506836, 95.15599822998047)
(201.49484252929688, 107.19176483154297, 25.751150131225586, 91.46098327636719)
(204.9576873779297, 106.88228607177734, 25.751150131225586, 91.46098327636719)
(211.0778045654297, 105.47974395751953, 25.751150131225586, 91.46098327636719)
(217.94418334960938, 103.751953125, 26.266172409057617, 93.29019927978516)
(220.7936248779297, 101.01848602294922, 25.751150131225586, 91.46098327636719)
(220.7922821044922, 98.70945739746094, 26.266172409057617, 93.29019927978516)
(217.63787841796875, 97.9471435546875, 26.791494369506836, 95.15599822998047)
(211.5135498046875, 96.88601684570312, 26.791494369506836, 95.15599822998047)
(206.9793243408203, 97.87476348876953, 25.751150131225586, 91.46098327636719)
(201.57733154296875, 98.60885620117188, 25.246225357055664, 89.66763305664062)
(196.7080535888672, 97.99668884277344, 25.246225357055664, 89.66763305664062)
(195.47789001464844, 94.58125305175781, 25.246225357055664, 89.66763305664062)
(192.006103515625, 90.78968048095703, 24.751201629638672, 87.90943908691406)
(192.48382568359375, 83.69216918945312, 24.751201629638672, 87.90943908691406)
(196.0282745361328, 77.8638916015625, 23.790082931518555, 84.49581146240234)
(198.19827270507812, 74.62823486328125, 23.323610305786133, 82.83902740478516)
(198.68821716308594, 72.82915496826172, 23.790081024169922, 84.49580383300781)
(199.02455139160156, 71.52839660644531, 23.790081024169922, 84.49580383300781)
(201.73362731933594, 69.40470886230469, 24.751197814941406, 87.909423828125)
(202.3646240234375, 68.69313049316406, 25.2462215423584, 89.66761016845703)
(204.02359008789062, 69.29937744140625, 25.751144409179688, 91.4609603881836)
(203.74505615234375, 75.03633117675781, 25.2462215423584, 89.66761016845703)
(202.21730041503906, 82.1331787109375, 25.2462215423584, 89.66761016845703)
(201.40122985839844, 87.36051940917969, 26.266164779663086, 93.29016876220703)
(202.46726989746094, 92.17481231689453, 25.751142501831055, 91.46095275878906)
(203.27235412597656, 95.0615234375, 25.246219635009766, 89.6676025390625)
(202.96365356445312, 97.97676849365234, 25.751142501831055, 91.46095275878906)
(205.27471923828125, 101.19577026367188, 25.246219635009766, 89.6676025390625)
(206.64381408691406, 105.71797943115234, 25.751142501831055, 91.46095275878906)
(206.77206420898438, 110.9508056640625, 25.246219635009766, 89.6676025390625)
(205.62652587890625, 116.71189880371094, 25.246219635009766, 89.6676025390625)
(204.28793334960938, 120.17759704589844, 25.246219635009766, 89.6676025390625)
(203.32876586914062, 122.71246337890625, 25.246219635009766, 89.6676025390625)
(202.88229370117188, 124.89020538330078, 25.751142501831055, 91.46095275878906)
(204.05731201171875, 126.76066589355469, 25.246219635009766, 89.6676025390625)
(204.25941467285156, 126.75017547607422, 25.751142501831055, 91.46095275878906)
(204.28504943847656, 127.36151123046875, 25.246219635009766, 89.6676025390625)
(203.9346160888672, 127.3607177734375, 24.75119400024414, 87.90941619873047)
(203.37875366210938, 128.49017333984375, 23.790077209472656, 84.49578857421875)
(203.15621948242188, 128.00357055664062, 23.790077209472656, 84.49578857421875)
(204.32174682617188, 126.18476867675781, 23.323604583740234, 82.8390121459961)
(207.1650390625, 123.85256958007812, 22.86627960205078, 81.21471405029297)
(205.6761474609375, 122.22784423828125, 23.323604583740234, 82.8390121459961)
(205.84938049316406, 119.35203552246094, 23.790075302124023, 84.49578857421875)
(205.97425842285156, 116.66502380371094, 23.790075302124023, 84.49578857421875)
(204.71749877929688, 113.32789611816406, 25.2462158203125, 89.66759490966797)
(205.1651611328125, 111.22254943847656, 25.2462158203125, 89.66759490966797)
(205.66299438476562, 110.45182800292969, 25.2462158203125, 89.66759490966797)
(206.28831481933594, 110.22496032714844, 25.2462158203125, 89.66759490966797)
(207.44174194335938, 111.23412322998047, 24.751192092895508, 87.90940856933594)
(207.97056579589844, 112.70225524902344, 24.2658748626709, 86.1856918334961)
(208.52915954589844, 114.65371704101562, 23.79007339477539, 84.49578094482422)
(208.513427734375, 115.02920532226562, 24.2658748626709, 86.1856918334961)
(209.34646606445312, 117.31050872802734, 23.3236026763916, 82.83900451660156)
(209.5549774169922, 117.77281188964844, 23.79007339477539, 84.49578094482422)
(210.17855834960938, 118.72215270996094, 23.32360076904297, 82.83899688720703)
(213.0919647216797, 119.01215362548828, 23.790071487426758, 84.49577331542969)
(213.84579467773438, 118.75688934326172, 23.790071487426758, 84.49577331542969)
(214.5001220703125, 119.26155853271484, 23.790071487426758, 84.49577331542969)
(215.85830688476562, 119.17338562011719, 24.265872955322266, 86.1856918334961)
(218.3630828857422, 119.52811431884766, 23.790071487426758, 84.49577331542969)
(219.2310028076172, 119.15431213378906, 24.751188278198242, 87.90939331054688)
(222.08250427246094, 120.98717498779297, 23.790071487426758, 84.49577331542969)
(224.18031311035156, 123.227783203125, 23.323598861694336, 82.8389892578125)
(226.52464294433594, 124.59669494628906, 22.866273880004883, 81.2146987915039)
(226.09432983398438, 125.64878845214844, 23.323598861694336, 82.8389892578125)
(226.75949096679688, 126.06472778320312, 23.323598861694336, 82.8389892578125)
(227.4996337890625, 127.3712158203125, 22.866273880004883, 81.2146987915039)
(228.0125732421875, 126.38343811035156, 23.790067672729492, 84.49575805664062)
(227.68922424316406, 124.34637451171875, 24.75118637084961, 87.90938568115234)
(229.05471801757812, 122.54457092285156, 25.24620819091797, 89.66757202148438)
(232.06735229492188, 122.03294372558594, 24.75118637084961, 87.90938568115234)
(231.69752502441406, 120.63217163085938, 25.24620819091797, 89.66757202148438)
(231.32801818847656, 119.2873306274414, 25.75113296508789, 91.46092224121094)
(231.37684631347656, 118.6248550415039, 25.75113296508789, 91.46092224121094)
(231.5619659423828, 116.67631530761719, 26.266155242919922, 93.2901382446289)
(232.3503875732422, 117.06487274169922, 25.75113296508789, 91.46092224121094)
(232.4979248046875, 117.01934814453125, 25.24620819091797, 89.66757202148438)
(232.17283630371094, 116.87808227539062, 24.75118637084961, 87.90938568115234)
(231.9152374267578, 116.88113403320312, 24.265869140625, 86.1856689453125)
(231.1417694091797, 115.26774597167969, 24.75118637084961, 87.90938568115234)
(230.7859344482422, 113.59783935546875, 25.24620819091797, 89.66757202148438)
(230.26361083984375, 112.0079345703125, 25.24620819091797, 89.66757202148438)
(229.34837341308594, 108.5889663696289, 26.791475296020508, 95.15592956542969)
(229.79476928710938, 106.76814270019531, 27.32730484008789, 97.05904388427734)
(230.2811279296875, 107.16561889648438, 26.791473388671875, 95.15592193603516)
(230.77960205078125, 107.08274841308594, 26.266151428222656, 93.29012298583984)
(231.16439819335938, 106.355224609375, 26.266151428222656, 93.29012298583984)
(231.64236450195312, 107.85504150390625, 24.751182556152344, 87.90937042236328)
(231.68125915527344, 107.34312438964844, 24.751182556152344, 87.90937042236328)
(231.76495361328125, 107.2113037109375, 24.265865325927734, 86.18566131591797)
(232.07391357421875, 106.25910949707031, 24.751182556152344, 87.90937042236328)
(232.6009521484375, 105.73162841796875, 24.751182556152344, 87.90937042236328)
(234.8787384033203, 104.51966857910156, 24.751182556152344, 87.90937042236328)
(234.50926208496094, 102.33283996582031, 25.751127243041992, 91.46089935302734)
(235.24937438964844, 101.8421630859375, 25.751127243041992, 91.46089935302734)
(235.27684020996094, 101.75946044921875, 25.751127243041992, 91.46089935302734)
(235.45925903320312, 101.31230163574219, 25.751127243041992, 91.46089935302734)
(236.23223876953125, 102.92839050292969, 24.75118064880371, 87.90936279296875)
(236.68035888671875, 103.76675415039062, 24.75118064880371, 87.90936279296875)
(236.12677001953125, 103.83428955078125, 24.75118064880371, 87.90936279296875)
(235.2397918701172, 103.1829833984375, 25.246204376220703, 89.66754913330078)
(235.14256286621094, 105.30818176269531, 23.790061950683594, 84.49573516845703)
(231.99801635742188, 105.46273803710938, 23.790061950683594, 84.49573516845703)
(231.2855987548828, 104.8936767578125, 24.26586151123047, 86.1856460571289)
(227.6414337158203, 102.52327728271484, 25.751123428344727, 91.46089172363281)
(226.3779296875, 101.55882263183594, 25.246200561523438, 89.66754150390625)
(224.8391571044922, 101.85609436035156, 24.751176834106445, 87.90935516357422)
(223.4617462158203, 101.34834289550781, 24.751176834106445, 87.90935516357422)
(222.28811645507812, 101.58218383789062, 24.265859603881836, 86.18563842773438)
(219.73004150390625, 101.78340148925781, 24.751176834106445, 87.90935516357422)
(219.6791229248047, 101.82160949707031, 24.265859603881836, 86.18563842773438)
(219.27938842773438, 101.2083740234375, 24.265859603881836, 86.18563842773438)
(218.15292358398438, 101.22348022460938, 23.790058135986328, 84.4957275390625)
(216.9644317626953, 101.20587158203125, 23.790058135986328, 84.4957275390625)
(216.5821075439453, 100.13667297363281, 24.75117301940918, 87.90933990478516)
(216.58998107910156, 98.9421615600586, 25.246196746826172, 89.66752624511719)
(216.25473022460938, 98.50898742675781, 25.75111961364746, 91.46087646484375)
(216.4412078857422, 98.8528060913086, 25.246196746826172, 89.66752624511719)
(216.11859130859375, 98.63743591308594, 25.75111961364746, 91.46087646484375)
(216.52841186523438, 99.44650268554688, 25.75111961364746, 91.46087646484375)
(216.50596618652344, 101.271240234375, 24.75117301940918, 87.90933990478516)
(215.978271484375, 102.50043487548828, 25.246196746826172, 89.66752624511719)
(215.81884765625, 103.433349609375, 25.75111961364746, 91.46087646484375)
(216.3433074951172, 106.77786254882812, 24.26585578918457, 86.18563079833984)
(215.55245971679688, 106.35281372070312, 24.75117301940918, 87.90933990478516)
(216.24990844726562, 107.29829406738281, 23.790056228637695, 84.49571990966797)
(215.55807495117188, 106.1417236328125, 24.26585578918457, 86.18563079833984)
(216.1162109375, 106.37044525146484, 23.790054321289062, 84.49571228027344)
(215.32644653320312, 104.51786804199219, 24.751169204711914, 87.9093246459961)
(215.9950408935547, 103.685546875, 25.246192932128906, 89.66751098632812)
(216.1727294921875, 103.10017395019531, 25.246192932128906, 89.66751098632812)
(216.82778930664062, 103.85006713867188, 24.751169204711914, 87.9093246459961)
(215.7066192626953, 105.49964904785156, 23.79005241394043, 84.4957046508789)
(214.25929260253906, 106.01469421386719, 23.79005241394043, 84.4957046508789)
(212.60980224609375, 107.91400146484375, 23.32358169555664, 82.83892822265625)
(212.08966064453125, 110.04707336425781, 22.41790008544922, 79.62220001220703)
(209.54934692382812, 109.92545318603516, 22.86625862121582, 81.21464538574219)
(209.8345489501953, 110.13780975341797, 22.86625862121582, 81.21464538574219)
(208.16310119628906, 108.06068420410156, 23.79005241394043, 84.4957046508789)
(207.90640258789062, 108.265380859375, 23.32358169555664, 82.83892822265625)
(208.5305633544922, 108.70870971679688, 23.79005241394043, 84.4957046508789)
(208.07974243164062, 109.01268005371094, 24.265851974487305, 86.18561553955078)
(208.06512451171875, 112.13395690917969, 23.790050506591797, 84.49569702148438)
(209.30174255371094, 115.65220642089844, 23.790050506591797, 84.49569702148438)
(209.22491455078125, 119.93690490722656, 23.790050506591797, 84.49569702148438)
(209.45494079589844, 125.15505981445312, 22.866254806518555, 81.21463012695312)
(209.7856903076172, 127.1326904296875, 24.265850067138672, 86.18560028076172)
(209.62338256835938, 131.2081298828125, 23.323577880859375, 82.83891296386719)
(208.8830108642578, 133.83059692382812, 23.323577880859375, 82.83891296386719)
(209.3216094970703, 134.93020629882812, 22.866252899169922, 81.2146224975586)
(209.51980590820312, 135.68038940429688, 22.866252899169922, 81.2146224975586)
(209.56832885742188, 136.00559997558594, 22.866252899169922, 81.2146224975586)
(208.29193115234375, 134.88902282714844, 23.790048599243164, 84.49568939208984)
(208.17567443847656, 135.03973388671875, 23.790048599243164, 84.49568939208984)
(208.3169708251953, 136.09048461914062, 23.323575973510742, 82.83891296386719)
(209.0918426513672, 136.39337158203125, 23.790048599243164, 84.49568939208984)
(208.54904174804688, 135.96414184570312, 23.790048599243164, 84.49568939208984)
(208.77903747558594, 137.077880859375, 22.86625099182129, 81.21461486816406)
(208.83831787109375, 136.94879150390625, 23.323575973510742, 82.83891296386719)
(208.6809844970703, 136.10984802246094, 23.790048599243164, 84.49568939208984)
(207.814208984375, 136.9853515625, 22.86625099182129, 81.21461486816406)
(206.80511474609375, 135.76165771484375, 23.79004669189453, 84.49568176269531)
(205.44529724121094, 136.32272338867188, 22.86625099182129, 81.21461486816406)
(204.8470001220703, 134.55618286132812, 24.265846252441406, 86.18559265136719)
(202.15087890625, 132.23304748535156, 25.246185302734375, 89.66748046875)
(199.9273223876953, 132.54222106933594, 24.751161575317383, 87.90929412841797)
(197.88467407226562, 132.30645751953125, 24.751161575317383, 87.90929412841797)
(196.653564453125, 132.7872772216797, 23.7900447845459, 84.49567413330078)
(196.04403686523438, 133.62863159179688, 23.32357406616211, 82.83889770507812)
(195.3497772216797, 134.82138061523438, 23.32357406616211, 82.83889770507812)
(194.57957458496094, 136.3758544921875, 22.866247177124023, 81.21460723876953)
(194.47503662109375, 135.9927215576172, 23.32357406616211, 82.83889770507812)
(195.06195068359375, 135.33163452148438, 23.32357406616211, 82.83889770507812)
(196.0412139892578, 134.62681579589844, 23.7900447845459, 84.49567413330078)
(196.38026428222656, 133.10768127441406, 24.75115966796875, 87.90929412841797)
(198.3601531982422, 133.43711853027344, 24.26584243774414, 86.18557739257812)
(201.98687744140625, 134.4645233154297, 23.323572158813477, 82.8388900756836)
(205.93540954589844, 134.51539611816406, 23.323572158813477, 82.8388900756836)
(208.40626525878906, 134.2814178466797, 23.323572158813477, 82.8388900756836)
(210.91793823242188, 134.94781494140625, 22.86624526977539, 81.214599609375)
(213.50535583496094, 134.55458068847656, 22.86624526977539, 81.214599609375)
(214.61045837402344, 135.14468383789062, 22.417888641357422, 79.62215423583984)
(214.46075439453125, 134.57232666015625, 22.417888641357422, 79.62215423583984)
(215.04049682617188, 133.5671844482422, 21.978322982788086, 78.0609359741211)
(214.74249267578125, 131.18551635742188, 21.978322982788086, 78.0609359741211)
(215.4387969970703, 128.59585571289062, 22.417888641357422, 79.62215423583984)
(215.52662658691406, 125.76406860351562, 22.86624526977539, 81.214599609375)
(215.48460388183594, 121.1637191772461, 24.751157760620117, 87.90928649902344)
(216.08767700195312, 119.88442993164062, 23.790040969848633, 84.49565887451172)
(215.9033660888672, 120.13908386230469, 22.86624526977539, 81.214599609375)
(215.6906280517578, 119.054443359375, 23.323572158813477, 82.8388900756836)
(214.8727569580078, 118.66896057128906, 23.323572158813477, 82.8388900756836)
(214.3181610107422, 118.84722900390625, 23.323572158813477, 82.8388900756836)
(214.09942626953125, 119.99188232421875, 22.86624526977539, 81.214599609375)
(212.9461212158203, 120.6536865234375, 22.417888641357422, 79.62215423583984)
(210.31494140625, 121.25033569335938, 21.978322982788086, 78.0609359741211)
(209.92495727539062, 121.88076782226562, 21.547374725341797, 76.53032684326172)
(209.6785888671875, 122.27928161621094, 21.978322982788086, 78.0609359741211)
(208.7625732421875, 122.57456970214844, 21.978322982788086, 78.0609359741211)
(208.20782470703125, 122.94758605957031, 21.978322982788086, 78.0609359741211)
(206.69223022460938, 121.45866394042969, 22.86624526977539, 81.21459197998047)
(206.68447875976562, 121.501220703125, 22.86624526977539, 81.21459197998047)
(206.58251953125, 122.84803771972656, 21.978322982788086, 78.0609359741211)
(206.2566375732422, 123.50776672363281, 21.547374725341797, 76.53032684326172)
(204.8462677001953, 123.08261108398438, 21.978322982788086, 78.0609359741211)
(203.06655883789062, 123.3580322265625, 21.547374725341797, 76.53032684326172)
(200.31985473632812, 123.30445861816406, 21.978322982788086, 78.0609359741211)
(197.13858032226562, 123.38373565673828, 21.1248779296875, 75.02973937988281)
(196.18246459960938, 121.89028930664062, 21.978322982788086, 78.0609359741211)
(192.70252990722656, 119.78707885742188, 22.86624526977539, 81.21459197998047)
(190.98336791992188, 117.92455291748047, 23.32356834411621, 82.83888244628906)
(189.541748046875, 117.06787872314453, 23.32356834411621, 82.83888244628906)
(188.3688507080078, 116.0212631225586, 23.32356834411621, 82.83888244628906)
(186.99940490722656, 114.8973159790039, 23.32356834411621, 82.83888244628906)
(185.36212158203125, 113.6333999633789, 23.32356834411621, 82.83888244628906)
(182.9580535888672, 112.47148895263672, 22.866243362426758, 81.21458435058594)
(182.2592315673828, 110.20262908935547, 22.417884826660156, 79.62214660644531)
(181.91748046875, 109.74980163574219, 21.124876022338867, 75.02973175048828)
(181.17178344726562, 108.87478637695312, 20.710660934448242, 73.55855560302734)
(178.68734741210938, 108.75135803222656, 20.304569244384766, 72.1162338256836)
(176.97906494140625, 107.78952026367188, 20.710660934448242, 73.55855560302734)
(173.21286010742188, 106.89328002929688, 20.304569244384766, 72.1162338256836)
(172.4866485595703, 104.41961669921875, 21.1248722076416, 75.02971649169922)
(172.6905059814453, 99.45028686523438, 22.41788101196289, 79.62213134765625)
(174.0604248046875, 97.54634094238281, 21.5473690032959, 76.53031158447266)
(174.09750366210938, 95.47845458984375, 21.5473690032959, 76.53031158447266)
(173.392578125, 94.27793884277344, 21.5473690032959, 76.53031158447266)
(172.49066162109375, 93.79153442382812, 21.1248722076416, 75.02971649169922)
(171.7680206298828, 94.6771469116211, 20.304567337036133, 72.11622619628906)
(169.81747436523438, 94.94145965576172, 20.304567337036133, 72.11622619628906)
(167.75567626953125, 94.18994903564453, 20.71065902709961, 73.55854797363281)
(164.43295288085938, 92.58106231689453, 20.71065902709961, 73.55854797363281)
(163.31097412109375, 92.14379119873047, 20.304567337036133, 72.11622619628906)
(160.86920166015625, 90.58489990234375, 21.547367095947266, 76.53030395507812)
(159.8818817138672, 88.59854888916016, 22.417877197265625, 79.62211608886719)
(159.36976623535156, 88.44071197509766, 21.124868392944336, 75.02970886230469)
(159.25424194335938, 86.8744125366211, 22.417877197265625, 79.62211608886719)
(156.8285369873047, 85.4585952758789, 22.866233825683594, 81.21455383300781)
(156.38058471679688, 87.27533721923828, 21.54736328125, 76.53028869628906)
(153.58120727539062, 88.65850830078125, 21.978309631347656, 78.06089782714844)
(153.33148193359375, 90.76847839355469, 21.124866485595703, 75.02970123291016)
(152.97572326660156, 93.14518737792969, 20.710655212402344, 73.55853271484375)
(149.91070556640625, 95.64105987548828, 19.906435012817383, 70.70216369628906)
(148.65342712402344, 95.99214935302734, 19.906435012817383, 70.70216369628906)
(146.97512817382812, 96.08419036865234, 19.906435012817383, 70.70216369628906)
(146.30764770507812, 94.30171203613281, 20.71065330505371, 73.55852508544922)
(145.63226318359375, 92.90016174316406, 21.12486457824707, 75.02969360351562)
(145.71926879882812, 91.84042358398438, 21.978307723999023, 78.0608901977539)
(144.68896484375, 90.40582275390625, 21.978307723999023, 78.0608901977539)
(144.49395751953125, 90.03929138183594, 21.978307723999023, 78.0608901977539)
(143.94850158691406, 90.89384460449219, 21.12486457824707, 75.02969360351562)
(143.1709747314453, 90.8005142211914, 21.547361373901367, 76.53028869628906)
(142.95249938964844, 91.82121276855469, 21.12486457824707, 75.02969360351562)
(141.8268585205078, 92.00680541992188, 21.12486457824707, 75.02969360351562)
(140.310546875, 91.99217224121094, 21.12486457824707, 75.02969360351562)
(139.86959838867188, 92.2911376953125, 21.12486457824707, 75.02969360351562)
(138.7171630859375, 90.60861206054688, 21.978307723999023, 78.0608901977539)
(137.61105346679688, 88.6534423828125, 22.866230010986328, 81.21454620361328)
(137.68540954589844, 88.83981323242188, 22.866230010986328, 81.21454620361328)
(137.38986206054688, 87.82568359375, 23.790023803710938, 84.49559783935547)
(137.9506072998047, 88.73066711425781, 22.866228103637695, 81.21453857421875)
(139.57774353027344, 90.36650085449219, 22.866228103637695, 81.21453857421875)
(138.69593811035156, 90.89537048339844, 23.790021896362305, 84.49559783935547)
(139.6302032470703, 93.7672119140625, 23.790021896362305, 84.49559783935547)
(140.86764526367188, 98.01744079589844, 22.866228103637695, 81.21453094482422)
(142.68954467773438, 101.81871032714844, 22.866228103637695, 81.21453094482422)
(143.24095153808594, 106.0016860961914, 22.417869567871094, 79.62208557128906)
(145.6912841796875, 107.51067352294922, 21.978303909301758, 78.06086730957031)
(147.6519775390625, 107.4020767211914, 22.417869567871094, 79.62208557128906)
(152.1986541748047, 104.8758773803711, 23.790019989013672, 84.49559020996094)
(163.09292602539062, 104.2095718383789, 22.866226196289062, 81.21452331542969)
(170.8478546142578, 101.55937194824219, 24.751134872436523, 87.9092025756836)
(170.95497131347656, 100.38458251953125, 24.751134872436523, 87.9092025756836)
(171.5264892578125, 100.5841293334961, 24.265819549560547, 86.18550109863281)
(172.0655517578125, 100.74796295166016, 24.265819549560547, 86.18550109863281)
(171.50682067871094, 101.7117691040039, 23.790019989013672, 84.49559020996094)
(169.29373168945312, 101.33956146240234, 24.265819549560547, 86.18550109863281)
(166.17115783691406, 102.45838165283203, 23.790019989013672, 84.49559020996094)
(162.55003356933594, 103.41545104980469, 23.323549270629883, 82.83881378173828)
(159.12347412109375, 102.60675048828125, 24.265817642211914, 86.18549346923828)
(154.61175537109375, 100.47846984863281, 25.24615478515625, 89.6673812866211)
(151.4010467529297, 99.33920288085938, 25.75107765197754, 91.46072387695312)
(150.03289794921875, 98.55181884765625, 25.75107765197754, 91.46072387695312)
(149.53358459472656, 98.68009948730469, 25.24615478515625, 89.6673812866211)
(147.21731567382812, 98.186767578125, 25.75107765197754, 91.46072387695312)
(146.01364135742188, 97.65855407714844, 25.75107765197754, 91.46072387695312)
(146.14366149902344, 97.78726196289062, 25.75107765197754, 91.46072387695312)
(145.98170471191406, 98.78004455566406, 25.24615478515625, 89.6673812866211)
(145.61305236816406, 98.32450866699219, 25.75107765197754, 91.46072387695312)
(145.5939178466797, 99.22064208984375, 25.24615478515625, 89.6673812866211)
(144.4963836669922, 99.17048645019531, 25.24615478515625, 89.6673812866211)
(141.7251739501953, 98.40615844726562, 25.75107765197754, 91.46072387695312)
(140.07125854492188, 96.37556457519531, 25.75107765197754, 91.46072387695312)
(141.42962646484375, 92.84378814697266, 26.266098022460938, 93.28993225097656)
(142.2774200439453, 88.99986267089844, 26.791418075561523, 95.15572357177734)
(142.95281982421875, 87.7293701171875, 26.266096115112305, 93.28992462158203)
(142.12716674804688, 87.57633972167969, 26.266096115112305, 93.28992462158203)
(145.82418823242188, 88.01200103759766, 25.751073837280273, 91.46070861816406)
(153.83038330078125, 88.6162338256836, 25.751073837280273, 91.46070861816406)
(159.04779052734375, 91.73988342285156, 24.751129150390625, 87.9091796875)
(159.89405822753906, 94.64979553222656, 24.751129150390625, 87.9091796875)
(162.8082733154297, 98.26220703125, 24.751129150390625, 87.9091796875)
(164.2447052001953, 103.71664428710938, 23.79001235961914, 84.49556732177734)
(164.32200622558594, 108.34394073486328, 23.32354164123535, 82.83879089355469)
(165.76092529296875, 111.31622314453125, 23.79001235961914, 84.49556732177734)
(164.79196166992188, 112.29161071777344, 24.751127243041992, 87.90917205810547)
(164.79122924804688, 113.68382263183594, 24.751127243041992, 87.90917205810547)
(164.2300262451172, 115.80195617675781, 24.751127243041992, 87.90917205810547)
(165.89309692382812, 116.68226623535156, 24.751127243041992, 87.90917205810547)
(165.63182067871094, 117.31291198730469, 24.751127243041992, 87.90917205810547)
(164.6189727783203, 119.48294830322266, 23.79001235961914, 84.49555969238281)
(161.5305938720703, 120.50030517578125, 24.75112533569336, 87.90917205810547)
(161.7052459716797, 122.28887939453125, 24.265810012817383, 86.18546295166016)
(159.28814697265625, 124.5601806640625, 23.790010452270508, 84.49555206298828)
(155.45741271972656, 124.73721313476562, 23.790010452270508, 84.49555206298828)
(153.998291015625, 122.39754486083984, 24.751123428344727, 87.90916442871094)
(154.85263061523438, 119.63310241699219, 24.26580810546875, 86.18545532226562)
(156.1216278076172, 115.25752258300781, 24.26580810546875, 86.18545532226562)
(156.26304626464844, 109.11874389648438, 23.790008544921875, 84.49554443359375)
(155.64404296875, 104.57981872558594, 23.790008544921875, 84.49554443359375)
(157.90652465820312, 100.54997253417969, 23.790008544921875, 84.49554443359375)
(159.97653198242188, 94.22337341308594, 24.26580810546875, 86.18545532226562)
(162.96702575683594, 90.3470458984375, 23.790008544921875, 84.49554443359375)
(167.581298828125, 87.74382019042969, 23.323537826538086, 82.8387680053711)
(170.83969116210938, 87.06288146972656, 22.866212844848633, 81.21448516845703)
(172.28427124023438, 86.01119995117188, 23.323537826538086, 82.8387680053711)
(173.4498748779297, 87.19284057617188, 22.866212844848633, 81.21448516845703)
(173.8258056640625, 87.8453369140625, 23.323537826538086, 82.8387680053711)
(173.28988647460938, 88.34538269042969, 23.323537826538086, 82.8387680053711)
(172.17922973632812, 90.78047180175781, 23.790008544921875, 84.49554443359375)
(168.01856994628906, 94.475341796875, 23.323537826538086, 82.8387680053711)
(166.6261749267578, 99.34091186523438, 22.866212844848633, 81.21448516845703)
(161.98216247558594, 101.76045227050781, 23.323537826538086, 82.8387680053711)
(158.48721313476562, 106.1556396484375, 22.866212844848633, 81.21448516845703)
(154.9714813232422, 109.64932250976562, 22.866212844848633, 81.21448516845703)
(150.55252075195312, 114.82867431640625, 21.978290557861328, 78.06082916259766)
(146.64051818847656, 119.66278839111328, 21.547344207763672, 76.53022766113281)
(143.14480590820312, 120.91375732421875, 22.8662109375, 81.2144775390625)
(142.00958251953125, 121.57913208007812, 22.8662109375, 81.2144775390625)
(141.63597106933594, 123.09687805175781, 22.41785430908203, 79.62203216552734)
(142.0710906982422, 123.06840515136719, 22.866209030151367, 81.21446990966797)
(144.150146484375, 121.46009063720703, 23.32353401184082, 82.83876037597656)
(147.21539306640625, 118.11709594726562, 23.79000473022461, 84.49553680419922)
(148.8932342529297, 115.8831787109375, 23.79000473022461, 84.49553680419922)
(151.04237365722656, 113.61235809326172, 23.32353401184082, 82.83876037597656)
(150.94760131835938, 112.01870727539062, 23.79000473022461, 84.49553680419922)
(153.5246124267578, 109.66410064697266, 23.32353401184082, 82.83876037597656)
(156.07415771484375, 106.7490463256836, 23.32353401184082, 82.83876037597656)
(159.07872009277344, 106.06459045410156, 22.41785430908203, 79.62203216552734)
(158.6742401123047, 105.98788452148438, 22.41785430908203, 79.62203216552734)
(160.97900390625, 104.70443725585938, 21.54734230041504, 76.53022003173828)
(161.8799591064453, 100.98387145996094, 22.41785430908203, 79.62203216552734)
(160.8520050048828, 97.50830078125, 22.866209030151367, 81.21446990966797)
(161.2356719970703, 95.19829559326172, 23.32353401184082, 82.83876037597656)
(163.70108032226562, 92.17636108398438, 23.79000473022461, 84.49553680419922)
(163.18283081054688, 90.12112426757812, 23.79000473022461, 84.49553680419922)
(162.2568817138672, 90.98699951171875, 22.866209030151367, 81.21446990966797)
(162.65232849121094, 91.204833984375, 22.866209030151367, 81.21446990966797)
(161.32943725585938, 90.6363525390625, 22.866209030151367, 81.21446990966797)
(160.52940368652344, 91.71837615966797, 22.4178524017334, 79.62202453613281)
(157.32496643066406, 91.5767593383789, 22.866209030151367, 81.21446228027344)
(157.1207733154297, 92.55220794677734, 22.417850494384766, 79.62202453613281)
(154.05284118652344, 93.85310363769531, 21.97828483581543, 78.06079864501953)
(150.80828857421875, 93.75741577148438, 21.97828483581543, 78.06079864501953)
(149.71054077148438, 93.5423355102539, 21.547338485717773, 76.53019714355469)
(147.818359375, 91.95903015136719, 21.97828483581543, 78.06079864501953)
(144.93695068359375, 90.25112915039062, 22.8662052154541, 81.2144546508789)
(143.45298767089844, 87.89328002929688, 23.789997100830078, 84.4955062866211)
(143.8894500732422, 87.42465209960938, 22.8662052154541, 81.2144546508789)
(144.09103393554688, 86.67134094238281, 23.323528289794922, 82.83873748779297)
(145.0271759033203, 85.57743835449219, 23.323528289794922, 82.83873748779297)
(145.70326232910156, 82.97637939453125, 23.789997100830078, 84.4955062866211)
(146.95089721679688, 80.67088317871094, 22.8662052154541, 81.2144546508789)
(148.20623779296875, 79.85747528076172, 22.4178466796875, 79.62200927734375)
(148.09446716308594, 78.7416763305664, 22.4178466796875, 79.62200927734375)
(148.84759521484375, 77.64122009277344, 22.4178466796875, 79.62200927734375)
(149.63497924804688, 76.68962097167969, 22.86620330810547, 81.21444702148438)
(152.09573364257812, 75.61373901367188, 22.86620330810547, 81.21444702148438)
(154.43545532226562, 74.98179626464844, 22.86620330810547, 81.21444702148438)
(158.42779541015625, 74.70542907714844, 23.32352638244629, 82.83872985839844)
(163.8889617919922, 76.89403533935547, 22.4178466796875, 79.62200927734375)
(164.99249267578125, 80.00257110595703, 22.4178466796875, 79.62200927734375)
(164.81874084472656, 85.40060424804688, 22.86620330810547, 81.21444702148438)
(167.5667724609375, 90.62440490722656, 21.978281021118164, 78.060791015625)
(168.0224151611328, 95.51966857910156, 21.547334671020508, 76.53018951416016)
(168.6957550048828, 101.05680847167969, 21.12483787536621, 75.02959442138672)
(168.08074951171875, 102.8900375366211, 20.71062469482422, 73.55842590332031)
(168.33871459960938, 104.60472106933594, 19.90640640258789, 70.70206451416016)
(168.7998046875, 104.48237609863281, 20.304534912109375, 72.1161117553711)
(169.008056640625, 103.75666809082031, 21.12483787536621, 75.02959442138672)
(168.4427490234375, 104.84004974365234, 20.71062469482422, 73.55842590332031)
(168.013427734375, 104.79107666015625, 21.12483787536621, 75.02959442138672)
(168.72299194335938, 105.99859619140625, 21.12483787536621, 75.02959442138672)
(166.28201293945312, 108.17214965820312, 21.547334671020508, 76.53018951416016)
(163.70065307617188, 110.48158264160156, 21.978281021118164, 78.060791015625)
(162.7897491455078, 114.11070251464844, 21.12483787536621, 75.02959442138672)
(161.5875244140625, 116.91565704345703, 20.71062469482422, 73.55842590332031)
(161.0363006591797, 119.40493774414062, 19.90640640258789, 70.70206451416016)
(158.1473388671875, 121.33412170410156, 19.90640640258789, 70.70206451416016)
(157.253173828125, 122.26741790771484, 19.516084671020508, 69.31575012207031)
(155.8518829345703, 123.55746459960938, 19.90640640258789, 70.70206451416016)
(155.2725067138672, 122.25448608398438, 20.710622787475586, 73.55841827392578)
(154.99114990234375, 122.58837127685547, 20.304533004760742, 72.11610412597656)
(154.7477264404297, 122.0263671875, 20.710622787475586, 73.55841827392578)
(154.65008544921875, 120.61890411376953, 21.124835968017578, 75.02958679199219)
(155.65476989746094, 120.82530975341797, 21.124835968017578, 75.02958679199219)
(156.41397094726562, 121.0692367553711, 21.124835968017578, 75.02958679199219)
(157.2867431640625, 121.83370208740234, 21.124835968017578, 75.02958679199219)
(157.3610076904297, 120.80006408691406, 21.547332763671875, 76.53018188476562)
(156.7167510986328, 121.85865020751953, 20.71062469482422, 73.55842590332031)
(155.76222229003906, 122.18211364746094, 19.90640640258789, 70.70206451416016)
(157.06105041503906, 120.02647399902344, 19.90640640258789, 70.70206451416016)
(156.81005859375, 117.77727508544922, 19.516084671020508, 69.31575012207031)
(156.54074096679688, 116.62625122070312, 19.90640640258789, 70.70206451416016)
(156.3955078125, 113.61665344238281, 20.304534912109375, 72.1161117553711)
(156.42843627929688, 109.81025695800781, 21.12483787536621, 75.02959442138672)
(157.37228393554688, 107.99585723876953, 20.71062469482422, 73.55842590332031)
(157.05154418945312, 106.30521392822266, 20.71062469482422, 73.55842590332031)
(157.7548065185547, 103.54730987548828, 20.71062469482422, 73.55842590332031)
(161.25228881835938, 101.616943359375, 20.304534912109375, 72.1161117553711)
(164.66229248046875, 100.08306884765625, 20.304534912109375, 72.1161117553711)
(166.7862548828125, 97.41848754882812, 20.304534912109375, 72.1161117553711)
(166.91651916503906, 95.30049896240234, 20.71062469482422, 73.55842590332031)
(167.39627075195312, 94.24089050292969, 19.90640640258789, 70.70206451416016)
(166.9382781982422, 93.36137390136719, 20.304534912109375, 72.1161117553711)
(167.52452087402344, 92.6025619506836, 20.71062469482422, 73.55842590332031)
(167.69003295898438, 91.82420349121094, 20.304534912109375, 72.1161117553711)
(168.0904541015625, 92.06120300292969, 20.304534912109375, 72.1161117553711)
(167.88583374023438, 90.33738708496094, 20.304534912109375, 72.1161117553711)
(167.74391174316406, 90.75897216796875, 20.304534912109375, 72.1161117553711)
(168.74673461914062, 90.80976867675781, 20.71062469482422, 73.55842590332031)
(168.38247680664062, 91.46180725097656, 20.304534912109375, 72.1161117553711)
(169.31517028808594, 91.2439193725586, 20.71062469482422, 73.55842590332031)
(169.25881958007812, 91.26875305175781, 20.304534912109375, 72.1161117553711)
(170.56991577148438, 91.48745727539062, 20.304534912109375, 72.1161117553711)
(170.8030548095703, 90.7906494140625, 20.304534912109375, 72.1161117553711)
(170.92221069335938, 89.43558502197266, 20.71062469482422, 73.55842590332031)
(170.7447052001953, 87.473876953125, 20.304534912109375, 72.1161117553711)
(170.6881103515625, 86.60480499267578, 20.71062469482422, 73.55842590332031)
(168.07012939453125, 85.68872833251953, 20.71062469482422, 73.55842590332031)
(167.72128295898438, 85.83055114746094, 20.304534912109375, 72.1161117553711)
(166.79759216308594, 85.61145782470703, 20.71062469482422, 73.55842590332031)
(163.1543731689453, 85.79055786132812, 20.71062469482422, 73.55842590332031)
(160.81600952148438, 87.2275390625, 20.304534912109375, 72.1161117553711)
(160.21778869628906, 87.63725280761719, 20.304534912109375, 72.1161117553711)
(157.27186584472656, 88.34963989257812, 20.304534912109375, 72.1161117553711)
(154.5950469970703, 89.06387329101562, 20.304534912109375, 72.1161117553711)
(151.5020751953125, 89.23849487304688, 20.304534912109375, 72.1161117553711)
(147.97183227539062, 87.81788635253906, 20.71062469482422, 73.55842590332031)
(144.66697692871094, 86.93082427978516, 20.71062469482422, 73.55842590332031)
(142.1246337890625, 85.92317199707031, 20.71062469482422, 73.55842590332031)
(141.67430114746094, 84.20587158203125, 20.304534912109375, 72.1161117553711)
(140.893310546875, 83.66921997070312, 20.304534912109375, 72.1161117553711)
(139.78941345214844, 83.63136291503906, 20.304534912109375, 72.1161117553711)
(139.86318969726562, 83.595458984375, 20.304534912109375, 72.1161117553711)
(137.82199096679688, 84.09263610839844, 20.304534912109375, 72.1161117553711)
(137.54563903808594, 84.12828063964844, 20.304534912109375, 72.1161117553711)
(136.73800659179688, 85.52281188964844, 19.51608657836914, 69.31575775146484)
(135.9454345703125, 86.66044616699219, 18.75825309753418, 66.6241455078125)
(135.3717041015625, 87.06417083740234, 18.75825309753418, 66.6241455078125)
(134.822998046875, 86.16429138183594, 19.133419036865234, 67.95662689208984)
(134.15992736816406, 86.77046203613281, 18.390445709228516, 65.31778717041016)
(134.50233459472656, 87.43060302734375, 18.390445709228516, 65.31778717041016)
(134.7802276611328, 90.18757629394531, 18.029850006103516, 64.03704833984375)
(136.6793975830078, 94.33433532714844, 18.390445709228516, 65.31778717041016)
(139.06591796875, 99.35029602050781, 18.75825309753418, 66.6241455078125)
(141.9746551513672, 105.01708984375, 18.75825309753418, 66.6241455078125)
(144.69589233398438, 110.79248046875, 18.390443801879883, 65.31778717041016)
(149.88844299316406, 115.80612182617188, 18.029848098754883, 64.03704833984375)
(157.3118438720703, 118.74273681640625, 18.390443801879883, 65.31778717041016)
(157.8302001953125, 119.94483947753906, 18.758251190185547, 66.62413787841797)
(158.09104919433594, 120.04317474365234, 19.1334171295166, 67.95661926269531)
(158.13595581054688, 119.06380462646484, 19.1334171295166, 67.95661926269531)
(157.39376831054688, 115.74694061279297, 19.1334171295166, 67.95661926269531)
(154.89358520507812, 111.90198516845703, 19.1334171295166, 67.95661926269531)
(154.2555694580078, 108.62127685546875, 18.758251190185547, 66.62413787841797)
(154.67262268066406, 103.773193359375, 19.906404495239258, 70.70205688476562)
(154.86288452148438, 98.44410705566406, 19.516082763671875, 69.31574249267578)
(155.3616943359375, 95.25269317626953, 18.758251190185547, 66.62413024902344)
(154.9908905029297, 93.30836486816406, 19.13341522216797, 67.95661163330078)
(154.2557830810547, 91.0308609008789, 18.758251190185547, 66.62413024902344)
(152.9541473388672, 89.8322525024414, 18.758251190185547, 66.62413024902344)
(152.56927490234375, 89.94192504882812, 18.02984619140625, 64.03704071044922)
(152.4910125732422, 89.26510620117188, 18.39044189453125, 65.31777954101562)
(149.6724395751953, 87.07925415039062, 18.39044189453125, 65.31777954101562)
(141.03146362304688, 86.43522644042969, 18.39044189453125, 65.31777954101562)
(134.48208618164062, 83.18513488769531, 18.39044189453125, 65.31777954101562)
(130.2867889404297, 80.59771728515625, 18.39044189453125, 65.31777954101562)
(124.83659362792969, 77.43780517578125, 18.39044189453125, 65.31777954101562)
(120.74117279052734, 71.22257232666016, 18.758251190185547, 66.62413024902344)
(118.48979187011719, 67.83573150634766, 18.758251190185547, 66.62413024902344)
(133.41143798828125, 58.77111053466797, 18.758251190185547, 66.62413024902344)
(155.6622314453125, 54.49547576904297, 18.39044189453125, 65.31777954101562)
(179.82147216796875, 48.34428405761719, 18.39044189453125, 65.31777954101562)
(215.66378784179688, 44.87568664550781, 18.39044189453125, 65.31777954101562)
(240.65000915527344, 44.90557098388672, 18.39044189453125, 65.31777954101562)
(233.4323272705078, 45.606990814208984, 18.02984619140625, 64.03704071044922)
(230.1739501953125, 45.712890625, 18.39044189453125, 65.31777954101562)
(241.3721160888672, 48.8872184753418, 18.02984619140625, 64.03704071044922)
(257.9707946777344, 45.664527893066406, 18.39044189453125, 65.31777954101562)
(256.953369140625, 44.373497009277344, 18.39044189453125, 65.31777954101562)
(254.00091552734375, 47.356422424316406, 18.39044189453125, 65.31777954101562)
(250.20904541015625, 49.74034881591797, 18.39044189453125, 65.31777954101562)
(245.21258544921875, 56.40062713623047, 18.39044189453125, 65.31777954101562)
(247.18313598632812, 70.87474060058594, 18.39044189453125, 65.31777954101562)
(252.3988037109375, 76.98323059082031, 18.39044189453125, 65.31777954101562)
(251.46932983398438, 82.68687438964844, 18.39044189453125, 65.31777954101562)
(242.4452362060547, 96.24183654785156, 18.39044189453125, 65.31777954101562)
(229.9116973876953, 110.33700561523438, 18.39044189453125, 65.31777954101562)
(213.36265563964844, 121.44528198242188, 18.39044189453125, 65.31777954101562)
(204.38815307617188, 124.73591613769531, 18.02984619140625, 64.03704071044922)
(200.66650390625, 124.71211242675781, 18.02984619140625, 64.03704071044922)
(197.9955291748047, 124.96832275390625, 18.02984619140625, 64.03704071044922)
(191.88357543945312, 125.447509765625, 18.02984619140625, 64.03704071044922)
(185.25296020507812, 123.98519897460938, 18.39044189453125, 65.31777954101562)
(179.69122314453125, 121.39956665039062, 18.39044189453125, 65.31777954101562)
(183.99537658691406, 117.9180908203125, 18.39044189453125, 65.31777954101562)
(184.4827880859375, 112.78587341308594, 18.39044189453125, 65.31777954101562)
(189.20077514648438, 108.74736022949219, 18.39044189453125, 65.31777954101562)
(194.3280487060547, 107.5823745727539, 18.758251190185547, 66.62413024902344)
(200.3280487060547, 108.59524536132812, 18.39044189453125, 65.31777954101562)
(199.59283447265625, 106.29566955566406, 18.39044189453125, 65.31777954101562)
(200.34371948242188, 106.49612426757812, 18.39044189453125, 65.31777954101562)
(197.9125213623047, 109.69570922851562, 18.39044189453125, 65.31777954101562)
(192.98475646972656, 112.7491683959961, 18.758251190185547, 66.62413024902344)
(190.12652587890625, 114.92115020751953, 18.758251190185547, 66.62413024902344)
(192.1768798828125, 117.69036865234375, 18.39044189453125, 65.31777954101562)
(188.19247436523438, 119.79490661621094, 18.39044189453125, 65.31777954101562)
