(207, 117, 29, 103)
(205.0, 115.0, 29.0, 103.0)
(204.0, 112.0, 29.0, 103.0)
(202.0, 110.0, 29.0, 103.0)
(200.0, 108.0, 29.0, 103.0)
(200.0, 107.0, 29.0, 103.0)
(201.0, 108.0, 29.0, 103.0)
(201.0, 107.0, 29.0, 103.0)
(203.0, 106.0, 29.0, 103.0)
(204.0, 104.0, 29.0, 103.0)
(206.0, 102.0, 29.0, 103.0)
(208.0, 102.0, 29.0, 103.0)
(211.0, 103.0, 29.0, 103.0)
(212.0, 103.0, 29.0, 103.0)
(211.0, 103.0, 29.0, 103.0)
(210.0, 104.0, 29.0, 103.0)
(209.0, 104.0, 29.0, 103.0)
(209.0, 103.0, 29.0, 103.0)
(207.0, 102.0, 29.0, 103.0)
(206.0, 101.0, 29.0, 103.0)
(207.0, 101.0, 29.0, 103.0)
(208.0, 101.0, 29.0, 103.0)
(209.0, 100.0, 29.0, 103.0)
(210.0, 98.0, 29.0, 103.0)
(210.0, 98.0, 29.0, 103.0)
(211.0, 98.0, 29.0, 103.0)
(211.0, 98.0, 29.0, 103.0)
(211.0, 98.0, 29.0, 103.0)
(211.0, 97.0, 29.0, 103.0)
(211.0, 97.0, 29.0, 103.0)
(212.0, 92.0, 29.0, 103.0)
(212.0, 91.0, 29.0, 103.0)
(214.0, 93.0, 29.0, 103.0)
(215.0, 92.0, 29.0, 103.0)
(217.0, 92.0, 29.0, 103.0)
(216.0, 92.0, 29.0, 103.0)
(216.0, 92.0, 29.0, 103.0)
(215.0, 92.0, 29.0, 103.0)
(216.0, 92.0, 29.0, 103.0)
(216.0, 92.0, 29.0, 103.0)
(216.0, 93.0, 29.0, 103.0)
(216.0, 96.0, 29.0, 103.0)
(216.0, 98.0, 29.0, 103.0)
(217.0, 101.0, 29.0, 103.0)
(217.0, 103.0, 29.0, 103.0)
(217.0, 104.0, 29.0, 103.0)
(216.0, 104.0, 29.0, 103.0)
(216.0, 106.0, 29.0, 103.0)
(214.0, 107.0, 29.0, 103.0)
(212.0, 107.0, 29.0, 103.0)
(208.0, 107.0, 29.0, 103.0)
(205.0, 106.0, 29.0, 103.0)
(201.0, 105.0, 29.0, 103.0)
(197.0, 102.0, 29.0, 103.0)
(194.0, 100.0, 29.0, 103.0)
(192.0, 98.0, 29.0, 103.0)
(192.0, 95.0, 29.0, 103.0)
(191.0, 96.0, 29.0, 103.0)
(192.0, 99.0, 29.0, 103.0)
(193.0, 101.0, 29.0, 103.0)
(194.0, 101.0, 29.0, 103.0)
(196.0, 104.0, 29.0, 103.0)
(197.0, 105.0, 29.0, 103.0)
(199.0, 106.0, 29.0, 103.0)
(200.0, 107.0, 29.0, 103.0)
(199.0, 106.0, 29.0, 103.0)
(197.0, 109.0, 29.0, 103.0)
(198.0, 109.0, 29.0, 103.0)
(200.0, 107.0, 29.0, 103.0)
(203.0, 108.0, 29.0, 103.0)
(211.0, 108.0, 29.0, 103.0)
(218.0, 106.0, 29.0, 103.0)
(221.0, 103.0, 29.0, 103.0)
(221.0, 100.0, 29.0, 103.0)
(218.0, 100.0, 29.0, 103.0)
(213.0, 99.0, 29.0, 103.0)
(206.0, 100.0, 29.0, 103.0)
(215.0, 110.0, 29.0, 103.0)
(211.0, 107.0, 29.0, 103.0)
(208.0, 108.0, 29.0, 103.0)
(208.0, 101.0, 29.0, 103.0)
(208.0, 97.0, 29.0, 103.0)
(212.0, 91.0, 29.0, 103.0)
(215.0, 89.0, 29.0, 103.0)
(203.0, 63.0, 29.0, 103.0)
(194.0, 64.0, 29.0, 103.0)
(197.0, 66.0, 29.0, 103.0)
(201.0, 67.0, 29.0, 103.0)
(203.0, 64.0, 29.0, 103.0)
(201.0, 69.0, 29.0, 103.0)
(200.0, 77.0, 29.0, 103.0)
(201.0, 84.0, 29.0, 103.0)
(201.0, 92.0, 29.0, 103.0)
(203.0, 93.0, 29.0, 103.0)
(201.0, 100.0, 29.0, 103.0)
(204.0, 101.0, 29.0, 103.0)
(207.0, 102.0, 29.0, 103.0)
(207.0, 106.0, 29.0, 103.0)
(206.0, 110.0, 29.0, 103.0)
(205.0, 114.0, 29.0, 103.0)
(204.0, 117.0, 29.0, 103.0)
(203.0, 122.0, 29.0, 103.0)
(203.0, 122.0, 29.0, 103.0)
(203.0, 122.0, 29.0, 103.0)
(203.0, 121.0, 29.0, 103.0)
(202.0, 122.0, 29.0, 103.0)
(201.0, 120.0, 29.0, 103.0)
(200.0, 120.0, 29.0, 103.0)
(202.0, 118.0, 29.0, 103.0)
(201.0, 116.0, 29.0, 103.0)
(203.0, 112.0, 29.0, 103.0)
(201.0, 111.0, 29.0, 103.0)
(201.0, 109.0, 29.0, 103.0)
(203.0, 107.0, 29.0, 103.0)
(202.0, 109.0, 29.0, 103.0)
(204.0, 105.0, 29.0, 103.0)
(206.0, 105.0, 29.0, 103.0)
(207.0, 106.0, 29.0, 103.0)
(206.0, 104.0, 29.0, 103.0)
(206.0, 106.0, 29.0, 103.0)
(207.0, 106.0, 29.0, 103.0)
(208.0, 107.0, 29.0, 103.0)
(208.0, 108.0, 29.0, 103.0)
(209.0, 110.0, 29.0, 103.0)
(211.0, 110.0, 29.0, 103.0)
(212.0, 110.0, 29.0, 103.0)
(213.0, 111.0, 29.0, 103.0)
(215.0, 110.0, 29.0, 103.0)
(216.0, 110.0, 29.0, 103.0)
(218.0, 111.0, 29.0, 103.0)
(220.0, 113.0, 29.0, 103.0)
(221.0, 114.0, 29.0, 103.0)
(223.0, 115.0, 29.0, 103.0)
(223.0, 116.0, 29.0, 103.0)
(224.0, 117.0, 29.0, 103.0)
(225.0, 117.0, 29.0, 103.0)
(225.0, 117.0, 29.0, 103.0)
(226.0, 116.0, 29.0, 103.0)
(228.0, 114.0, 29.0, 103.0)
(230.0, 112.0, 29.0, 103.0)
(230.0, 112.0, 29.0, 103.0)
(231.0, 111.0, 29.0, 103.0)
(231.0, 111.0, 29.0, 103.0)
(231.0, 110.0, 29.0, 103.0)
(231.0, 110.0, 29.0, 103.0)
(231.0, 108.0, 29.0, 103.0)
(231.0, 108.0, 29.0, 103.0)
(230.0, 107.0, 29.0, 103.0)
(230.0, 106.0, 29.0, 103.0)
(230.0, 106.0, 29.0, 103.0)
(230.0, 104.0, 29.0, 103.0)
(230.0, 101.0, 29.0, 103.0)
(230.0, 101.0, 29.0, 103.0)
(230.0, 100.0, 29.0, 103.0)
(230.0, 100.0, 29.0, 103.0)
(231.0, 99.0, 29.0, 103.0)
(230.0, 99.0, 29.0, 103.0)
(230.0, 99.0, 29.0, 103.0)
(230.0, 98.0, 29.0, 103.0)
(231.0, 97.0, 29.0, 103.0)
(232.0, 96.0, 29.0, 103.0)
(233.0, 96.0, 29.0, 103.0)
(234.0, 94.0, 29.0, 103.0)
(234.0, 94.0, 29.0, 103.0)
(235.0, 94.0, 29.0, 103.0)
(235.0, 93.0, 29.0, 103.0)
(235.0, 94.0, 29.0, 103.0)
(235.0, 94.0, 29.0, 103.0)
(235.0, 95.0, 29.0, 103.0)
(234.0, 95.0, 29.0, 103.0)
(232.0, 96.0, 29.0, 103.0)
(231.0, 96.0, 29.0, 103.0)
(229.0, 95.0, 29.0, 103.0)
(227.0, 94.0, 29.0, 103.0)
(225.0, 93.0, 29.0, 103.0)
(224.0, 93.0, 29.0, 103.0)
(222.0, 92.0, 29.0, 103.0)
(220.0, 93.0, 29.0, 103.0)
(219.0, 93.0, 29.0, 103.0)
(218.0, 94.0, 29.0, 103.0)
(217.0, 92.0, 29.0, 103.0)
(217.0, 92.0, 29.0, 103.0)
(215.0, 92.0, 29.0, 103.0)
(215.0, 91.0, 29.0, 103.0)
(215.0, 91.0, 29.0, 103.0)
(215.0, 91.0, 29.0, 103.0)
(215.0, 90.0, 29.0, 103.0)
(215.0, 91.0, 29.0, 103.0)
(215.0, 92.0, 29.0, 103.0)
(215.0, 92.0, 29.0, 103.0)
(214.0, 94.0, 29.0, 103.0)
(214.0, 97.0, 29.0, 103.0)
(214.0, 98.0, 29.0, 103.0)
(214.0, 98.0, 29.0, 103.0)
(214.0, 98.0, 29.0, 103.0)
(214.0, 98.0, 29.0, 103.0)
(214.0, 97.0, 29.0, 103.0)
(215.0, 96.0, 29.0, 103.0)
(215.0, 95.0, 29.0, 103.0)
(214.0, 95.0, 29.0, 103.0)
(214.0, 95.0, 29.0, 103.0)
(213.0, 96.0, 29.0, 103.0)
(211.0, 96.0, 29.0, 103.0)
(209.0, 98.0, 29.0, 103.0)
(207.0, 99.0, 29.0, 103.0)
(206.0, 100.0, 29.0, 103.0)
(205.0, 100.0, 29.0, 103.0)
(205.0, 99.0, 29.0, 103.0)
(205.0, 98.0, 29.0, 103.0)
(204.0, 99.0, 29.0, 103.0)
(204.0, 101.0, 29.0, 103.0)
(204.0, 103.0, 29.0, 103.0)
(205.0, 106.0, 29.0, 103.0)
(205.0, 111.0, 29.0, 103.0)
(205.0, 115.0, 29.0, 103.0)
(205.0, 118.0, 29.0, 103.0)
(205.0, 122.0, 29.0, 103.0)
(204.0, 124.0, 29.0, 103.0)
(204.0, 125.0, 29.0, 103.0)
(204.0, 125.0, 29.0, 103.0)
(204.0, 126.0, 29.0, 103.0)
(204.0, 126.0, 29.0, 103.0)
(204.0, 126.0, 29.0, 103.0)
(204.0, 126.0, 29.0, 103.0)
(204.0, 127.0, 29.0, 103.0)
(204.0, 127.0, 29.0, 103.0)
(204.0, 127.0, 29.0, 103.0)
(204.0, 127.0, 29.0, 103.0)
(204.0, 127.0, 29.0, 103.0)
(203.0, 127.0, 29.0, 103.0)
(202.0, 127.0, 29.0, 103.0)
(200.0, 127.0, 29.0, 103.0)
(200.0, 125.0, 29.0, 103.0)
(197.0, 125.0, 29.0, 103.0)
(195.0, 124.0, 29.0, 103.0)
(194.0, 124.0, 29.0, 103.0)
(194.0, 126.0, 29.0, 103.0)
(192.0, 125.0, 29.0, 103.0)
(191.0, 126.0, 29.0, 103.0)
(189.0, 126.0, 29.0, 103.0)
(190.0, 126.0, 29.0, 103.0)
(191.0, 126.0, 29.0, 103.0)
(191.0, 125.0, 29.0, 103.0)
(193.0, 125.0, 29.0, 103.0)
(195.0, 124.0, 29.0, 103.0)
(198.0, 124.0, 29.0, 103.0)
(200.0, 124.0, 29.0, 103.0)
(203.0, 124.0, 29.0, 103.0)
(205.0, 125.0, 29.0, 103.0)
(208.0, 125.0, 29.0, 103.0)
(208.0, 126.0, 29.0, 103.0)
(209.0, 124.0, 29.0, 103.0)
(209.0, 123.0, 29.0, 103.0)
(209.0, 120.0, 29.0, 103.0)
(210.0, 118.0, 29.0, 103.0)
(210.0, 116.0, 29.0, 103.0)
(211.0, 113.0, 29.0, 103.0)
(211.0, 112.0, 29.0, 103.0)
(210.0, 111.0, 29.0, 103.0)
(209.0, 109.0, 29.0, 103.0)
(209.0, 109.0, 29.0, 103.0)
(208.0, 110.0, 29.0, 103.0)
(208.0, 110.0, 29.0, 103.0)
(208.0, 111.0, 29.0, 103.0)
(206.0, 112.0, 29.0, 103.0)
(204.0, 112.0, 29.0, 103.0)
(203.0, 112.0, 29.0, 103.0)
(202.0, 112.0, 29.0, 103.0)
(201.0, 112.0, 29.0, 103.0)
(201.0, 112.0, 29.0, 103.0)
(200.0, 112.0, 29.0, 103.0)
(200.0, 112.0, 29.0, 103.0)
(199.0, 111.0, 29.0, 103.0)
(199.0, 111.0, 29.0, 103.0)
(197.0, 111.0, 29.0, 103.0)
(194.0, 112.0, 29.0, 103.0)
(191.0, 112.0, 29.0, 103.0)
(190.0, 110.0, 29.0, 103.0)
(188.0, 110.0, 29.0, 103.0)
(186.0, 108.0, 29.0, 103.0)
(184.0, 107.0, 29.0, 103.0)
(183.0, 106.0, 29.0, 103.0)
(182.0, 105.0, 29.0, 103.0)
(180.0, 105.0, 29.0, 103.0)
(178.0, 103.0, 29.0, 103.0)
(177.0, 101.0, 29.0, 103.0)
(176.0, 99.0, 29.0, 103.0)
(175.0, 97.0, 29.0, 103.0)
(173.0, 96.0, 29.0, 103.0)
(170.0, 96.0, 29.0, 103.0)
(168.0, 95.0, 29.0, 103.0)
(167.0, 93.0, 29.0, 103.0)
(167.0, 89.0, 29.0, 103.0)
(167.0, 86.0, 29.0, 103.0)
(167.0, 84.0, 29.0, 103.0)
(166.0, 83.0, 29.0, 103.0)
(166.0, 82.0, 29.0, 103.0)
(165.0, 82.0, 29.0, 103.0)
(162.0, 82.0, 29.0, 103.0)
(160.0, 81.0, 29.0, 103.0)
(158.0, 81.0, 29.0, 103.0)
(156.0, 80.0, 29.0, 103.0)
(154.0, 79.0, 29.0, 103.0)
(153.0, 79.0, 29.0, 103.0)
(153.0, 77.0, 29.0, 103.0)
(152.0, 76.0, 29.0, 103.0)
(151.0, 76.0, 29.0, 103.0)
(149.0, 76.0, 29.0, 103.0)
(148.0, 78.0, 29.0, 103.0)
(147.0, 80.0, 29.0, 103.0)
(145.0, 81.0, 29.0, 103.0)
(143.0, 83.0, 29.0, 103.0)
(140.0, 84.0, 29.0, 103.0)
(139.0, 85.0, 29.0, 103.0)
(139.0, 84.0, 29.0, 103.0)
(140.0, 81.0, 29.0, 103.0)
(139.0, 82.0, 29.0, 103.0)
(138.0, 80.0, 29.0, 103.0)
(138.0, 80.0, 29.0, 103.0)
(136.0, 81.0, 29.0, 103.0)
(135.0, 81.0, 29.0, 103.0)
(134.0, 81.0, 29.0, 103.0)
(133.0, 81.0, 29.0, 103.0)
(132.0, 81.0, 29.0, 103.0)
(131.0, 81.0, 29.0, 103.0)
(131.0, 80.0, 29.0, 103.0)
(131.0, 80.0, 29.0, 103.0)
(131.0, 79.0, 29.0, 103.0)
(131.0, 80.0, 29.0, 103.0)
(131.0, 79.0, 29.0, 103.0)
(131.0, 81.0, 29.0, 103.0)
(133.0, 83.0, 29.0, 103.0)
(133.0, 86.0, 29.0, 103.0)
(135.0, 90.0, 29.0, 103.0)
(135.0, 96.0, 29.0, 103.0)
(136.0, 97.0, 29.0, 103.0)
(138.0, 97.0, 29.0, 103.0)
(141.0, 98.0, 29.0, 103.0)
(146.0, 96.0, 29.0, 103.0)
(156.0, 95.0, 29.0, 103.0)
(163.0, 95.0, 29.0, 103.0)
(165.0, 93.0, 29.0, 103.0)
(165.0, 93.0, 29.0, 103.0)
(165.0, 93.0, 29.0, 103.0)
(164.0, 93.0, 29.0, 103.0)
(161.0, 94.0, 29.0, 103.0)
(158.0, 95.0, 29.0, 103.0)
(154.0, 94.0, 29.0, 103.0)
(151.0, 95.0, 29.0, 103.0)
(148.0, 94.0, 29.0, 103.0)
(145.0, 93.0, 29.0, 103.0)
(144.0, 93.0, 29.0, 103.0)
(143.0, 92.0, 29.0, 103.0)
(141.0, 92.0, 29.0, 103.0)
(140.0, 92.0, 29.0, 103.0)
(139.0, 92.0, 29.0, 103.0)
(139.0, 93.0, 29.0, 103.0)
(139.0, 93.0, 29.0, 103.0)
(139.0, 93.0, 29.0, 103.0)
(138.0, 93.0, 29.0, 103.0)
(136.0, 94.0, 29.0, 103.0)
(134.0, 91.0, 29.0, 103.0)
(135.0, 87.0, 29.0, 103.0)
(137.0, 84.0, 29.0, 103.0)
(137.0, 82.0, 29.0, 103.0)
(137.0, 82.0, 29.0, 103.0)
(140.0, 82.0, 29.0, 103.0)
(148.0, 84.0, 29.0, 103.0)
(152.0, 85.0, 29.0, 103.0)
(153.0, 87.0, 29.0, 103.0)
(155.0, 91.0, 29.0, 103.0)
(156.0, 96.0, 29.0, 103.0)
(156.0, 99.0, 29.0, 103.0)
(157.0, 102.0, 29.0, 103.0)
(158.0, 105.0, 29.0, 103.0)
(158.0, 107.0, 29.0, 103.0)
(158.0, 111.0, 29.0, 103.0)
(160.0, 109.0, 29.0, 103.0)
(158.0, 114.0, 29.0, 103.0)
(157.0, 114.0, 29.0, 103.0)
(156.0, 115.0, 29.0, 103.0)
(154.0, 116.0, 29.0, 103.0)
(151.0, 117.0, 29.0, 103.0)
(148.0, 117.0, 29.0, 103.0)
(147.0, 116.0, 29.0, 103.0)
(148.0, 112.0, 29.0, 103.0)
(149.0, 108.0, 29.0, 103.0)
(149.0, 102.0, 29.0, 103.0)
(150.0, 97.0, 29.0, 103.0)
(151.0, 92.0, 29.0, 103.0)
(153.0, 87.0, 29.0, 103.0)
(156.0, 82.0, 29.0, 103.0)
(158.0, 80.0, 29.0, 103.0)
(161.0, 78.0, 29.0, 103.0)
(163.0, 77.0, 29.0, 103.0)
(162.0, 79.0, 29.0, 103.0)
(164.0, 79.0, 29.0, 103.0)
(164.0, 80.0, 29.0, 103.0)
(163.0, 82.0, 29.0, 103.0)
(161.0, 86.0, 29.0, 103.0)
(158.0, 90.0, 29.0, 103.0)
(154.0, 94.0, 29.0, 103.0)
(150.0, 98.0, 29.0, 103.0)
(146.0, 102.0, 29.0, 103.0)
(142.0, 106.0, 29.0, 103.0)
(139.0, 110.0, 29.0, 103.0)
(136.0, 112.0, 29.0, 103.0)
(134.0, 114.0, 29.0, 103.0)
(134.0, 115.0, 29.0, 103.0)
(134.0, 115.0, 29.0, 103.0)
(135.0, 113.0, 29.0, 103.0)
(139.0, 111.0, 29.0, 103.0)
(142.0, 109.0, 29.0, 103.0)
(143.0, 107.0, 29.0, 103.0)
(143.0, 105.0, 29.0, 103.0)
(144.0, 102.0, 29.0, 103.0)
(147.0, 98.0, 29.0, 103.0)
(148.0, 96.0, 29.0, 103.0)
(149.0, 96.0, 29.0, 103.0)
(151.0, 93.0, 29.0, 103.0)
(152.0, 91.0, 29.0, 103.0)
(152.0, 88.0, 29.0, 103.0)
(153.0, 86.0, 29.0, 103.0)
(154.0, 84.0, 29.0, 103.0)
(155.0, 83.0, 29.0, 103.0)
(154.0, 82.0, 29.0, 103.0)
(153.0, 82.0, 29.0, 103.0)
(153.0, 83.0, 29.0, 103.0)
(149.0, 83.0, 29.0, 103.0)
(147.0, 83.0, 29.0, 103.0)
(146.0, 84.0, 29.0, 103.0)
(144.0, 85.0, 29.0, 103.0)
(141.0, 84.0, 29.0, 103.0)
(139.0, 83.0, 29.0, 103.0)
(137.0, 82.0, 29.0, 103.0)
(136.0, 81.0, 29.0, 103.0)
(134.0, 80.0, 29.0, 103.0)
(134.0, 79.0, 29.0, 103.0)
(134.0, 78.0, 29.0, 103.0)
(134.0, 77.0, 29.0, 103.0)
(135.0, 74.0, 29.0, 103.0)
(136.0, 72.0, 29.0, 103.0)
(136.0, 71.0, 29.0, 103.0)
(137.0, 70.0, 29.0, 103.0)
(138.0, 69.0, 29.0, 103.0)
(140.0, 68.0, 29.0, 103.0)
(142.0, 67.0, 29.0, 103.0)
(145.0, 66.0, 29.0, 103.0)
(149.0, 67.0, 29.0, 103.0)
(155.0, 68.0, 29.0, 103.0)
(156.0, 71.0, 29.0, 103.0)
(156.0, 78.0, 29.0, 103.0)
(156.0, 82.0, 29.0, 103.0)
(158.0, 86.0, 29.0, 103.0)
(165.0, 87.0, 29.0, 103.0)
(164.0, 89.0, 29.0, 103.0)
(158.0, 93.0, 29.0, 103.0)
(166.0, 90.0, 29.0, 103.0)
(163.0, 91.0, 29.0, 103.0)
(158.0, 94.0, 29.0, 103.0)
(158.0, 95.0, 29.0, 103.0)
(158.0, 96.0, 29.0, 103.0)
(156.0, 98.0, 29.0, 103.0)
(154.0, 101.0, 29.0, 103.0)
(152.0, 105.0, 29.0, 103.0)
(156.0, 105.0, 29.0, 103.0)
(156.0, 107.0, 29.0, 103.0)
(154.0, 108.0, 29.0, 103.0)
(153.0, 109.0, 29.0, 103.0)
(152.0, 110.0, 29.0, 103.0)
(146.0, 111.0, 29.0, 103.0)
(148.0, 111.0, 29.0, 103.0)
(144.0, 111.0, 29.0, 103.0)
(150.0, 109.0, 29.0, 103.0)
(146.0, 111.0, 29.0, 103.0)
(146.0, 111.0, 29.0, 103.0)
(147.0, 112.0, 29.0, 103.0)
(150.0, 110.0, 29.0, 103.0)
(149.0, 111.0, 29.0, 103.0)
(151.0, 109.0, 29.0, 103.0)
(148.0, 109.0, 29.0, 103.0)
(149.0, 105.0, 29.0, 103.0)
(148.0, 104.0, 29.0, 103.0)
(148.0, 102.0, 29.0, 103.0)
(148.0, 99.0, 29.0, 103.0)
(149.0, 96.0, 29.0, 103.0)
(148.0, 95.0, 29.0, 103.0)
(149.0, 93.0, 29.0, 103.0)
(151.0, 90.0, 29.0, 103.0)
(159.0, 86.0, 29.0, 103.0)
(159.0, 85.0, 29.0, 103.0)
(161.0, 83.0, 29.0, 103.0)
(161.0, 81.0, 29.0, 103.0)
(161.0, 80.0, 29.0, 103.0)
(161.0, 79.0, 29.0, 103.0)
(162.0, 78.0, 29.0, 103.0)
(157.0, 79.0, 29.0, 103.0)
(160.0, 78.0, 29.0, 103.0)
(160.0, 78.0, 29.0, 103.0)
(161.0, 78.0, 29.0, 103.0)
(161.0, 79.0, 29.0, 103.0)
(161.0, 79.0, 29.0, 103.0)
(162.0, 79.0, 29.0, 103.0)
(163.0, 78.0, 29.0, 103.0)
(163.0, 78.0, 29.0, 103.0)
(163.0, 77.0, 29.0, 103.0)
(163.0, 75.0, 29.0, 103.0)
(163.0, 74.0, 29.0, 103.0)
(160.0, 75.0, 29.0, 103.0)
(159.0, 74.0, 29.0, 103.0)
(157.0, 74.0, 29.0, 103.0)
(153.0, 75.0, 29.0, 103.0)
(149.0, 76.0, 29.0, 103.0)
(148.0, 76.0, 29.0, 103.0)
(146.0, 76.0, 29.0, 103.0)
(144.0, 77.0, 29.0, 103.0)
(141.0, 77.0, 29.0, 103.0)
(138.0, 76.0, 29.0, 103.0)
(138.0, 74.0, 29.0, 103.0)
(136.0, 73.0, 29.0, 103.0)
(134.0, 71.0, 29.0, 103.0)
(133.0, 71.0, 29.0, 103.0)
(133.0, 70.0, 29.0, 103.0)
(131.0, 71.0, 29.0, 103.0)
(130.0, 71.0, 29.0, 103.0)
(129.0, 72.0, 29.0, 103.0)
(128.0, 73.0, 29.0, 103.0)
(127.0, 73.0, 29.0, 103.0)
(127.0, 72.0, 29.0, 103.0)
(126.0, 73.0, 29.0, 103.0)
(126.0, 72.0, 29.0, 103.0)
(126.0, 73.0, 29.0, 103.0)
(125.0, 76.0, 29.0, 103.0)
(126.0, 80.0, 29.0, 103.0)
(129.0, 85.0, 29.0, 103.0)
(131.0, 91.0, 29.0, 103.0)
(136.0, 96.0, 29.0, 103.0)
(140.0, 102.0, 29.0, 103.0)
(147.0, 105.0, 29.0, 103.0)
(148.0, 107.0, 29.0, 103.0)
(147.0, 107.0, 29.0, 103.0)
(148.0, 106.0, 29.0, 103.0)
(147.0, 103.0, 29.0, 103.0)
(145.0, 98.0, 29.0, 103.0)
(146.0, 94.0, 29.0, 103.0)
(147.0, 90.0, 29.0, 103.0)
(147.0, 86.0, 29.0, 103.0)
(147.0, 81.0, 29.0, 103.0)
(147.0, 80.0, 29.0, 103.0)
(146.0, 78.0, 29.0, 103.0)
(145.0, 76.0, 29.0, 103.0)
(144.0, 76.0, 29.0, 103.0)
(144.0, 75.0, 29.0, 103.0)
(141.0, 73.0, 29.0, 103.0)
(133.0, 71.0, 29.0, 103.0)
(126.0, 70.0, 29.0, 103.0)
(119.0, 67.0, 29.0, 103.0)
(118.0, 62.0, 29.0, 103.0)
(115.0, 56.0, 29.0, 103.0)
(108.0, 54.0, 29.0, 103.0)
(109.0, 35.0, 29.0, 103.0)
(97.0, 0.0, 29.0, 103.0)
(85.0, 0.0, 29.0, 103.0)
(90.0, 8.0, 29.0, 103.0)
(100.0, 10.0, 29.0, 103.0)
(105.0, 11.0, 29.0, 103.0)
(102.0, 15.0, 29.0, 103.0)
(110.0, 21.0, 29.0, 103.0)
(116.0, 22.0, 29.0, 103.0)
(127.0, 22.0, 29.0, 103.0)
(138.0, 23.0, 29.0, 103.0)
(136.0, 26.0, 29.0, 103.0)
(132.0, 34.0, 29.0, 103.0)
(138.0, 50.0, 29.0, 103.0)
(148.0, 55.0, 29.0, 103.0)
(150.0, 62.0, 29.0, 103.0)
(144.0, 77.0, 29.0, 103.0)
(135.0, 92.0, 29.0, 103.0)
(124.0, 104.0, 29.0, 103.0)
(117.0, 110.0, 29.0, 103.0)
(114.0, 111.0, 29.0, 103.0)
(112.0, 113.0, 29.0, 103.0)
(108.0, 114.0, 29.0, 103.0)
(106.0, 112.0, 29.0, 103.0)
(113.0, 107.0, 29.0, 103.0)
(121.0, 104.0, 29.0, 103.0)
(132.0, 98.0, 29.0, 103.0)
(140.0, 94.0, 29.0, 103.0)
(147.0, 94.0, 29.0, 103.0)
(144.0, 98.0, 29.0, 103.0)
(146.0, 99.0, 29.0, 103.0)
(148.0, 102.0, 29.0, 103.0)
(149.0, 108.0, 29.0, 103.0)
(157.0, 112.0, 29.0, 103.0)
(156.0, 114.0, 29.0, 103.0)
(160.0, 116.0, 29.0, 103.0)
(155.0, 120.0, 29.0, 103.0)
