(336, 165, 25, 60)
(336.5467675215201, 164.5908095565311, 24.686555288991, 59.2477326935784)
(335.84755673149675, 163.33322673176406, 25.138443665912767, 60.33226479819064)
(332.0218744768147, 158.79214107833957, 28.403730294417556, 68.16895270660214)
(330.15359126073156, 158.44153772692766, 28.766395359396213, 69.03934886255092)
(317.24695830383433, 149.82030613037432, 35.65976991576879, 85.58344779784511)
(312.42444029767074, 148.79316843315976, 36.33141725622104, 87.19540141493049)
(309.61155580176415, 148.54749771817924, 36.51748898240922, 87.64197355778212)
(304.057007837212, 148.044399375715, 36.69634809510732, 88.07123542825755)
(296.0966595093219, 146.54335672373972, 37.08915168448123, 89.01396404275494)
(290.8653071213998, 145.5935431216329, 37.068946304075446, 88.96547112978106)
(288.40683032195614, 145.33772089769468, 36.845335938119035, 88.42880625148567)
(283.08147909473945, 144.5400505597965, 36.70966143942739, 88.10318745462573)
(274.75477126463096, 142.70995567378623, 36.44651215823804, 87.47162917977128)
(269.2344816792577, 141.53804136957402, 36.3528750203908, 87.2469000489379)
(266.86283977352696, 141.22770479972635, 36.14324745489926, 86.74379389175822)
(258.4816205797342, 138.73429057544425, 36.497421682328365, 87.59381203758807)
(252.76190458876607, 136.55052993637838, 37.13900210176475, 89.1336050442354)
(247.4557840806124, 135.1126333193487, 36.978110793853304, 88.74746590524792)
(241.99807373528284, 133.2638782464171, 36.92645995130932, 88.62350388314236)
(236.7145651028748, 131.5023570647706, 36.79218327081292, 88.301239849951)
(231.4638852315901, 130.04073544448812, 36.307275923538555, 87.13746221649252)
(225.81948554385724, 127.8729451148277, 36.36011338494176, 87.26427212386022)
(220.33065371719388, 125.84362385290595, 36.25882806365912, 87.02118735278187)
(214.5301362220465, 123.31208675957177, 36.498840104735116, 87.59721625136427)
(208.59325446290788, 121.19441541678947, 36.4523002782858, 87.48552066788591)
(202.59645928845387, 119.10918173564869, 36.40066357641255, 87.3615925833901)
(196.68426393352826, 117.02365739066315, 36.193804286263784, 86.86513028703307)
(184.62124822565747, 112.67151789733967, 36.16608814341161, 86.79861154418786)
(178.64932439423427, 110.69542688600602, 36.135311172468946, 86.72474681392546)
(175.69655201551473, 109.72136167805567, 36.09850363498616, 86.63640872396678)
(169.9926081372008, 107.8610055619967, 35.81159769044219, 85.94783445706126)
(161.07645209655436, 105.03405113280472, 35.63801987915687, 85.5312477099765)
(155.0973124516623, 103.11855812373565, 35.57545566308162, 85.38109359139588)
(151.94101689280572, 102.29725203565366, 35.46730093118543, 85.12152223484503)
(145.44748143427194, 100.35873251134441, 35.47356740489364, 85.13656177174475)
(135.7211571976303, 97.64206114882447, 35.19957708423155, 84.47898500215574)
(129.17743797703707, 95.70791520128543, 35.20332106741025, 84.48797056178462)
(125.96482212875438, 94.93650740466481, 35.05180105499123, 84.12432253197898)
(115.95832175843557, 92.00117842752074, 34.88320694699605, 83.71969667279055)
(109.03323960981781, 89.85294172005686, 34.84402798251282, 83.6256671580308)
(101.53948951415742, 87.50534536010085, 34.7929310669, 83.50303456056002)
(93.81781091252554, 85.20864996813748, 34.80928631703874, 83.542287160893)
(85.98335810249037, 83.02729043352574, 34.760586346288775, 83.42540723109308)
(78.05880667974637, 81.11826997304166, 34.684197858768975, 83.24207486104557)
(70.05913351827606, 79.41321026930198, 34.53272631061585, 82.87854314547806)
(62.008825848764616, 77.6414449459706, 34.47436032639656, 82.73846478335176)
(54.07778047282981, 76.22197815798489, 34.26456692299273, 82.23496061518257)
(46.36024755428235, 74.49645066714285, 34.170511361161864, 82.0092272667885)
(38.63948315750565, 72.50563589026942, 34.04577123381682, 81.7098509611604)
(30.98751366641391, 70.47020598664923, 33.82064603753351, 81.16955049008044)
(15.906366021815813, 65.66451185079544, 33.831101116768764, 81.19464268024505)
(8.576678090356015, 63.535861523299744, 33.84600676484461, 81.23041623562708)
(5.062670113137369, 62.53882303593397, 33.80449223222136, 81.13078135733127)
(-2.5661940402856196, 60.67477154086333, 33.71076485059077, 80.90583564141787)
(0.0, 0.0, 0.0, 0.0)
(0.0, 0.0, 0.0, 0.0)
(6.970243381927162, 26.72991086833416, 53.073543692688645, 127.37650486245278)
(-1.739798581336295, 24.869625769294828, 52.531515192457746, 126.07563646189863)
(-15.009975165597865, 22.544578431910814, 51.089003981098074, 122.6136095546354)
(-25.099222582221806, 18.337814136407893, 52.552382313491464, 126.12571755237953)
(-25.425975091281593, 16.09738481754526, 53.098731531745315, 127.43695567618877)
(-17.65890241366929, 18.849650747721057, 53.098731531745315, 127.43695567618877)
(0.0, 0.0, 0.0, 0.0)
(0.0, 0.0, 0.0, 0.0)
(0.0, 0.0, 0.0, 0.0)
(0.0, 0.0, 0.0, 0.0)
(0.0, 0.0, 0.0, 0.0)
(0.0, 0.0, 0.0, 0.0)
(0.0, 0.0, 0.0, 0.0)
(0.0, 0.0, 0.0, 0.0)
(0.0, 0.0, 0.0, 0.0)
(0.0, 0.0, 0.0, 0.0)
(0.0, 0.0, 0.0, 0.0)
(0.0, 0.0, 0.0, 0.0)
(0.0, 0.0, 0.0, 0.0)
(0.0, 0.0, 0.0, 0.0)
(0.0, 0.0, 0.0, 0.0)
(0.0, 0.0, 0.0, 0.0)
(0.0, 0.0, 0.0, 0.0)
(0.0, 0.0, 0.0, 0.0)
(0.0, 0.0, 0.0, 0.0)
(0.0, 0.0, 0.0, 0.0)
(0.0, 0.0, 0.0, 0.0)
(0.0, 0.0, 0.0, 0.0)
(0.0, 0.0, 0.0, 0.0)
(0.0, 0.0, 0.0, 0.0)
(0.0, 0.0, 0.0, 0.0)
(0.0, 0.0, 0.0, 0.0)
(0.0, 0.0, 0.0, 0.0)
(0.0, 0.0, 0.0, 0.0)
(0.0, 0.0, 0.0, 0.0)
(0.0, 0.0, 0.0, 0.0)
(0.0, 0.0, 0.0, 0.0)
(0.0, 0.0, 0.0, 0.0)
(0.0, 0.0, 0.0, 0.0)
(0.0, 0.0, 0.0, 0.0)
(0.0, 0.0, 0.0, 0.0)
(0.0, 0.0, 0.0, 0.0)
(0.0, 0.0, 0.0, 0.0)
(0.0, 0.0, 0.0, 0.0)
(0.0, 0.0, 0.0, 0.0)
(0.0, 0.0, 0.0, 0.0)
(0.0, 0.0, 0.0, 0.0)
(0.0, 0.0, 0.0, 0.0)
(0.0, 0.0, 0.0, 0.0)
(0.0, 0.0, 0.0, 0.0)
(0.0, 0.0, 0.0, 0.0)
(0.0, 0.0, 0.0, 0.0)
(0.0, 0.0, 0.0, 0.0)
(0.0, 0.0, 0.0, 0.0)
(0.0, 0.0, 0.0, 0.0)
(0.0, 0.0, 0.0, 0.0)
(0.0, 0.0, 0.0, 0.0)
(0.0, 0.0, 0.0, 0.0)
(0.0, 0.0, 0.0, 0.0)
(0.0, 0.0, 0.0, 0.0)
(0.0, 0.0, 0.0, 0.0)
(0.0, 0.0, 0.0, 0.0)
(0.0, 0.0, 0.0, 0.0)
(0.0, 0.0, 0.0, 0.0)
(0.0, 0.0, 0.0, 0.0)
(0.0, 0.0, 0.0, 0.0)
(0.0, 0.0, 0.0, 0.0)
(0.0, 0.0, 0.0, 0.0)
(0.0, 0.0, 0.0, 0.0)
(0.0, 0.0, 0.0, 0.0)
(0.0, 0.0, 0.0, 0.0)
(0.0, 0.0, 0.0, 0.0)
(0.0, 0.0, 0.0, 0.0)
(0.0, 0.0, 0.0, 0.0)
(0.0, 0.0, 0.0, 0.0)
(0.0, 0.0, 0.0, 0.0)
(0.0, 0.0, 0.0, 0.0)
(0.0, 0.0, 0.0, 0.0)
(0.0, 0.0, 0.0, 0.0)
(0.0, 0.0, 0.0, 0.0)
(0.0, 0.0, 0.0, 0.0)
(0.0, 0.0, 0.0, 0.0)
(0.0, 0.0, 0.0, 0.0)
(0.0, 0.0, 0.0, 0.0)
(104.79433130520277, 288.24385011905895, 53.098731531745315, 127.43695567618877)
(104.85171418867284, 288.37480634407456, 52.98161591128957, 127.155878187095)
(104.84404737874956, 288.40683629811025, 52.95597968250331, 127.09435123800797)
(104.8312029561646, 288.3875239661329, 52.973077829431055, 127.13538679063457)
(104.9637697186919, 288.6488848797922, 52.76244869890768, 126.62987687737848)
(104.95745806034108, 288.6435086282658, 52.768785394515604, 126.64508494683749)
(104.96149670467751, 288.620361408853, 52.790859473030224, 126.69806273527257)
(104.9698392758487, 288.64423184626537, 52.770115492797224, 126.64827718271337)
(105.05289089591469, 288.8214182832519, 52.61895060715744, 126.28548145717788)
(105.27888647990514, 289.37322846119616, 52.160749112028086, 125.18579786886744)
(105.25117245302684, 289.30757234063356, 52.21265238551127, 125.31036572522707)
(105.27218793904305, 289.34521653832246, 52.17141487051009, 125.21139568922425)
(105.31906267810578, 289.4672434999636, 52.06908995293151, 124.96581588703566)
(105.36197509225842, 289.59476332322686, 51.965290271110604, 124.71669665066548)
(105.39975189713819, 289.70355204458673, 51.87342501584326, 124.49622003802385)
(105.27943583034136, 289.5435959745087, 52.00196608498378, 124.80471860396109)
(101.21653938910512, 279.73990098526826, 60.048840510425016, 144.11721722502006)
(100.15001954700061, 277.1958600536706, 62.17495270439966, 149.2198864905592)
(100.4887708059274, 277.99598465712614, 61.51576073342107, 147.63782576021057)
(101.42199534317567, 280.32333951331884, 59.675861951893296, 143.22206868454393)
(101.53405471746404, 280.5620879198141, 59.46568973651968, 142.71765536764724)
(101.42236612947421, 280.32071987895097, 59.695109392968085, 143.26826254312343)
(101.40957825219942, 280.344057293804, 59.728940152400455, 143.3494563657611)
(101.21228228601234, 279.8585596702675, 60.13113096172775, 144.31471430814662)
(100.95965459924334, 279.2875132317875, 60.61114829815639, 145.46675591557536)
(101.07722202413787, 279.6025485866906, 60.39230983508609, 144.94154360420666)
(101.08216667509083, 279.61552658882147, 60.38373278903953, 144.9209586936949)
(101.06591521191851, 279.5648897764267, 60.41626623296229, 144.99903895910953)
(101.07251503805004, 279.4275982556267, 60.38838762562111, 144.93213030149067)
(100.86185843189342, 278.8506478891321, 60.81646048148903, 145.9595051555737)
(100.94723503329608, 279.05955563874846, 60.65208545251185, 145.56500508602846)
(100.42723502830685, 277.8012956170087, 61.61574574081061, 147.8777897779455)
(100.43869583002086, 277.807909207138, 61.610081827812266, 147.86419638674948)
(100.29193887769115, 277.34132484576537, 61.91085891606546, 148.58606139855715)
(100.23882561520543, 277.210428943534, 61.992854484005655, 148.78285076161362)
(100.11127015466695, 276.8468800667573, 62.25947053203571, 149.42272927688575)
(99.99693317814828, 276.56874207506564, 62.490463821010565, 149.9771131704254)
(100.00914062930413, 276.58239054377714, 62.478759489987944, 149.94902277597112)
(99.98430800643177, 276.49095020786785, 62.554730888076406, 150.13135413138343)
(99.96983807294885, 276.4441374065714, 62.594199319495374, 150.22607836678895)
(99.979503295419, 276.4544005908903, 62.58643503666447, 150.2074440879948)
(100.00222001500062, 276.46441998546436, 62.57856873617309, 150.18856496681548)
(100.12571194227873, 276.7312840093693, 62.37525553591374, 149.70061328619303)
(99.98149254642378, 276.3748242073643, 62.680875724108006, 150.4341017378593)
(99.9804116362182, 276.4333048519725, 62.64965131405042, 150.35916315372108)
(99.92961392096063, 276.37351191738554, 62.69897013323744, 150.47752831976993)
(99.93508890718638, 276.38628567338986, 62.673219135395286, 150.41572592494876)
(100.07034319283954, 276.59840206247304, 62.50634825940149, 150.01523582256365)
(99.89937061686919, 276.42799097584737, 62.652095901576544, 150.36503016378379)
(99.90752452524497, 276.5124285200117, 62.65095532115313, 150.3622927707676)
(99.8332813845191, 276.1774151482852, 62.93905952252676, 151.05374285406432)
(98.04209684117001, 271.8893846221771, 66.51749184164682, 159.64198041995246)
(0.0, 0.0, 0.0, 0.0)
(0.0, 0.0, 0.0, 0.0)
(91.84767664892661, 238.27412503774607, 96.13961622271562, 230.73507893451762)
(69.7421078617551, 233.56658514384696, 98.28822327948052, 235.89173587075337)
(56.48583683634388, 229.8422024074694, 100.57694178293968, 241.38466027905537)
(35.59010642471607, 229.37882332092983, 99.50263417357812, 238.80632201658761)
(-11.95765374773346, 187.72687438312516, 131.88627478825256, 316.5270594918063)
(-32.03132074151553, 187.07391545595837, 130.96207938738897, 314.30899052973365)
(-43.83540550984431, 186.44865913110993, 130.69373830392934, 313.6649719294305)
(-59.89144174371023, 184.58490733828876, 130.9773081166319, 314.3455394799166)
(-62.72219581737555, 168.26222221053985, 143.80186882286145, 345.1244851748676)
(-62.35499146841751, 168.71906186907796, 143.13155729100677, 343.51573749841634)
(-61.42429633452761, 168.00416852201772, 143.58831325201726, 344.6119518048415)
(-51.8954354627602, 194.1857883206194, 121.02346803817603, 290.45632329162254)
(-18.288863660494318, 281.99545096969644, 54.002561572392445, 129.6061477737419)
(0.0, 0.0, 0.0, 0.0)
(-19.69853079165518, 298.38102121721505, 40.10454201391339, 96.25090083339215)
(-19.94591615468538, 297.9597900898391, 41.4520558887775, 99.48493413306602)
(0.0, 0.0, 0.0, 0.0)
(-19.224721333228175, 302.2262766341147, 40.00654677717412, 96.0157122652179)
(-19.456610664807016, 302.4988705037063, 40.73063084499489, 97.75351402798773)
(-19.782977867579763, 303.4715035236924, 40.793872452688824, 97.90529388645317)
(-19.755070691047138, 304.77753113570685, 40.43450475680436, 97.04281141633045)
(-19.546171338984593, 291.7317967614431, 53.61524063672468, 128.6765775281392)
(0.0, 0.0, 0.0, 0.0)
(0.0, 0.0, 0.0, 0.0)
(-17.52565351290427, 274.7507176598806, 53.61524063672468, 128.6765775281392)
(-19.81548267008142, 272.2640095376664, 58.265368092085446, 139.83688342100504)
(-19.726104507493762, 274.8011158713155, 57.7942936612125, 138.70630478690995)
(-37.92333525372759, 231.41162743679968, 94.76661312487157, 227.4398714996917)
(0.0, 0.0, 0.0, 0.0)
(34.11305123614057, 234.9462038528153, 94.76661312487157, 227.4398714996917)
(0.0, 0.0, 0.0, 0.0)
(25.047469639810416, 258.7879169083417, 77.57255811684828, 186.17413948043583)
(8.606964634680246, 255.78395196634176, 80.83221497769456, 193.9973159464669)
(-11.827587429481248, 258.0588874249518, 80.59863889971872, 193.43673335932488)
(-30.784699129198877, 259.673513681567, 80.5015402776696, 193.20369666640698)
(0.0, 0.0, 0.0, 0.0)
(-9.194365913710314, 283.17843061675717, 63.09437428919736, 151.4264982940736)
(-2.5676423074071835, 301.86865907638906, 49.15849919344291, 117.98039806426293)
(0.0, 0.0, 0.0, 0.0)
(0.0, 0.0, 0.0, 0.0)
(0.0, 0.0, 0.0, 0.0)
(86.40230979906865, 160.96016603439693, 49.15849919344291, 117.98039806426293)
(72.52006607074897, 161.56833040283595, 49.604123735043196, 119.04989696410362)
(59.202657478960134, 162.28035044172242, 49.78606005924587, 119.48654414219004)
(33.89538905682178, 162.90854801325833, 50.3476717936593, 120.83441230478228)
(21.649365813589696, 162.93654315723572, 50.6290096619594, 121.50962318870252)
(15.455746132591187, 162.95281905760493, 50.80011590628064, 121.92027817507349)
(2.722468367442932, 163.5587666302335, 51.01625181987793, 122.43900436770699)
(-17.576690115765388, 165.4547953647718, 51.14433486905824, 122.74640368573974)
(-31.641464304253933, 167.09835922402038, 50.93315830096697, 122.23957992232069)
(-21.385053862517776, 209.01994469312268, 16.630243041884306, 39.912583300522314)
(0.0, 0.0, 0.0, 0.0)
(0.0, 0.0, 0.0, 0.0)
(0.0, 0.0, 0.0, 0.0)
(0.0, 0.0, 0.0, 0.0)
(0.0, 0.0, 0.0, 0.0)
(0.0, 0.0, 0.0, 0.0)
(0.0, 0.0, 0.0, 0.0)
(0.0, 0.0, 0.0, 0.0)
(0.0, 0.0, 0.0, 0.0)
(0.0, 0.0, 0.0, 0.0)
(0.0, 0.0, 0.0, 0.0)
(0.0, 0.0, 0.0, 0.0)
(0.0, 0.0, 0.0, 0.0)
(0.0, 0.0, 0.0, 0.0)
(0.0, 0.0, 0.0, 0.0)
(0.0, 0.0, 0.0, 0.0)
(0.0, 0.0, 0.0, 0.0)
(0.0, 0.0, 0.0, 0.0)
(0.0, 0.0, 0.0, 0.0)
(0.0, 0.0, 0.0, 0.0)
(0.0, 0.0, 0.0, 0.0)
(0.0, 0.0, 0.0, 0.0)
(0.0, 0.0, 0.0, 0.0)
(0.0, 0.0, 0.0, 0.0)
(0.0, 0.0, 0.0, 0.0)
(0.0, 0.0, 0.0, 0.0)
(0.0, 0.0, 0.0, 0.0)
(0.0, 0.0, 0.0, 0.0)
(0.0, 0.0, 0.0, 0.0)
(0.0, 0.0, 0.0, 0.0)
(0.0, 0.0, 0.0, 0.0)
(0.0, 0.0, 0.0, 0.0)
(0.0, 0.0, 0.0, 0.0)
(0.0, 0.0, 0.0, 0.0)
(0.0, 0.0, 0.0, 0.0)
(0.0, 0.0, 0.0, 0.0)
(0.0, 0.0, 0.0, 0.0)
(0.0, 0.0, 0.0, 0.0)
(0.0, 0.0, 0.0, 0.0)
(0.0, 0.0, 0.0, 0.0)
(0.0, 0.0, 0.0, 0.0)
(0.0, 0.0, 0.0, 0.0)
(0.0, 0.0, 0.0, 0.0)
(0.0, 0.0, 0.0, 0.0)
(0.0, 0.0, 0.0, 0.0)
(0.0, 0.0, 0.0, 0.0)
(0.0, 0.0, 0.0, 0.0)
(0.0, 0.0, 0.0, 0.0)
(0.0, 0.0, 0.0, 0.0)
(0.0, 0.0, 0.0, 0.0)
(0.0, 0.0, 0.0, 0.0)
(0.0, 0.0, 0.0, 0.0)
(0.0, 0.0, 0.0, 0.0)
(0.0, 0.0, 0.0, 0.0)
(0.0, 0.0, 0.0, 0.0)
(0.0, 0.0, 0.0, 0.0)
(0.0, 0.0, 0.0, 0.0)
(0.0, 0.0, 0.0, 0.0)
(0.0, 0.0, 0.0, 0.0)
(0.0, 0.0, 0.0, 0.0)
(0.0, 0.0, 0.0, 0.0)
(0.0, 0.0, 0.0, 0.0)
(0.0, 0.0, 0.0, 0.0)
(0.0, 0.0, 0.0, 0.0)
(0.0, 0.0, 0.0, 0.0)
(0.0, 0.0, 0.0, 0.0)
(0.0, 0.0, 0.0, 0.0)
(0.0, 0.0, 0.0, 0.0)
(0.0, 0.0, 0.0, 0.0)
(0.0, 0.0, 0.0, 0.0)
(0.0, 0.0, 0.0, 0.0)
(0.0, 0.0, 0.0, 0.0)
(0.0, 0.0, 0.0, 0.0)
(0.0, 0.0, 0.0, 0.0)
(0.0, 0.0, 0.0, 0.0)
(0.0, 0.0, 0.0, 0.0)
(0.0, 0.0, 0.0, 0.0)
(0.0, 0.0, 0.0, 0.0)
(0.0, 0.0, 0.0, 0.0)
(0.0, 0.0, 0.0, 0.0)
(0.0, 0.0, 0.0, 0.0)
(0.0, 0.0, 0.0, 0.0)
(0.0, 0.0, 0.0, 0.0)
(0.0, 0.0, 0.0, 0.0)
(0.0, 0.0, 0.0, 0.0)
(0.0, 0.0, 0.0, 0.0)
(0.0, 0.0, 0.0, 0.0)
(0.0, 0.0, 0.0, 0.0)
(0.0, 0.0, 0.0, 0.0)
(0.0, 0.0, 0.0, 0.0)
(0.0, 0.0, 0.0, 0.0)
(0.0, 0.0, 0.0, 0.0)
(0.0, 0.0, 0.0, 0.0)
(0.0, 0.0, 0.0, 0.0)
(0.0, 0.0, 0.0, 0.0)
(0.0, 0.0, 0.0, 0.0)
(0.0, 0.0, 0.0, 0.0)
(0.0, 0.0, 0.0, 0.0)
(0.0, 0.0, 0.0, 0.0)
(0.0, 0.0, 0.0, 0.0)
(0.0, 0.0, 0.0, 0.0)
(0.0, 0.0, 0.0, 0.0)
(0.0, 0.0, 0.0, 0.0)
(0.0, 0.0, 0.0, 0.0)
