(336, 165, 25, 60)
(336.9707336425781, 164.4263458251953, 25.0, 60.0)
(337.7098693847656, 164.79449462890625, 24.509803771972656, 58.82352828979492)
(337.48492431640625, 163.61935424804688, 25.0, 60.0)
(336.6816711425781, 165.10833740234375, 25.5, 61.19999694824219)
(332.20159912109375, 169.29107666015625, 25.5, 61.19999694824219)
(331.774169921875, 169.04800415039062, 26.009998321533203, 62.42399597167969)
(330.0091247558594, 167.22877502441406, 27.06079864501953, 64.94591522216797)
(325.74444580078125, 166.50643920898438, 27.602014541625977, 66.24483489990234)
(330.15716552734375, 164.88328552246094, 28.154054641723633, 67.56973266601562)
(330.0760498046875, 163.04991149902344, 29.291475296020508, 70.2995376586914)
(331.45501708984375, 161.35931396484375, 28.717132568359375, 68.9211196899414)
(330.42938232421875, 161.2855224609375, 28.717132568359375, 68.9211196899414)
(327.26824951171875, 160.5274658203125, 29.291475296020508, 70.2995376586914)
(326.70611572265625, 161.01882934570312, 28.717132568359375, 68.9211196899414)
(326.8131408691406, 160.63209533691406, 29.291475296020508, 70.2995376586914)
(325.990234375, 162.72520446777344, 29.877304077148438, 71.70553588867188)
(324.4591369628906, 162.09246826171875, 29.877304077148438, 71.70553588867188)
(322.7982482910156, 163.72897338867188, 29.877304077148438, 71.70553588867188)
(320.1246337890625, 161.67918395996094, 30.474849700927734, 73.13964080810547)
(325.51568603515625, 159.00592041015625, 30.474849700927734, 73.13964080810547)
(326.58050537109375, 159.61769104003906, 29.877304077148438, 71.70553588867188)
(326.68109130859375, 158.51904296875, 29.877304077148438, 71.70553588867188)
(328.0029296875, 158.6433563232422, 28.717132568359375, 68.9211196899414)
(328.6708679199219, 157.2941436767578, 28.154050827026367, 67.5697250366211)
(328.4173583984375, 156.892333984375, 27.60201072692871, 66.24482727050781)
(329.81646728515625, 157.06719970703125, 27.060794830322266, 64.94590759277344)
(329.3575439453125, 157.57232666015625, 27.60201072692871, 66.24482727050781)
(323.87701416015625, 159.8961181640625, 27.60201072692871, 66.24482727050781)
(323.6781311035156, 157.4886016845703, 28.154050827026367, 67.5697250366211)
(325.54315185546875, 158.47178649902344, 27.06079864501953, 64.94591522216797)
(327.5021057128906, 155.5281524658203, 27.06079864501953, 64.94591522216797)
(330.62286376953125, 153.0721435546875, 26.530193328857422, 63.67246627807617)
(331.9870300292969, 153.85556030273438, 26.530193328857422, 63.67246627807617)
(331.0069885253906, 152.23684692382812, 27.60201072692871, 66.24482727050781)
(331.340087890625, 151.4999542236328, 28.154050827026367, 67.5697250366211)
(331.24420166015625, 150.67405700683594, 28.717130661010742, 68.92111206054688)
(331.9193420410156, 154.51983642578125, 27.60201072692871, 66.24482727050781)
(331.3642578125, 153.69715881347656, 28.154050827026367, 67.5697250366211)
(330.8547058105469, 155.33468627929688, 28.154050827026367, 67.5697250366211)
(330.2344055175781, 153.07936096191406, 28.717130661010742, 68.92111206054688)
(330.69976806640625, 153.14520263671875, 28.717130661010742, 68.92111206054688)
(331.2732238769531, 153.09228515625, 28.154048919677734, 67.56971740722656)
(331.50909423828125, 153.4931640625, 28.154048919677734, 67.56971740722656)
(332.2507019042969, 152.14169311523438, 28.154048919677734, 67.56971740722656)
(331.5597839355469, 151.14852905273438, 28.717126846313477, 68.92110443115234)
(332.1904296875, 150.0299835205078, 28.717126846313477, 68.92110443115234)
(331.9191589355469, 150.75108337402344, 28.717126846313477, 68.92110443115234)
(331.7278747558594, 154.00665283203125, 29.29146957397461, 70.29952239990234)
(330.96173095703125, 152.89730834960938, 29.87729835510254, 71.70552062988281)
(330.1238098144531, 153.86331176757812, 29.87729835510254, 71.70552062988281)
(330.0780334472656, 151.9876708984375, 29.87729835510254, 71.70552062988281)
(333.6654968261719, 152.39627075195312, 29.87729835510254, 71.70552062988281)
(333.8625793457031, 151.40467834472656, 30.474843978881836, 73.1396255493164)
(334.313720703125, 150.71717834472656, 31.084341049194336, 74.6024169921875)
(336.51702880859375, 148.96485900878906, 31.706026077270508, 76.0944595336914)
(335.992431640625, 148.8867950439453, 31.706026077270508, 76.0944595336914)
(336.7660827636719, 150.3583526611328, 31.084341049194336, 74.6024169921875)
(335.7466735839844, 150.9955596923828, 31.084341049194336, 74.6024169921875)
(335.48370361328125, 151.33798217773438, 31.084341049194336, 74.6024169921875)
(332.9752502441406, 152.05734252929688, 31.084341049194336, 74.6024169921875)
(332.23150634765625, 151.7080535888672, 30.474843978881836, 73.1396255493164)
(331.1039123535156, 150.7161865234375, 30.474843978881836, 73.1396255493164)
(330.7205505371094, 151.1068878173828, 30.474843978881836, 73.1396255493164)
(330.12255859375, 150.80535888671875, 30.474843978881836, 73.1396255493164)
(328.58294677734375, 148.45523071289062, 31.084341049194336, 74.6024169921875)
(326.773193359375, 148.69203186035156, 31.084341049194336, 74.6024169921875)
(324.26605224609375, 148.76922607421875, 31.084341049194336, 74.6024169921875)
(323.40447998046875, 149.00474548339844, 31.084341049194336, 74.6024169921875)
(322.43621826171875, 150.2347869873047, 31.084341049194336, 74.6024169921875)
(322.3739013671875, 151.66403198242188, 31.084341049194336, 74.6024169921875)
(322.4085693359375, 151.4903564453125, 31.706026077270508, 76.0944595336914)
(321.3387145996094, 150.43435668945312, 31.706026077270508, 76.0944595336914)
(321.111572265625, 150.4282684326172, 31.706026077270508, 76.0944595336914)
(322.2565612792969, 149.80084228515625, 32.340145111083984, 77.61634826660156)
(321.7384338378906, 148.22752380371094, 32.98694610595703, 79.1686782836914)
(321.3476867675781, 147.38320922851562, 33.64668655395508, 80.75204467773438)
(321.42547607421875, 147.24232482910156, 33.64668655395508, 80.75204467773438)
(320.5809020996094, 147.47064208984375, 33.64668655395508, 80.75204467773438)
(320.3424377441406, 149.4137420654297, 33.64668655395508, 80.75204467773438)
(319.8857421875, 148.84841918945312, 34.319618225097656, 82.36708068847656)
(319.9232482910156, 148.34381103515625, 34.319618225097656, 82.36708068847656)
(319.77520751953125, 147.99459838867188, 34.319618225097656, 82.36708068847656)
(321.052734375, 148.3028564453125, 34.319618225097656, 82.36708068847656)
(320.4630432128906, 148.6092529296875, 34.319618225097656, 82.36708068847656)
(320.8011779785156, 149.31576538085938, 34.319618225097656, 82.36708068847656)
(322.0359191894531, 147.62826538085938, 34.319618225097656, 82.36708068847656)
(321.4533996582031, 147.2412109375, 34.319618225097656, 82.36708068847656)
(322.5339660644531, 147.578857421875, 34.319618225097656, 82.36708068847656)
(323.4271240234375, 148.29098510742188, 34.319618225097656, 82.36708068847656)
(324.78045654296875, 149.8856201171875, 34.319618225097656, 82.36708068847656)
(326.3211669921875, 151.28758239746094, 33.64668655395508, 80.75204467773438)
(327.02850341796875, 151.4664306640625, 33.64668655395508, 80.75204467773438)
(329.5210876464844, 151.30943298339844, 33.64668655395508, 80.75204467773438)
(329.8987121582031, 150.66775512695312, 33.64668655395508, 80.75204467773438)
(331.7895202636719, 149.9599151611328, 33.64668655395508, 80.75204467773438)
(333.6245422363281, 150.01547241210938, 33.64668655395508, 80.75204467773438)
(334.4956970214844, 147.55404663085938, 34.319618225097656, 82.36708068847656)
(334.45855712890625, 146.27499389648438, 35.006011962890625, 84.0144271850586)
(335.4107666015625, 146.34922790527344, 35.006011962890625, 84.0144271850586)
(335.51416015625, 147.04689025878906, 35.006011962890625, 84.0144271850586)
(334.793212890625, 148.1979217529297, 35.006011962890625, 84.0144271850586)
(336.6488342285156, 148.624267578125, 34.319618225097656, 82.36708068847656)
(336.59429931640625, 149.11062622070312, 34.319618225097656, 82.36708068847656)
(336.4787902832031, 148.09033203125, 34.319618225097656, 82.36708068847656)
(337.2239990234375, 148.2552490234375, 34.319618225097656, 82.36708068847656)
(338.6264953613281, 148.57125854492188, 34.319618225097656, 82.36708068847656)
(339.5184020996094, 148.80316162109375, 34.319618225097656, 82.36708068847656)
(341.7139587402344, 148.18722534179688, 34.319618225097656, 82.36708068847656)
(342.8074951171875, 147.14227294921875, 35.006011962890625, 84.0144271850586)
(344.6769104003906, 148.77191162109375, 34.319618225097656, 82.36708068847656)
(346.50103759765625, 151.41781616210938, 34.319618225097656, 82.36708068847656)
(348.5698547363281, 152.92007446289062, 34.319618225097656, 82.36708068847656)
(351.84320068359375, 150.95639038085938, 34.319618225097656, 82.36708068847656)
(353.1150207519531, 151.38412475585938, 34.319618225097656, 82.36708068847656)
(355.73724365234375, 151.95037841796875, 34.319618225097656, 82.36708068847656)
(359.5412902832031, 153.00704956054688, 34.319618225097656, 82.36708068847656)
(361.4586486816406, 152.5560302734375, 34.319618225097656, 82.36708068847656)
(363.08074951171875, 152.06674194335938, 34.319618225097656, 82.36708068847656)
(363.1137390136719, 150.95663452148438, 34.319618225097656, 82.36708068847656)
(363.3607177734375, 151.05517578125, 34.319618225097656, 82.36708068847656)
(364.04425048828125, 151.73861694335938, 34.319618225097656, 82.36708068847656)
(364.7988586425781, 154.7835693359375, 34.319618225097656, 82.36708068847656)
(366.0454406738281, 154.74606323242188, 34.319618225097656, 82.36708068847656)
(365.4052734375, 153.90663146972656, 35.006011962890625, 84.0144271850586)
(365.45574951171875, 153.49537658691406, 35.006011962890625, 84.0144271850586)
(366.2642822265625, 154.3247833251953, 35.006011962890625, 84.0144271850586)
(366.7875671386719, 153.6753387451172, 35.70613098144531, 85.69470977783203)
(368.155029296875, 154.09417724609375, 35.70613098144531, 85.69470977783203)
(368.7913818359375, 154.29238891601562, 35.70613098144531, 85.69470977783203)
(371.34161376953125, 154.75926208496094, 35.70613098144531, 85.69470977783203)
(372.7768249511719, 156.5961456298828, 35.70613098144531, 85.69470977783203)
(373.6845397949219, 157.7273406982422, 35.70613098144531, 85.69470977783203)
(377.8403625488281, 158.782958984375, 35.70613098144531, 85.69470977783203)
(378.8055725097656, 159.5738525390625, 35.70613098144531, 85.69470977783203)
(379.4521484375, 159.3551788330078, 35.70613098144531, 85.69470977783203)
(380.3514099121094, 159.51747131347656, 35.70613098144531, 85.69470977783203)
(381.5731201171875, 160.90760803222656, 35.70613098144531, 85.69470977783203)
(384.6444396972656, 161.17962646484375, 35.70613098144531, 85.69470977783203)
(387.82806396484375, 160.27584838867188, 35.70613098144531, 85.69470977783203)
(388.80401611328125, 160.89524841308594, 35.70613098144531, 85.69470977783203)
(389.3753967285156, 162.13980102539062, 35.70613098144531, 85.69470977783203)
(390.77520751953125, 163.72698974609375, 35.70613098144531, 85.69470977783203)
(392.54205322265625, 164.91757202148438, 35.70613098144531, 85.69470977783203)
(394.3940124511719, 166.8717803955078, 35.70613098144531, 85.69470977783203)
(399.1232604980469, 166.7628936767578, 35.70613098144531, 85.69470977783203)
(401.80902099609375, 167.14170837402344, 35.70613098144531, 85.69470977783203)
(402.8271179199219, 167.6503448486328, 35.70613098144531, 85.69470977783203)
(404.0635681152344, 168.22093200683594, 35.70613098144531, 85.69470977783203)
(408.7958679199219, 166.78468322753906, 35.70613098144531, 85.69470977783203)
(408.7774658203125, 165.22463989257812, 36.42025375366211, 87.40860748291016)
(410.1763916015625, 165.0883026123047, 36.42025375366211, 87.40860748291016)
(410.13531494140625, 164.92019653320312, 36.42025375366211, 87.40860748291016)
(410.48834228515625, 165.01776123046875, 36.42025375366211, 87.40860748291016)
(410.396728515625, 165.66635131835938, 36.42025375366211, 87.40860748291016)
(410.06488037109375, 164.40440368652344, 36.42025375366211, 87.40860748291016)
(409.2525634765625, 163.12420654296875, 36.42025375366211, 87.40860748291016)
(410.2611389160156, 163.3101043701172, 36.42025375366211, 87.40860748291016)
(410.7719421386719, 163.16412353515625, 36.42025375366211, 87.40860748291016)
(410.8929138183594, 164.41551208496094, 36.42025375366211, 87.40860748291016)
(412.0895690917969, 164.15802001953125, 36.42025375366211, 87.40860748291016)
(412.30877685546875, 163.4769287109375, 36.42025375366211, 87.40860748291016)
(413.4295959472656, 163.7152862548828, 36.42025375366211, 87.40860748291016)
(414.7038269042969, 164.85504150390625, 36.42025375366211, 87.40860748291016)
(418.13934326171875, 167.0712432861328, 36.42025375366211, 87.40860748291016)
(419.9503479003906, 168.68577575683594, 36.42025375366211, 87.40860748291016)
(423.9918518066406, 167.3548583984375, 36.42025375366211, 87.40860748291016)
(428.3632507324219, 166.98829650878906, 36.42025375366211, 87.40860748291016)
(439.5013732910156, 167.783203125, 36.42025375366211, 87.40860748291016)
(443.69781494140625, 168.31198120117188, 36.42025375366211, 87.40860748291016)
(446.447265625, 168.46022033691406, 36.42025375366211, 87.40860748291016)
(450.5679931640625, 164.84359741210938, 36.42025375366211, 87.40860748291016)
(454.3762512207031, 164.1204071044922, 36.42025375366211, 87.40860748291016)
(455.88604736328125, 164.7325439453125, 36.42025375366211, 87.40860748291016)
(457.05914306640625, 164.42469787597656, 36.42025375366211, 87.40860748291016)
(460.7965393066406, 164.4684295654297, 35.70613098144531, 85.69470977783203)
(461.39813232421875, 162.92166137695312, 35.70613098144531, 85.69470977783203)
(462.7250061035156, 159.8880157470703, 35.70613098144531, 85.69470977783203)
(463.47808837890625, 158.9998779296875, 35.70613098144531, 85.69470977783203)
(465.06939697265625, 158.81491088867188, 35.70613098144531, 85.69470977783203)
(465.7471923828125, 158.29949951171875, 35.70613098144531, 85.69470977783203)
(465.9156799316406, 158.0669708251953, 35.70613098144531, 85.69470977783203)
(467.03692626953125, 157.54261779785156, 35.70613098144531, 85.69470977783203)
(467.9029541015625, 157.39285278320312, 35.70613098144531, 85.69470977783203)
(468.7056579589844, 158.58802795410156, 35.70613098144531, 85.69470977783203)
(469.0399475097656, 161.24517822265625, 35.70613098144531, 85.69470977783203)
(470.0635681152344, 163.1720428466797, 35.70613098144531, 85.69470977783203)
(469.55682373046875, 164.05978393554688, 35.70613098144531, 85.69470977783203)
(469.87481689453125, 165.55908203125, 35.006011962890625, 84.0144271850586)
(468.6958923339844, 163.9973907470703, 35.70613098144531, 85.69470977783203)
(468.8981018066406, 165.5270233154297, 35.70613098144531, 85.69470977783203)
(465.081298828125, 167.23486328125, 35.70613098144531, 85.69470977783203)
(463.3627624511719, 166.38577270507812, 35.70613098144531, 85.69470977783203)
(461.57769775390625, 165.38291931152344, 35.70613098144531, 85.69470977783203)
(459.3436584472656, 164.6360321044922, 35.70613098144531, 85.69470977783203)
(455.5726013183594, 166.2211151123047, 35.70613098144531, 85.69470977783203)
(455.44512939453125, 166.5591278076172, 35.70613098144531, 85.69470977783203)
(454.89154052734375, 167.00038146972656, 35.70613098144531, 85.69470977783203)
(453.6275634765625, 166.83755493164062, 35.70613098144531, 85.69470977783203)
(452.9050598144531, 164.28829956054688, 35.70613098144531, 85.69470977783203)
(453.4289855957031, 163.42750549316406, 35.70613098144531, 85.69470977783203)
(453.6897277832031, 163.2078399658203, 35.70613098144531, 85.69470977783203)
(455.02117919921875, 163.33425903320312, 35.70613098144531, 85.69470977783203)
(454.4566650390625, 161.3882293701172, 36.42025375366211, 87.40860748291016)
(455.4374084472656, 158.1199493408203, 36.42025375366211, 87.40860748291016)
(455.457275390625, 157.41139221191406, 36.42025375366211, 87.40860748291016)
(454.890869140625, 156.1199493408203, 36.42025375366211, 87.40860748291016)
(453.8350830078125, 156.0970001220703, 36.42025375366211, 87.40860748291016)
(452.3702087402344, 155.36094665527344, 37.148658752441406, 89.15677642822266)
(451.1566162109375, 154.3912353515625, 37.148658752441406, 89.15677642822266)
(449.45721435546875, 152.983642578125, 37.148658752441406, 89.15677642822266)
(447.3518981933594, 151.69554138183594, 37.148658752441406, 89.15677642822266)
(447.4836730957031, 151.79685974121094, 37.148658752441406, 89.15677642822266)
(446.4820556640625, 153.0683135986328, 37.148658752441406, 89.15677642822266)
(446.9447937011719, 154.0419921875, 37.148658752441406, 89.15677642822266)
(447.04345703125, 152.63827514648438, 37.148658752441406, 89.15677642822266)
(447.44970703125, 147.94906616210938, 37.148658752441406, 89.15677642822266)
(447.0458068847656, 148.38766479492188, 37.148658752441406, 89.15677642822266)
(448.1260070800781, 148.96868896484375, 37.148658752441406, 89.15677642822266)
(449.05096435546875, 149.9613037109375, 37.148658752441406, 89.15677642822266)
(448.8309020996094, 150.92864990234375, 37.148658752441406, 89.15677642822266)
(448.87493896484375, 149.1698760986328, 37.148658752441406, 89.15677642822266)
(448.84716796875, 148.6906280517578, 37.148658752441406, 89.15677642822266)
(449.93731689453125, 147.85964965820312, 37.148658752441406, 89.15677642822266)
(450.98876953125, 148.39593505859375, 37.148658752441406, 89.15677642822266)
(450.9015808105469, 148.18240356445312, 37.148658752441406, 89.15677642822266)
(451.36407470703125, 147.35018920898438, 37.148658752441406, 89.15677642822266)
(451.7864990234375, 144.89390563964844, 37.148658752441406, 89.15677642822266)
(451.6492614746094, 142.2382354736328, 37.148658752441406, 89.15677642822266)
(452.4149169921875, 141.78298950195312, 37.148658752441406, 89.15677642822266)
(453.66796875, 141.65444946289062, 37.148658752441406, 89.15677642822266)
(452.6338806152344, 140.12799072265625, 37.89162826538086, 90.93991088867188)
(456.0872497558594, 142.58953857421875, 37.89162826538086, 90.93991088867188)
(459.24407958984375, 141.40109252929688, 37.89162826538086, 90.93991088867188)
(462.5072021484375, 140.2578887939453, 37.89162826538086, 90.93991088867188)
(466.52020263671875, 139.8107452392578, 37.89162826538086, 90.93991088867188)
(471.2329406738281, 138.9897003173828, 37.89162826538086, 90.93991088867188)
(475.1097717285156, 137.4320831298828, 37.89162826538086, 90.93991088867188)
(481.7652282714844, 135.34762573242188, 37.89162826538086, 90.93991088867188)
(496.427001953125, 132.05682373046875, 37.89162826538086, 90.93991088867188)
(502.0584716796875, 129.2667694091797, 37.89162826538086, 90.93991088867188)
(505.81011962890625, 128.39109802246094, 37.89162826538086, 90.93991088867188)
(511.1339111328125, 127.71702575683594, 37.89162826538086, 90.93991088867188)
(519.0907592773438, 126.72663879394531, 37.89162826538086, 90.93991088867188)
(524.968505859375, 125.16668701171875, 37.89162826538086, 90.93991088867188)
(528.261962890625, 124.2894287109375, 37.89162826538086, 90.93991088867188)
(531.2196044921875, 122.67466735839844, 37.89162826538086, 90.93991088867188)
(533.7852783203125, 121.00665283203125, 37.89162826538086, 90.93991088867188)
(535.0804443359375, 120.19447326660156, 37.89162826538086, 90.93991088867188)
(534.0052490234375, 119.08587646484375, 37.89162826538086, 90.93991088867188)
(535.25634765625, 117.33059692382812, 37.89162826538086, 90.93991088867188)
(534.12548828125, 113.12666320800781, 38.64945983886719, 92.75870513916016)
(532.4659423828125, 111.93745422363281, 38.64945983886719, 92.75870513916016)
(530.8102416992188, 111.17227172851562, 38.64945983886719, 92.75870513916016)
(526.5237426757812, 111.67127227783203, 39.42245101928711, 94.61387634277344)
(524.4933471679688, 114.25843048095703, 39.42245101928711, 94.61387634277344)
(522.5560302734375, 114.48064422607422, 39.42245101928711, 94.61387634277344)
(520.2435913085938, 113.79149627685547, 39.42245101928711, 94.61387634277344)
(520.1557006835938, 111.96996307373047, 39.42245101928711, 94.61387634277344)
(517.2092895507812, 112.56185150146484, 39.42245101928711, 94.61387634277344)
(513.8155517578125, 112.5203628540039, 39.42245101928711, 94.61387634277344)
(512.3873901367188, 113.5672378540039, 39.42245101928711, 94.61387634277344)
(509.2753601074219, 112.06448364257812, 38.64945983886719, 92.75870513916016)
(507.9756164550781, 107.74295043945312, 38.64945983886719, 92.75870513916016)
(506.8194274902344, 107.14266967773438, 38.64945983886719, 92.75870513916016)
(504.6579284667969, 107.24664306640625, 38.64945983886719, 92.75870513916016)
(501.9033508300781, 106.58448791503906, 38.64945983886719, 92.75870513916016)
(499.4809265136719, 106.35113525390625, 38.64945983886719, 92.75870513916016)
(498.8663024902344, 105.46553039550781, 38.64945983886719, 92.75870513916016)
(496.6795349121094, 103.939697265625, 38.64945983886719, 92.75870513916016)
(494.2390441894531, 98.76806640625, 38.64945983886719, 92.75870513916016)
(490.996826171875, 96.73746490478516, 39.42245101928711, 94.61387634277344)
(489.8748474121094, 94.5180435180664, 39.42245101928711, 94.61387634277344)
(487.51239013671875, 93.61585235595703, 39.42245101928711, 94.61387634277344)
(485.3583679199219, 89.85240936279297, 39.42245101928711, 94.61387634277344)
(484.4503173828125, 86.77423858642578, 39.42245101928711, 94.61387634277344)
(483.78790283203125, 83.54875946044922, 39.42245101928711, 94.61387634277344)
(483.69122314453125, 83.50000762939453, 39.42245101928711, 94.61387634277344)
(483.13232421875, 82.97093963623047, 39.42245101928711, 94.61387634277344)
(483.4303283691406, 83.20323944091797, 39.42245101928711, 94.61387634277344)
(484.59197998046875, 84.1551284790039, 39.42245101928711, 94.61387634277344)
(485.5243225097656, 83.63716888427734, 39.42245101928711, 94.61387634277344)
(485.8805847167969, 80.73027801513672, 39.42245101928711, 94.61387634277344)
(487.013427734375, 79.75056457519531, 38.64945983886719, 92.75870513916016)
(486.5484924316406, 78.74812316894531, 38.64945983886719, 92.75870513916016)
(488.3450927734375, 80.32272338867188, 38.64945983886719, 92.75870513916016)
(489.8567810058594, 79.98201751708984, 37.89162826538086, 90.93991088867188)
(491.03411865234375, 79.82892608642578, 37.89162826538086, 90.93991088867188)
(492.9176940917969, 77.65482330322266, 37.89162826538086, 90.93991088867188)
(493.43035888671875, 75.59921264648438, 37.89162826538086, 90.93991088867188)
(492.5633850097656, 74.45318603515625, 37.89162826538086, 90.93991088867188)
(492.087646484375, 74.95854187011719, 38.64945983886719, 92.75870513916016)
(491.37042236328125, 75.25245666503906, 38.64945983886719, 92.75870513916016)
(491.1725769042969, 76.6396484375, 38.64945983886719, 92.75870513916016)
(490.69586181640625, 76.05049133300781, 38.64945983886719, 92.75870513916016)
(489.7192687988281, 76.1248779296875, 38.64945983886719, 92.75870513916016)
(487.4727478027344, 76.61724853515625, 38.64945983886719, 92.75870513916016)
(486.28460693359375, 78.26908874511719, 38.64945983886719, 92.75870513916016)
(485.2015075683594, 78.93362426757812, 38.64945983886719, 92.75870513916016)
(481.0165710449219, 79.5269546508789, 37.89162826538086, 90.93991088867188)
(479.85772705078125, 79.41395568847656, 37.89162826538086, 90.93991088867188)
(475.2566223144531, 76.93953704833984, 37.89162826538086, 90.93991088867188)
(471.1863708496094, 76.82920837402344, 37.148658752441406, 89.15677642822266)
(466.3218688964844, 78.29304504394531, 37.148658752441406, 89.15677642822266)
(461.0664367675781, 79.86119079589844, 37.148658752441406, 89.15677642822266)
(458.90264892578125, 83.67866516113281, 37.148658752441406, 89.15677642822266)
(453.9148254394531, 83.99299621582031, 37.148658752441406, 89.15677642822266)
(449.42559814453125, 83.8599853515625, 37.148658752441406, 89.15677642822266)
(443.7691650390625, 83.78086853027344, 37.148658752441406, 89.15677642822266)
(440.4725646972656, 84.5452880859375, 37.148658752441406, 89.15677642822266)
(439.537109375, 84.63591003417969, 37.89162826538086, 90.93991088867188)
(438.9324951171875, 86.52999877929688, 37.148658752441406, 89.15677642822266)
(436.1189880371094, 86.53424072265625, 37.148658752441406, 89.15677642822266)
(435.0988464355469, 85.19914245605469, 37.148658752441406, 89.15677642822266)
(434.64874267578125, 85.97433471679688, 37.148658752441406, 89.15677642822266)
(433.2049865722656, 84.96299743652344, 37.148658752441406, 89.15677642822266)
(431.36004638671875, 86.02357482910156, 37.148658752441406, 89.15677642822266)
(431.54742431640625, 86.84994506835938, 36.42025375366211, 87.40860748291016)
(430.9734802246094, 88.65403747558594, 36.42025375366211, 87.40860748291016)
(430.6025695800781, 89.68399047851562, 36.42025375366211, 87.40860748291016)
(430.760009765625, 89.43716430664062, 36.42025375366211, 87.40860748291016)
(430.71514892578125, 88.862060546875, 36.42025375366211, 87.40860748291016)
(430.3153991699219, 89.11172485351562, 36.42025375366211, 87.40860748291016)
(429.7457580566406, 89.75485229492188, 36.42025375366211, 87.40860748291016)
(429.5150451660156, 90.00698852539062, 36.42025375366211, 87.40860748291016)
(427.97125244140625, 89.17840576171875, 36.42025375366211, 87.40860748291016)
(426.1853332519531, 86.28813171386719, 36.42025375366211, 87.40860748291016)
(425.063720703125, 86.51130676269531, 36.42025375366211, 87.40860748291016)
(423.3382873535156, 85.5191650390625, 36.42025375366211, 87.40860748291016)
(420.89520263671875, 86.59896850585938, 36.42025375366211, 87.40860748291016)
(419.55340576171875, 87.22624206542969, 36.42025375366211, 87.40860748291016)
(416.1072998046875, 85.73622131347656, 35.70613098144531, 85.69470977783203)
(415.20989990234375, 85.59727478027344, 35.70613098144531, 85.69470977783203)
(413.53289794921875, 85.69622802734375, 35.70613098144531, 85.69470977783203)
(410.7789306640625, 87.24618530273438, 35.70613098144531, 85.69470977783203)
(409.7789611816406, 87.43135070800781, 35.70613098144531, 85.69470977783203)
(408.49066162109375, 86.93669128417969, 35.006011962890625, 84.0144271850586)
(405.4642333984375, 85.98101806640625, 35.006011962890625, 84.0144271850586)
(401.2913513183594, 84.7511215209961, 34.319618225097656, 82.36708068847656)
(399.8105773925781, 85.91852569580078, 34.319618225097656, 82.36708068847656)
(396.455322265625, 86.97257232666016, 34.319618225097656, 82.36708068847656)
(395.57696533203125, 86.6598892211914, 34.319618225097656, 82.36708068847656)
(391.986572265625, 85.10905456542969, 35.006011962890625, 84.0144271850586)
(390.9010009765625, 85.20525360107422, 34.319618225097656, 82.36708068847656)
(385.0552978515625, 85.5731430053711, 34.319618225097656, 82.36708068847656)
(379.2734680175781, 87.2103271484375, 33.64668655395508, 80.75204467773438)
(375.28985595703125, 87.0625228881836, 33.64668655395508, 80.75204467773438)
(370.8846740722656, 82.71253204345703, 34.319618225097656, 82.36708068847656)
(370.91241455078125, 82.72621154785156, 35.006011962890625, 84.0144271850586)
(371.16436767578125, 81.91610717773438, 35.70613098144531, 85.69470977783203)
