(124, 92, 46, 58)
(123.35976750122232, 92.30384658537696, 45.86386953857098, 57.82835724428516)
(123.06363266078128, 92.8153389120695, 45.6549764997265, 57.564970369220376)
(122.82194122015015, 92.9413621018843, 45.797340704230955, 57.744473061856425)
(122.72422745266579, 92.92299595031689, 45.811890553652795, 57.76281852417092)
(122.73515451922066, 92.8875487024574, 45.76266215296493, 57.70074793199926)
(122.7719156768961, 93.0112916420519, 45.6541666930828, 57.56394930866962)
(122.52546666320825, 93.36212888897471, 45.58201650268506, 57.472977329472464)
(122.39521130517663, 93.94290723371796, 45.43522436230299, 57.28789158725159)
(122.10129946473808, 94.8362707651627, 45.28682672970354, 57.10078152875664)
(121.69393766893955, 96.30133741499996, 45.169436673839634, 56.95276798005867)
(121.20736111214624, 97.24843110956797, 45.23904059309032, 57.040529443461715)
(120.67599078772683, 97.8089901372956, 45.20140892747603, 56.993080821600216)
(119.95317365144433, 97.88366796358233, 45.19767949154494, 56.98837848933927)
(119.3237594482845, 98.03458326713258, 45.089244103919285, 56.85165560928953)
(118.62741509884133, 98.2785095557253, 45.05279461921188, 56.80569756335411)
(117.53227413106968, 98.82558617378547, 44.99654029987236, 56.734768204186885)
(116.432954246627, 99.11464117013782, 44.98343385293739, 56.718242684138445)
(115.85116795930016, 99.14084884513534, 44.98068562680984, 56.71477752945588)
(116.08660453707276, 98.81252586252388, 44.90400802790527, 56.61809707866317)
(116.48309367293459, 98.04862580110884, 44.95761789094724, 56.68569212336826)
(116.95735382031783, 97.04153031661465, 44.92680694676668, 56.64684354157538)
(117.97673928335905, 96.00411637981404, 44.933873423028004, 56.655753446426615)
(119.24461715857049, 95.02719675015537, 44.905335079831666, 56.61977031804863)
(120.66234160569336, 94.20902823715268, 44.87228486722656, 56.57809831085089)
(122.40657710984107, 93.56513889919498, 44.76248359770068, 56.439653231883476)
(123.96286272049261, 93.07716715688682, 44.662134666436664, 56.31312631855058)
(125.5247531244395, 92.54954572072883, 44.520379005027245, 56.134390919382184)
(127.13733844881853, 91.74650475203231, 44.37356223810514, 55.949274126306484)
(128.2772480697903, 90.83435384040601, 44.277031570380366, 55.827561545262206)
(128.48071906269962, 90.05539469863186, 44.28288560506953, 55.834942719435496)
(128.3521438185074, 88.90968493347255, 44.4316223971649, 56.022480413816616)
(127.71102043819562, 87.57759102709565, 44.2565785083744, 55.80177290186338)
(126.38864975678086, 86.17040333182382, 44.17613066221951, 55.700338661059384)
(124.52083604060427, 84.90580952649601, 43.99818387582272, 55.47597097386344)
(123.04966744618349, 83.70670943340755, 43.75997144308224, 55.17561616736457)
(122.05468660609266, 82.8235580119853, 43.62557399240452, 55.00615851216222)
(121.03316244747478, 82.52854252065475, 43.6182072705778, 54.99687003681549)
(120.12183076333815, 83.06626525631964, 43.34063565349946, 54.64688843267323)
(119.14923705500095, 84.20716084320051, 43.1416885486895, 54.39604208313024)
(118.77085002466745, 85.94036343734183, 43.0258582392393, 54.24999517121476)
(118.58673234333097, 88.29559699993871, 42.876332371443546, 54.06146255529838)
(118.50250813131477, 91.38199835332556, 42.27010733356186, 53.2970918553606)
(118.60377941777008, 94.07463611089719, 41.99285010000669, 52.947506647834516)
(118.5827431739018, 96.57148198182482, 41.67747019516514, 52.549853724338654)
(118.73648178266905, 98.43510605068104, 41.22067046786504, 51.97388885078635)
(120.03878488775771, 99.07651843906476, 41.126104540890815, 51.85465355155797)
(121.04428866911547, 99.59326275658344, 41.086135796534684, 51.80425817823937)
(121.13372653395132, 99.63530178019779, 41.18631280123799, 51.93056831460441)
(122.31349228442573, 98.96834257720391, 41.12454131005479, 51.85268252137341)
(123.32865824317216, 98.08023632023779, 41.116334636702575, 51.84233497671192)
(123.30263370257413, 97.35603708524292, 41.161791921023635, 51.899650683029776)
(123.59805190715288, 97.15516560684071, 41.15504669838955, 51.891145837099835)
(125.25190238457299, 97.16711911115955, 41.04743424452591, 51.75546056918481)
(125.44371843156634, 97.24339271399646, 40.92713833217982, 51.60378311448757)
(124.63459740139453, 97.2684873721154, 40.85681227728908, 51.515111132234026)
(124.14630851009088, 97.2141919416359, 40.91838151497451, 51.592741910185225)
(124.22857425834927, 97.16869913864811, 40.795552288965524, 51.437870277391276)
(124.26417940131114, 97.06288284705485, 40.768668785268346, 51.403973685773096)
(123.55202233157581, 96.74789775691983, 40.67940260247339, 51.2914206726838)
(122.80717274433641, 97.43677740757958, 40.72504049765531, 51.34896410573926)
(122.81545768903635, 99.32828337173589, 40.3775074734898, 50.91077029266101)
(122.44305203007701, 101.94073975767101, 40.14542059804909, 50.61813901493142)
(121.56394324019612, 103.68417321345808, 39.945386224685876, 50.36592176156041)
(121.38931274807908, 104.79413870603163, 39.771514884701205, 50.146692680710174)
(121.56197977931964, 106.08237742396301, 39.538119298782576, 49.85241128976929)
(122.28330647595487, 107.39374636644261, 39.435523278559, 49.72305109035697)
(123.77766123734936, 108.51269126472602, 38.90732400967627, 49.057060707852656)
(125.24816833953932, 108.88715816909223, 38.75502135314791, 48.86502692353429)
(125.18458566274985, 108.13377773372835, 38.58771496600419, 48.6540753919183)
(125.50549041512022, 106.09714576091883, 38.22547699446659, 48.19734055824045)
(125.85719283976051, 103.61526055274621, 37.737770387373494, 47.58240614060133)
(125.53721385749242, 101.60507339714653, 36.939206013042515, 46.57552062514053)
(125.71163437089325, 99.69477906188631, 36.12451415616272, 45.548300457770345)
(126.41098702458657, 96.88840429797355, 35.56733106557296, 44.84576525659195)
(127.07335568402615, 93.78707766666699, 35.36457250645942, 44.59011316031836)
(127.3711280604616, 90.8794426021025, 35.48820499968226, 44.745997608294985)
(127.17902244371231, 88.35897928736334, 35.30512497341521, 44.51515757517566)
(127.03018492884115, 86.5255171969203, 35.168962112532554, 44.34347396797579)
(126.55186746119458, 85.81076308021122, 34.99940686227881, 44.12968691330803)
(126.10325108024608, 86.11519438440422, 34.728853979644555, 43.78855501781266)
(125.48242429221385, 86.78479010143863, 34.6544369990684, 43.69472491186882)
(125.2548802610923, 87.80201731204983, 34.411832190217744, 43.388831892013634)
(125.27039043307742, 88.92711600610002, 34.204420244685004, 43.12731248242888)
(124.95234250321919, 90.73648192725022, 34.08133031338585, 42.97211213426907)
(123.8353976361344, 92.4416417428519, 34.02524202021166, 42.90139211244074)
(122.66950671260531, 94.29137385200951, 33.987120302816706, 42.85332559920363)
(121.41221399880791, 95.96720013305028, 33.876934612247446, 42.71439581544239)
(119.62233915867083, 97.66700177663847, 33.944324673381004, 42.79936589252383)
(117.62162708759683, 99.10350708775374, 33.834420690528994, 42.66079130544956)
(115.90123938960687, 100.10841476737714, 33.65742875252453, 42.43762755753088)
(114.58175142830036, 100.92339304155945, 33.74728663314536, 42.55092662440062)
(113.15855923553585, 101.95914197423672, 33.860654050900955, 42.69386815113594)
(111.17387845332844, 103.20335215772724, 33.841749624104835, 42.67003213474083)
(109.21682966527538, 104.74098276510566, 33.908160432632826, 42.75376750201525)
(106.90400939723267, 106.56733613112357, 33.85444916207762, 42.686044595663034)
(105.07630673672513, 108.34730334780656, 33.79209630438178, 42.60742577509002)
(103.91658233649562, 109.89034557185481, 33.88071014390329, 42.71915626839976)
(103.34456008670658, 111.31749682579353, 34.03520691398918, 42.91395654372544)
(103.22884596718387, 112.49021419349705, 34.31770632002679, 43.270151446990255)
(103.50789853480153, 112.5422630395812, 34.41081578440085, 43.38755033685321)
(104.53527698684883, 111.67852648242032, 34.56644706389999, 43.58378108056951)
(106.0593575406629, 110.75300871327386, 34.68973371017811, 43.73922946065931)
(108.09874416655106, 110.02461699329784, 34.7890381561557, 43.864439414283225)
(110.05149481862931, 109.75369025094541, 34.90952256977264, 44.01635454449589)
(112.58570180282607, 109.58107147027741, 34.861738484191626, 43.95610504528504)
(115.96791967175969, 109.01711815520238, 35.05415089085561, 44.19871199281789)
(119.77737926675455, 108.55319064673037, 35.136647716490906, 44.30272972948848)
(122.90239445342345, 108.1895049478861, 35.292470614637466, 44.49920207932545)
(125.57711170504706, 108.0991061257782, 35.36466697076525, 44.59023226748657)
(128.52876194850006, 107.884764861165, 35.43347341745302, 44.67698822200593)
(131.11969245966006, 107.23851960956887, 35.33199569591424, 44.549038051370076)
(133.20634996189077, 106.79468482106866, 35.185688748093455, 44.364564073683)
(134.64570608299059, 105.97326018079099, 35.21850604690944, 44.40594240697272)
(135.90447918920924, 105.87312582011117, 35.37530675830026, 44.60364765176984)
(137.0310727821488, 106.52866906849489, 35.40581097867113, 44.642109494846146)
(137.2943471283172, 107.65500718399748, 35.325764971881185, 44.541181921067526)
(136.8113837889334, 109.17173424878638, 35.36624609400821, 44.59222333592334)
(134.92369712669736, 110.30278448483804, 35.28784439406622, 44.49336901860518)
(133.42942865202662, 110.37509291145477, 35.339003413720214, 44.55787386947326)
(131.70007409015088, 110.48386058747118, 35.63015577477636, 44.924979020370145)
(128.80409895505116, 110.41844936498812, 35.74739291021016, 45.072799756351884)
(126.57835807531164, 109.83449121218814, 35.519522863048586, 44.785485349061204)
(125.19212750677849, 108.23153738286749, 35.487021841911755, 44.74450580067129)
(123.86598328600085, 105.84379119097453, 35.17706052760766, 44.35368501307047)
(120.81270604291004, 103.28667273719884, 34.8972624747268, 44.00089616378591)
(119.23699541052, 101.26413259455896, 34.84560451587407, 43.93576221566725)
(116.84594180967444, 99.65951198460185, 35.068263475377684, 44.216506121128326)
(115.33203228150569, 98.7543870414548, 35.25984748532848, 44.458068568457584)
(114.22230228633533, 98.70258963309973, 35.260237041098854, 44.45855974747241)
(112.21959749714117, 99.34843043823686, 35.18050257651846, 44.358024987784084)
(109.84299225481236, 100.4079668605175, 34.980549914203415, 44.10591076138686)
(108.58775698490447, 102.07695953443334, 34.654228461831664, 43.694461973613784)
(106.93184439725418, 103.9793041250047, 35.16756120549163, 44.34170760692418)
(106.58207465622252, 106.18379327222463, 35.35486313872683, 44.57787091404683)
(106.81038788217573, 108.56484725099105, 35.34550231182041, 44.56606813229526)
(107.08888557418717, 110.69729875959847, 35.44815963775845, 44.69550563021713)
(107.92400115232041, 112.416333303724, 35.58649171391386, 44.86992433493481)
(109.4013554798639, 113.23825454653698, 35.55999045628784, 44.83650970575418)
(110.88981472587837, 113.14139857972506, 35.70846869277451, 45.023721395237374)
(112.28111257551723, 112.94233592073117, 36.002609443692094, 45.39459451595955)
(112.91846550685287, 113.14257255770224, 36.13033888375521, 45.555644679517385)
(113.09764079809216, 113.0619283811946, 36.04052772998756, 45.4424045291147)
(113.19704080113601, 112.09863046553522, 36.03292035085297, 45.43281261629282)
(112.9178592288863, 110.65146809473752, 36.16116874925865, 45.59451711863042)
(111.64985371012216, 108.9269560571093, 36.326070777997884, 45.80243706791033)
(110.0416264046239, 107.55148319645728, 36.323287107744385, 45.798927222808096)
(107.3022838162419, 106.50451374435801, 36.313797846031825, 45.786962501518346)
(103.95830910868989, 105.78553083779107, 36.21214307412412, 45.65878909346081)
(101.0656487059998, 104.81460090590483, 36.217755017199615, 45.66586502168643)
(98.43136687937985, 104.12490064166799, 36.20271118752936, 45.64689671471089)
(95.14056161723494, 104.2057662886022, 36.12777416543246, 45.552410904240894)
(92.02636614021134, 104.84078615243786, 36.200617023776545, 45.644256247370386)
(89.38635775554418, 105.25177195285498, 36.34808069252491, 45.8301886992705)
(87.58169329317141, 105.3463180861612, 36.72752833064936, 46.30862267777525)
(87.23612791406485, 105.3251775594353, 36.82263552929217, 46.42854044997705)
(86.5609142150621, 104.77518721602132, 36.83151019292269, 46.43973024325032)
(85.68983522433498, 104.33640534548454, 36.88651912652536, 46.509089333444976)
(85.77159223273442, 104.52607029682326, 36.69585209458976, 46.26868307578705)
(86.07763853593659, 105.36326546288737, 36.7845117464862, 46.38047133252605)
(86.32142251969618, 107.1640246126082, 36.685844535802936, 46.25606484949063)
(86.47263595424187, 108.72274609575267, 36.53204590157486, 46.062144832420444)
(86.84784591403309, 109.3508337036399, 36.5361883599221, 46.067367932075655)
(87.48172722002752, 109.45751241777504, 36.61325149256215, 46.164534490621804)
(87.26446275458068, 110.57739712354697, 37.02209225206912, 46.680029361304506)
(86.81782068249572, 112.48982168525575, 36.965554924071064, 46.60874316513304)
(85.9760641420462, 113.38836444276299, 37.22289002645449, 46.93320916379041)
(85.72755512028819, 113.31601666560499, 37.20084984243143, 46.90541936654394)
(85.36125759270975, 113.29800594182485, 37.090320507939886, 46.766056292619815)
(84.69367625823945, 113.36370766716962, 37.06075997131408, 46.72878431165684)
(83.71528340071605, 113.37339721383171, 37.03701590120462, 46.698846136301434)
(82.81788720775779, 112.54049558250152, 36.984289366222704, 46.632364853063365)
(82.27326257470699, 111.18596552759848, 36.77535137646492, 46.368921300760064)
(80.99716826281735, 109.40482042321777, 36.82583101586919, 46.43256954174806)
(80.09616749344279, 108.3684128820388, 36.635675572196455, 46.192808330160695)
(78.97002875482077, 107.40094314562069, 36.709547287721726, 46.28595092799691)
(77.7809806546104, 106.53650174164873, 36.83508001157999, 46.444231318948624)
(76.5133358035325, 105.48156358893945, 36.816719811392026, 46.421081501320316)
(74.94083340326083, 104.78320944715881, 36.74478277843928, 46.33037828585815)
(73.29872943514832, 104.9003151176085, 36.69517418634398, 46.26782832191191)
(71.51010746231275, 105.41487116729323, 36.66083060760106, 46.22452554871431)
(69.22854895777874, 105.89719762414862, 36.54952439889565, 46.08418293773792)
(67.4429987781252, 105.81893086293975, 36.55624792714802, 46.092660429882216)
(66.01699649713628, 105.28111953115277, 36.64264274791494, 46.201593029979634)
(64.35009334052579, 104.84347985161577, 36.66706185410467, 46.232382337784074)
(62.781522031346995, 104.34620467976737, 36.73041296855601, 46.31225982991838)
(61.58417504846366, 104.18991031368579, 36.663711670650805, 46.22815819342921)
(60.399872324401755, 104.17564736866021, 36.58764548791524, 46.13224865867567)
(60.263798223043665, 104.31989031585451, 36.54768278975252, 46.081860908818335)
(61.24107315340092, 104.8550206957326, 36.474144891928624, 45.98913921156212)
(62.08755733621395, 105.65187110568996, 36.358248669857254, 45.84300919242865)
(63.05605246128669, 107.16005552141517, 36.15889880057115, 45.591655009415746)
(64.09410299153625, 108.52723503175574, 36.11397144612672, 45.535007475551026)
(64.74243346692094, 109.44345074260934, 36.04376618383389, 45.44648779700789)
(65.53846152611248, 109.97971912727951, 35.97423203810705, 45.35881430891753)
(66.16940866467297, 109.98871139605464, 35.774181633056415, 45.10657684167978)
(66.10165612979353, 109.7770675642875, 35.50711407097934, 44.769839480799995)
(65.60330334802896, 109.15227495825485, 35.66566961009444, 44.96975733446686)
(65.41838465087638, 108.74748872701576, 35.41412333740741, 44.65259029499191)
(64.31567291481805, 107.81981693050218, 35.37833587202405, 44.60746696907376)
(63.38570667060256, 106.76125186327974, 35.504778370220656, 44.76689446679991)
(62.51096443885223, 105.5457038205845, 35.58959761155336, 44.87384046674114)
(61.76000186112601, 104.37711714182441, 35.5970159310683, 44.88319400004259)
(60.898848399929705, 103.40356357965621, 35.57136753119527, 44.85085471324617)
(59.98080351038364, 102.24331696673757, 35.84106631907647, 45.19090970666159)
(59.21272391128814, 101.0326363294885, 36.31316149138857, 45.78616014131598)
(59.16004202036338, 100.25984119020514, 36.34882312480058, 45.831124809531126)
(59.29263962872456, 100.0139405560931, 36.4165289090548, 45.916492972286434)
(60.42681849710595, 99.81210017578374, 36.51232217326857, 46.03727578368641)
(62.65918040572684, 99.11550197768618, 36.59331368805804, 46.1393955197253)
(64.9511580264168, 98.13897285803644, 36.693669359764044, 46.26593093187635)
(66.39727510773018, 97.21072608108254, 36.89895411803573, 46.52476823578413)
(67.41310101741404, 96.18251877497146, 37.3391956092149, 47.07985533335786)
(68.72221016744649, 94.98633555568495, 37.50634718219685, 47.290611664509015)
(69.68524954605658, 93.89079444769857, 37.85433153532825, 47.72937454454426)
(70.35483704354837, 92.93107035369451, 38.165165695618114, 48.121295877083654)
(70.38527884909539, 92.58366321396218, 38.555682841359996, 48.61368706084516)
(70.16533860105255, 92.28135036713898, 38.9097784253363, 49.06015540585876)
(70.64765312951654, 91.93796822548505, 39.30136579907238, 49.553896007525985)
(71.69687834674721, 90.7200041800062, 39.86575716148604, 50.265519899264945)
(72.81456331501646, 89.49179121662617, 40.14786616781865, 50.62122255942345)
(74.60628639017348, 88.27731536276505, 40.68666580607882, 51.30057862505585)
(76.43869155081227, 87.71990691126749, 41.23699678118796, 51.99447420236738)
(77.84557161458144, 87.81063133482766, 41.77472285970429, 52.67247664919232)
(79.840649255191, 87.85360213441119, 42.26377747838754, 53.28911073361902)
(81.07946931504694, 87.88797456817402, 42.886212126742066, 54.07391963806604)
(82.60536498388208, 89.03105564145774, 43.57505952198194, 54.94246635380327)
(85.43447540750414, 90.88071300929829, 43.739356069757356, 55.149622870563576)
(87.24049282776699, 93.0442444848471, 44.15768621946604, 55.677082624544084)
(89.50927194883597, 95.44102444639027, 44.511485399203046, 56.12317724247336)
(91.80719505616122, 97.72976483606548, 44.64546706541192, 56.29211064769324)
(93.33158967334866, 98.99076081260668, 44.95876126609565, 56.687133770294466)
(95.86488386379871, 99.97281237928274, 44.58458621527367, 56.21534783664936)
(99.12264055285374, 101.38692624756051, 44.79357540064019, 56.47885593993758)
(102.63524584846205, 105.20218637603726, 45.083077333837615, 56.843880116577814)
(104.41782485024024, 109.22904090030505, 45.797078876179675, 57.744142930835196)
(105.9845406680623, 110.76177952604996, 46.28574807061368, 58.36029104555633)
(105.50738308409117, 109.84593905650995, 47.050182867462176, 59.324143615495736)
(104.56485600632533, 108.01416476286886, 48.28368673002514, 60.87943109437947)
(103.2667212826148, 105.79712231401918, 49.71528332588369, 62.684487671766334)
(100.10247017906764, 102.95854341855653, 51.61647840407176, 65.08164668339477)
(97.2939432419166, 99.79808264343606, 52.91480669243635, 66.71866930785446)
(94.37161025590183, 97.00292729398826, 54.33450013028619, 68.50871755557816)
(90.95069529069801, 94.92037597693694, 55.20304820034228, 69.60384338304019)
(86.62205364423474, 93.3661038415186, 55.86762519444068, 70.44178828864251)
(81.86526997814926, 92.13264874357257, 56.197331747803055, 70.85750524722985)
(77.28693486076577, 90.74865479047645, 56.20249746596847, 70.86401854404711)
(73.19188657397876, 88.92971611146079, 55.907478988272935, 70.49203872434404)
(69.24657660323996, 87.1597896634496, 56.082202323305246, 70.71234205981956)
(65.57684372415859, 86.94542321172787, 55.649519949143745, 70.16678602283332)
(61.9340336849747, 86.35107230528234, 55.24559534977716, 69.65748978884938)
(59.033729839125286, 85.95257836606936, 54.88182010690567, 69.19881665653315)
(58.59871714643134, 85.92948202405003, 54.504973544051374, 68.72366229467339)
(61.382821694143026, 86.30773990390507, 53.97106620644051, 68.0504747820336)
(64.8011372613609, 87.97014973864744, 53.457715406477405, 67.40320638208013)
(70.08354301666733, 90.12708045565999, 52.69984969664579, 66.44763657403158)
(74.1975712529663, 91.60498949757294, 52.633017589282254, 66.36337000387755)
(77.84179980101192, 92.4267437551843, 52.49534784670665, 66.18978641541266)
(80.71539646313063, 94.12209499566399, 52.35812461524264, 66.0167658192189)
(82.94921992514031, 97.17625426145202, 51.93189004473889, 65.47933962162723)
(84.70267364619335, 100.78630807775808, 51.41512542489848, 64.82776684008931)
(86.45535692243863, 102.96590066448658, 51.5482323831501, 64.99559735266745)
(88.54665744755904, 105.16281113467917, 51.359390488182704, 64.75749235466508)
(90.39422086853261, 107.6365370419474, 51.12314883910664, 64.4596224493083)
(92.48148571529033, 108.78239858032279, 51.10785986824746, 64.44034505126847)
(94.34659398642249, 108.33943814573297, 51.065112808405026, 64.38644658451062)
(96.12250691954901, 107.48468418347395, 50.89316212525744, 64.16963920141148)
(98.365251594945, 106.30439425079558, 50.84788883891859, 64.11255549254946)
(100.14486896888965, 104.50088872468996, 50.69710135665429, 63.92243214534664)
(101.94344836546156, 101.51117731528096, 50.578061459994856, 63.77233836260214)
(103.90841761980369, 97.91058044885534, 50.48189370326372, 63.65108336498463)
(105.72304322789356, 94.0814767711565, 50.22961087087304, 63.33298761979638)
(106.68890860295214, 90.59250930248035, 50.21813768911526, 63.31852143410179)
(106.98737407397779, 87.23207515023543, 50.00884102440771, 63.05462563947053)
(106.02756127553623, 84.08933434982484, 49.78717023457207, 62.77512768706907)
(104.18929499303573, 81.01756466624659, 50.26298868824495, 63.37507269387401)
(101.7496236822559, 78.13063582814716, 50.51116675902335, 63.687992870072854)
(98.77413703672391, 77.76227171546171, 50.54361435428653, 63.7289050554047)
(94.98878115494482, 74.52959647226317, 50.605384467454115, 63.80678911113774)
(91.36742545737346, 74.16977310078393, 50.842068640917134, 64.1052169820259)
(88.1443334400653, 73.82950031679601, 51.096281850338165, 64.42574668086111)
(85.50966108423414, 72.81974713909297, 51.377253759266104, 64.78001560950938)
(81.95258727059348, 72.31372536143618, 52.030463886547395, 65.60362837869013)
(79.06972761211202, 72.32159881249062, 52.47516879921347, 66.16434326857345)
(76.64996605808642, 72.59268841413405, 53.00705183158105, 66.83497839634127)
(74.59592844721193, 72.17558022194109, 53.577956643173785, 67.55481489791471)
(72.86443392372394, 72.53113320865137, 54.352011363977894, 68.53079693718945)
(71.12528341902362, 73.51867304284461, 55.32135546419885, 69.75301341138109)
(69.15582360027163, 74.82563241613948, 56.0449125528747, 70.66532452318977)
(67.676665911848, 76.40587455999444, 56.497894982944615, 71.23647628284314)
(66.43060603669836, 77.71145262969367, 56.70207375423998, 71.49391908143296)
(65.25675440306122, 79.2881902878548, 56.89122294436585, 71.73241153854819)
(63.21165486395318, 80.13946658043709, 57.174659327269424, 72.0897878474266)
(61.098257763187576, 81.22317534888201, 57.32910398046078, 72.28452241014614)
(59.135976168946996, 83.04490491919161, 57.552022271481, 72.56559329882381)
(57.381793548333526, 84.42862315801474, 57.78189935352826, 72.85543831531818)
(55.88788180069804, 86.53280983238281, 58.03534784879923, 73.17500380935549)
(54.99858300209646, 88.35427288097645, 58.52981153486958, 73.7984580222268)
(53.8549622202644, 89.41538856702073, 59.06061388954934, 74.46773055638823)
(53.530003360526294, 90.71818489859416, 59.60686339613491, 75.15647993425699)
(54.35303622642656, 91.55888524721739, 60.29954278152188, 76.02985828974491)
(56.05259058844535, 91.73952084571263, 61.12879709459368, 77.07543981492239)
(57.65718757845078, 91.32387453765817, 62.414003138996875, 78.69591700134382)
