(141, 34, 19, 104)
(140.93866569457154, 34.21251082232173, 18.917010651872527, 103.54574251551279)
(140.84011663819078, 34.20540623799287, 18.913623535141895, 103.52720250814512)
(140.66931118247484, 34.19085516765857, 18.893173899698763, 103.41526766150903)
(140.67289012726226, 34.0937173522523, 18.91152870543643, 103.51573607186259)
(140.60430907780534, 34.159167617956264, 18.86369324575651, 103.25389987150935)
(140.49341745499143, 34.1459618083377, 18.885387990407743, 103.37265005275819)
(140.32118342044507, 34.05114281969409, 18.88696055168798, 103.38125775660791)
(140.30968117449598, 34.16259974990356, 18.83669233850804, 103.1061054318335)
(140.25881537496514, 34.2626704880775, 18.756340807686936, 102.66628652628641)
(140.14430495872585, 34.2581818483099, 18.64139801711862, 102.03712598843879)
(139.95672062646423, 34.11122221254029, 18.614726471680928, 101.89113437130614)
(139.83010674667256, 34.17311162687037, 18.53378675079552, 101.44809589909129)
(139.778822636398, 34.27448450276736, 18.30020384829774, 100.16953685384028)
(139.59407171227082, 34.013541640014324, 18.19244129225522, 99.5796786523444)
(139.37791312766998, 33.76235701505791, 18.04724381301942, 98.78491350284317)
(139.11199492689056, 33.62758164735877, 18.040917983132935, 98.75028790767504)
(138.93715221897241, 33.06301678189567, 17.969460820844212, 98.35915396672624)
(138.73709165272393, 32.3467125216058, 17.936079756075575, 98.1764365595716)
(138.41282596629782, 31.50519519833098, 17.93345756447467, 98.16208351080874)
(137.93943940592976, 30.864142061999956, 17.85538937661703, 97.73476290358798)
(137.8075933699217, 30.49405231715449, 17.740510891992507, 97.10595435616953)
(137.6545733693787, 29.880933974338504, 17.59663023878164, 96.31839709648901)
(137.2674248742575, 29.060259654132423, 17.483201398945955, 95.6975234468621)
(136.99663296002598, 28.695094654685036, 17.317021555533966, 94.78790746187016)
(136.5900601619751, 27.89641521543868, 17.23276724929199, 94.3267259961246)
(136.16287907205515, 26.7092850800246, 17.279222324639726, 94.58100640855432)
(135.69688203477168, 25.88908620910877, 17.328098723425377, 94.84854038085473)
(135.31673713383196, 24.941848830769025, 17.358621679601722, 95.01561340413578)
(135.02443986148128, 24.287975282570137, 17.226083655943697, 94.29014211674449)
(134.63121490253496, 23.86440562974085, 17.022665409773825, 93.1766948745515)
(134.03505083500121, 22.85313808509789, 17.088437148356935, 93.53670860153274)
(133.56420242201466, 21.802151848748387, 17.148374330775354, 93.86478581055987)
(132.9332000778903, 19.543870288792867, 17.419641103985047, 95.34961446391817)
(132.48081925808333, 17.612560652374157, 17.5297555268021, 95.95234604144309)
(131.8133928100179, 15.387894310818702, 17.74739040535487, 97.1436106398372)
(131.2868486728397, 12.895514836213096, 17.984194500023715, 98.43980147381404)
(130.7277967137974, 10.358432085365983, 18.243487993303628, 99.85909217387253)
(130.0428551489253, 7.329082468259074, 18.708280791016584, 102.40322117188029)
(129.45465786482941, 4.608477031718884, 19.032624577958366, 104.17857663724583)
(128.87005853350652, 1.5110292771156253, 19.453379637088492, 106.48165696090547)
(128.27747129496385, -0.8697753192924793, 19.592655676673846, 107.24401001968847)
(127.82038947832848, -3.123265284825031, 19.673262181038353, 107.6852245698942)
(127.49690886647615, -5.187064421618338, 19.67201478657895, 107.67839672653746)
(127.11534023549444, -7.015244118114403, 19.619615549518915, 107.39157984999834)
(126.6886347668985, -9.127160298654836, 19.644367429093634, 107.52706382240733)
(126.4424546364081, -10.856302535713084, 19.544137358043177, 106.97843606507851)
(125.9419989163596, -13.024839632388158, 19.601414764937054, 107.29195450281343)
(125.73231489089457, -15.177564662150083, 19.63339267914835, 107.46699150691735)
(125.42361619783588, -17.17556456820624, 19.63705105159386, 107.48701628240858)
(125.16328744649137, -19.009153519721764, 19.59111919881415, 107.23559982508806)
(124.85618738800468, -21.06098973913212, 19.660656840201582, 107.61622691478767)
(124.66398383905988, -22.97247922421966, 19.686253513286502, 107.7563350200946)
(124.4473163062859, -24.622667820040853, 19.6602990280532, 107.61426836408073)
(124.14897701129146, -26.517191147374433, 19.702709734741283, 107.84641117963656)
(123.89431387960988, -28.421107525821327, 19.792297228573215, 108.33678483008504)
(123.78570515643545, -29.99847460837598, 19.76732717492206, 108.20010664167872)
(123.69087457427779, -31.315090342562783, 19.754733090213968, 108.131170599066)
(123.58475421519523, -32.61753420884655, 19.722375419707177, 107.95405492892357)
(123.44691598421934, -33.85638909554973, 19.74004101740117, 108.05075083209067)
(123.2872894245111, -34.765807114550995, 19.626051338966082, 107.42680732907758)
(122.95319217451996, -36.03618267916121, 19.743006825276485, 108.06698472782925)
(122.83206912516654, -37.261661160166675, 19.841698236483335, 108.60719034706675)
(122.72749327481645, -37.77096922694113, 19.792686485035066, 108.33891549703412)
(122.69960722532221, -38.58644362632632, 19.869561489296977, 108.75970499404669)
(122.62526916628372, -39.24794239266393, 19.929889218702108, 109.08991993394847)
(122.51883985489583, -39.549919402098766, 19.973802528977878, 109.33028752703689)
(122.41256203713873, -39.51990724021026, 19.919665049257695, 109.03395605909483)
(122.17652026398105, -39.497290441527376, 19.922998595573066, 109.05220283892633)
(121.9199805664613, -39.5574399087001, 19.956067004284424, 109.23320886555693)
(121.78594125186521, -39.302608919241855, 19.93105481316411, 109.096300029951)
(121.65993154944893, -39.1271794230273, 19.98978350754746, 109.41776235710196)
(121.47501746928955, -38.980835464914854, 20.102440037006815, 110.03440862361633)
(121.38486403505041, -38.179114577475595, 20.069192523160883, 109.85242223203859)
(121.1759681725579, -37.6495705272856, 20.109542841895923, 110.07328713458828)
(120.9427587049151, -36.379798724346955, 20.037166305990127, 109.67712083278815)
(120.61248829805494, -35.39184542301532, 20.071234646565905, 109.86360017067663)
(120.15304142026359, -34.4065762183236, 20.134217147265797, 110.2083464902971)
(119.86327768607696, -33.07046278665416, 20.120345567787496, 110.13241784473166)
(119.56488522066782, -31.67670162826913, 20.11454565973857, 110.10067097962175)
(119.21062883856791, -30.009260296413053, 20.123046216907127, 110.14720034517596)
(118.7926854485622, -28.252208524563457, 20.148454786469372, 110.28627883120089)
(118.33464817400717, -26.61130740539125, 20.213210976204397, 110.64073376448734)
(117.74232032081404, -24.945940739849398, 20.2950224443094, 111.08854390569367)
(117.38258401239383, -22.926362678050715, 20.26681439708734, 110.9341419630045)
(116.87325052136346, -20.78153764455307, 20.260571406003542, 110.89996980128265)
(116.40790789939584, -18.835864150611698, 20.272212155309884, 110.96368758695948)
(115.83571766409774, -16.599013141517098, 20.271451024343566, 110.959521396407)
(115.2267603740668, -14.431325345604776, 20.267746952061717, 110.9392464744432)
(114.60388875134582, -12.361820377126861, 20.338670251214616, 111.32745821717486)
(114.1064540982287, -9.886322681505241, 20.286679816237918, 111.04287899414452)
(113.4883613012518, -7.497773597545361, 20.232627983433897, 110.74701633037515)
(112.86117385800237, -5.188054353805143, 20.205485841124148, 110.5984488145744)
(112.05258186012504, -2.8728889308479495, 20.267585608363195, 110.93836332998814)
(111.28554573172768, -0.8053197120879716, 20.328009793868866, 111.26910624012443)
(110.61029582217407, 1.6029492634886395, 20.295971771179225, 111.09374022119167)
(109.9387410734416, 3.9034344232363125, 20.247525482511328, 110.8285605358516)
(109.11456492397357, 5.97355067558955, 20.27021402412316, 110.95275044783213)
(108.36236099004459, 8.16681251524308, 20.218187260633467, 110.66797237399382)
(107.59106988931475, 10.180740021496923, 20.221188163265026, 110.68439836734551)
(106.8150159327219, 12.146296037054476, 20.21991320291557, 110.67741963701165)
(106.05577141772758, 13.869611026963277, 20.220885143060446, 110.68273973043624)
(105.11831803357659, 15.625745137820083, 20.290555094956197, 111.06409104607614)
(104.20987640178227, 17.28016339949678, 20.324387821435465, 111.24928070680478)
(103.3416912270761, 19.110076371882784, 20.288770255808735, 111.05432140021637)
(102.39290244206998, 20.77441797226252, 20.26912675648504, 110.94679908812877)
(101.61599599930437, 22.29207204921741, 20.281855352465463, 111.01647140296899)
(100.69056100940168, 23.591794034225764, 20.314930532466168, 111.19751449349916)
(99.83728141434574, 25.109884308173264, 20.285344703046796, 111.03557100615103)
(98.96277211566996, 26.380516194389585, 20.259117633894437, 110.89201231184339)
(98.0770749576568, 27.539793585887296, 20.27410325851453, 110.97403888871125)
(97.22237861451399, 28.518332924171773, 20.314710849585314, 111.19631201878292)
(96.25165913650297, 29.48823098105595, 20.34762624603704, 111.37648050462394)
(95.35731702838943, 30.36265457441872, 20.353336219100047, 111.40773509402145)
(94.53263206818292, 31.125463669767065, 20.38435897154432, 111.57754384424273)
(93.7135058275648, 32.05538084687864, 20.348371340475868, 111.3805589162891)
(92.86294160377368, 32.760465995002114, 20.362152375948746, 111.45599195256169)
(92.06565595447114, 33.57881623037306, 20.279431804436634, 111.00320566639012)
(91.16470896198274, 34.05058260516519, 20.34202220054624, 111.34580572930585)
(90.28468307533691, 34.53712031224227, 20.30454284590819, 111.14065557760286)
(89.5058898339715, 35.05306826686023, 20.28411114016249, 111.0288188724685)
(88.69197818463002, 35.318453791787306, 20.259186330935268, 110.89238833775107)
(87.82588825338213, 35.32504317748196, 20.28945426716151, 111.05806546235786)
(87.01267593259334, 35.52504996672573, 20.28281463871956, 111.02172223299141)
(86.16425161192568, 35.47522542429284, 20.337954906031467, 111.32354264354079)
(85.37921466697443, 35.54409819945723, 20.343049242711277, 111.35142743378817)
(84.68347646962066, 35.47739786104551, 20.38557239034853, 111.58418571559208)
(84.01219452461078, 35.401537675715964, 20.373872974704216, 111.52014680890743)
(83.35079471790607, 35.26568324444415, 20.37402549338707, 111.52098164801356)
(82.4700328833012, 35.095782298369414, 20.38239059326087, 111.56676956311225)
(81.8944204677198, 35.115266271963264, 20.327881171494006, 111.26840220186205)
(81.13840271510509, 35.029960838166176, 20.30093047066874, 111.12088257629216)
(80.31250838814681, 34.68728071731666, 20.32102051618685, 111.23084914123338)
(79.60272006783674, 34.21953028009343, 20.364262012764, 111.46753943828726)
(78.9145137055928, 34.17368092431462, 20.33883452729098, 111.3283574125402)
(78.15839934027731, 33.66963146358211, 20.35741854356646, 111.43008044899545)
(77.41453521256904, 33.200659034412645, 20.393959665193957, 111.63009500948282)
(76.79747122792799, 32.84915503907269, 20.388234729202637, 111.59875851774085)
(76.01912054159149, 32.199383583373134, 20.407109563789675, 111.70207340179621)
(75.27901078764168, 31.997114589533737, 20.349334686923676, 111.3858319705297)
(74.57128098040471, 31.24293594019632, 20.43682188928825, 111.86470928873578)
(73.88171929247534, 30.709414840395496, 20.416576979014152, 111.75389504302493)
(73.09687965993233, 30.115827252964827, 20.395146014608, 111.63658871153861)
(72.42616317122192, 29.35732539008424, 20.42325501741946, 111.79044851640134)
(71.65417533089237, 28.5861735034562, 20.460379501789486, 111.99365622032148)
(70.9565895340857, 27.901185414089284, 20.463308663762195, 112.00968952796157)
(70.21260272556154, 27.01813027823976, 20.51668908012691, 112.30187707016843)
(69.5160628498262, 26.263166370251945, 20.504617464410092, 112.23580085782375)
(68.77058730858526, 25.29880251128835, 20.524613651872453, 112.34525367340719)
(68.02130595608166, 24.468185303198396, 20.54216591986793, 112.44132924559295)
(67.30348159674729, 23.556350128487587, 20.552979433458553, 112.50051900419426)
(66.5646007463451, 22.459904765518274, 20.60630265770042, 112.79239349478132)
(65.77211379208023, 21.377841228234615, 20.634391800605147, 112.94614459278614)
(64.9766827017845, 20.352011165290776, 20.607715529048196, 112.80012710636913)
(64.19235121480634, 19.092651402892244, 20.677950158277948, 113.1845692874162)
(63.482843881089025, 18.023710304436285, 20.679545392118825, 113.19330109370311)
(62.73077675200862, 16.944007808558602, 20.6794987420765, 113.19304574610301)
(62.03317294199481, 15.88513017884381, 20.62272577128381, 112.88228843229041)
(61.304088172342304, 14.642591761428804, 20.612969285198208, 112.82888450845343)
(60.41390703545903, 13.179867081682417, 20.66777613904287, 113.12887991897159)
(59.71349440988086, 11.931140869083556, 20.63334443219141, 112.94041162883728)
(58.881077320134324, 10.424988135883147, 20.658102928090734, 113.07593181691779)
(58.07761016043222, 9.025190416882097, 20.611411759213677, 112.82035910306442)
(57.149437769183244, 7.359208396055536, 20.62151172969992, 112.87564315204176)
(56.185465639276856, 5.740848771633239, 20.625292171153315, 112.89633609473401)
(55.248267728286024, 3.929217286930303, 20.668454014863507, 113.1325903971477)
(54.33970266403203, 2.151626878365178, 20.642269018859768, 112.98926199796935)
(53.3517556847439, -0.014051203268692802, 20.741576063373525, 113.53283739951834)
(52.38155573989043, -2.008962359319021, 20.737235657670308, 113.50907938935337)
(51.39404509193586, -4.0414963251686515, 20.747489497524768, 113.56520567066201)
(50.40012989810495, -6.225155542490647, 20.76801947014753, 113.67758025764975)
(49.38728116701627, -8.58306542715448, 20.845940137891287, 114.10409338635242)
(48.289077888777385, -11.045286395651544, 20.8582608484218, 114.17153306504576)
(47.19589261176253, -13.687079239281339, 20.894397180039398, 114.36933193284735)
(46.09889970186863, -16.407230111483237, 20.919727604319373, 114.50798267627458)
(44.91893796854326, -19.257579922548935, 20.947570229905672, 114.6603844163259)
(43.77250853172434, -22.054649717392046, 20.967712581326712, 114.77063728726212)
(42.49977917963217, -25.419230329691963, 21.061030477405573, 115.28142998158852)
(41.16621501645947, -29.06297691152998, 21.248342366983408, 116.30671611401455)
(39.90407938197613, -32.54441750819362, 21.32859050362587, 116.74596907247854)
(38.690778743454096, -36.01346850563875, 21.305904366119155, 116.62179231981021)
(37.50363684777218, -39.45147711733199, 21.23048494093025, 116.20897020298673)
(36.25499692460805, -43.44912671326833, 21.357380570949918, 116.90355680941019)
(35.021773952859746, -47.668316062276716, 21.41560813065746, 117.22227608359884)
(33.690878752440724, -52.14352934552218, 21.628042452393935, 118.38507447626165)
(32.53950800312691, -56.12073675134423, 21.563703262544998, 118.03290206866747)
(31.496679403115813, -59.71467795686412, 21.326858326336737, 116.7364876810012)
(30.402944090138412, -63.80064669482882, 21.21687411830716, 116.13446885810247)
(29.001262804120593, -69.0681774895453, 21.47584887295999, 117.55201488357059)
(27.83793037309577, -73.59333785681861, 21.589279787255727, 118.17289988813674)
(26.808201853279492, -78.33767374357646, 21.60798823069688, 118.27530399960409)
(25.643134533403906, -84.10306406543901, 21.988942267420704, 120.36052609535557)
(25.028908816504835, -85.38195401832994, 20.910058801316502, 114.45505870194307)
(23.982980963047396, -90.7582943757674, 20.963307864554626, 114.7465272586149)
(22.860066861563794, -95.14207082944993, 20.75728517640854, 113.6188241234995)
(21.980460614615552, -99.98318773466234, 20.75728517640854, 113.6188241234995)
(0.0, 0.0, 0.0, 0.0)
(0.0, 0.0, 0.0, 0.0)
(0.0, 0.0, 0.0, 0.0)
(0.0, 0.0, 0.0, 0.0)
(0.0, 0.0, 0.0, 0.0)
(0.0, 0.0, 0.0, 0.0)
(0.0, 0.0, 0.0, 0.0)
(0.0, 0.0, 0.0, 0.0)
(0.0, 0.0, 0.0, 0.0)
(0.0, 0.0, 0.0, 0.0)
(0.0, 0.0, 0.0, 0.0)
(0.0, 0.0, 0.0, 0.0)
(0.0, 0.0, 0.0, 0.0)
(0.0, 0.0, 0.0, 0.0)
(0.0, 0.0, 0.0, 0.0)
(0.0, 0.0, 0.0, 0.0)
(0.0, 0.0, 0.0, 0.0)
(0.0, 0.0, 0.0, 0.0)
(0.0, 0.0, 0.0, 0.0)
(0.0, 0.0, 0.0, 0.0)
(0.0, 0.0, 0.0, 0.0)
(0.0, 0.0, 0.0, 0.0)
(0.0, 0.0, 0.0, 0.0)
(0.0, 0.0, 0.0, 0.0)
(0.0, 0.0, 0.0, 0.0)
(0.0, 0.0, 0.0, 0.0)
(0.0, 0.0, 0.0, 0.0)
(0.0, 0.0, 0.0, 0.0)
(0.0, 0.0, 0.0, 0.0)
(0.0, 0.0, 0.0, 0.0)
(0.0, 0.0, 0.0, 0.0)
(0.0, 0.0, 0.0, 0.0)
(0.0, 0.0, 0.0, 0.0)
(0.0, 0.0, 0.0, 0.0)
(0.0, 0.0, 0.0, 0.0)
