(139, 27, 33, 129)
(138.98509216308594, 26.518592834472656, 33.0, 129.0)
(138.94761657714844, 25.8709716796875, 33.0, 129.0)
(138.87353515625, 27.469799041748047, 32.35293960571289, 126.47058868408203)
(138.14102172851562, 28.188518524169922, 32.35293960571289, 126.47058868408203)
(137.82106018066406, 28.36465072631836, 32.35293960571289, 126.47058868408203)
(137.7217254638672, 28.965396881103516, 32.35293960571289, 126.47058868408203)
(137.11712646484375, 29.224140167236328, 32.35293960571289, 126.47058868408203)
(136.322265625, 29.714672088623047, 32.35293960571289, 126.47058868408203)
(135.8678741455078, 30.515140533447266, 32.35293960571289, 126.47058868408203)
(134.7701873779297, 29.717918395996094, 33.0, 129.0)
(134.87855529785156, 31.176868438720703, 32.35293960571289, 126.47058868408203)
(134.2379913330078, 31.808361053466797, 32.35293960571289, 126.47058868408203)
(133.9755096435547, 32.233280181884766, 32.35293960571289, 126.47058868408203)
(133.33216857910156, 32.7794303894043, 32.35293960571289, 126.47058868408203)
(132.8089599609375, 32.940616607666016, 32.35293960571289, 126.47058868408203)
(132.6774139404297, 33.071842193603516, 32.35293960571289, 126.47058868408203)
(132.54647827148438, 33.16875076293945, 32.35293960571289, 126.47058868408203)
(132.2873992919922, 31.67890167236328, 33.0, 129.0)
(133.00575256347656, 31.873950958251953, 32.35293960571289, 126.47058868408203)
(132.7366943359375, 31.454845428466797, 32.35293960571289, 126.47058868408203)
(133.18275451660156, 29.778717041015625, 33.0, 129.0)
(133.7973175048828, 29.542495727539062, 33.0, 129.0)
(134.1127166748047, 30.621341705322266, 32.35293960571289, 126.47058868408203)
(134.07147216796875, 29.855606079101562, 33.0, 129.0)
(135.2627716064453, 31.095661163330078, 32.35293960571289, 126.47058868408203)
(135.4121551513672, 30.81734848022461, 32.35293960571289, 126.47058868408203)
(136.27804565429688, 31.93682098388672, 31.718568801879883, 123.99076843261719)
(135.93655395507812, 31.35094451904297, 32.35293960571289, 126.4705810546875)
(136.2940216064453, 31.640090942382812, 32.35293960571289, 126.4705810546875)
(136.8907012939453, 32.19866180419922, 32.35293960571289, 126.4705810546875)
(137.06661987304688, 32.535499572753906, 32.35293960571289, 126.4705810546875)
(137.16676330566406, 33.03070068359375, 32.35293960571289, 126.4705810546875)
(137.16583251953125, 33.485572814941406, 32.35293960571289, 126.4705810546875)
(136.4882049560547, 32.95972442626953, 32.999996185302734, 128.99998474121094)
(136.58700561523438, 34.031044006347656, 32.35293960571289, 126.4705810546875)
(136.66358947753906, 35.91392135620117, 31.71856689453125, 123.99076080322266)
(135.04090881347656, 35.03925704956055, 32.352935791015625, 126.47057342529297)
(134.65185546875, 35.08665084838867, 32.352935791015625, 126.47057342529297)
(134.48504638671875, 35.12162399291992, 32.352935791015625, 126.47057342529297)
(133.62615966796875, 33.78517150878906, 32.999996185302734, 128.99998474121094)
(133.11605834960938, 34.789424896240234, 32.352935791015625, 126.47057342529297)
(133.13763427734375, 34.59207534790039, 32.352935791015625, 126.47057342529297)
(133.0954132080078, 35.29045486450195, 32.352935791015625, 126.47057342529297)
(133.13661193847656, 35.43258285522461, 32.352935791015625, 126.47057342529297)
(132.96588134765625, 34.601043701171875, 32.999996185302734, 128.99998474121094)
(133.26235961914062, 35.78530502319336, 32.352935791015625, 126.47057342529297)
(133.44923400878906, 36.01017379760742, 32.352935791015625, 126.47057342529297)
(134.03555297851562, 37.81578063964844, 31.718564987182617, 123.99075317382812)
(133.68040466308594, 37.22333526611328, 32.352935791015625, 126.47056579589844)
(134.3582763671875, 38.904727935791016, 31.718563079833984, 123.9907455444336)
(133.3824005126953, 38.95474624633789, 31.718563079833984, 123.9907455444336)
(132.67691040039062, 37.716793060302734, 32.35293197631836, 126.4705581665039)
(133.19981384277344, 38.24789810180664, 32.35293197631836, 126.4705581665039)
(132.92742919921875, 38.094234466552734, 32.35293197631836, 126.4705581665039)
(132.82220458984375, 38.967376708984375, 31.71856117248535, 123.99073791503906)
(132.65623474121094, 38.98939514160156, 31.71856117248535, 123.99073791503906)
(132.47547912597656, 37.678977966308594, 32.35293197631836, 126.47055053710938)
(133.4384002685547, 37.554649353027344, 32.35293197631836, 126.47055053710938)
(133.82986450195312, 37.376502990722656, 32.35293197631836, 126.47055053710938)
(133.73397827148438, 35.60662078857422, 32.9999885559082, 128.9999542236328)
(134.4442138671875, 35.83998107910156, 32.35293197631836, 126.47055053710938)
(135.50926208496094, 36.202545166015625, 32.35293197631836, 126.47055053710938)
(136.15809631347656, 36.82780456542969, 32.35293197631836, 126.47055053710938)
(136.87266540527344, 38.28713607788086, 31.71855926513672, 123.99073028564453)
(137.35426330566406, 38.329463958740234, 31.71855926513672, 123.99073028564453)
(137.53085327148438, 39.77513885498047, 31.09662628173828, 121.55953979492188)
(137.74716186523438, 39.09644317626953, 31.718557357788086, 123.99072265625)
(138.3721466064453, 39.5970573425293, 31.09662437438965, 121.55953216552734)
(139.21653747558594, 40.26674270629883, 31.09662437438965, 121.55953216552734)
(139.72767639160156, 42.07588195800781, 30.486886978149414, 119.17601013183594)
(139.66879272460938, 42.92701721191406, 30.486886978149414, 119.17601013183594)
(139.38623046875, 45.02934646606445, 29.88910484313965, 116.83922576904297)
(136.57064819335938, 46.092899322509766, 29.303043365478516, 114.54825592041016)
(135.66744995117188, 47.39595031738281, 28.728473663330078, 112.30221557617188)
(131.9041748046875, 48.24732208251953, 28.728473663330078, 112.30221557617188)
(127.23946380615234, 47.40435791015625, 28.728473663330078, 112.30221557617188)
(124.88893127441406, 45.596553802490234, 29.303043365478516, 114.54825592041016)
(118.97320556640625, 43.39640426635742, 29.303043365478516, 114.54825592041016)
(113.2820816040039, 41.334869384765625, 28.728473663330078, 112.30221557617188)
(111.30400848388672, 40.67399597167969, 28.728473663330078, 112.30221557617188)
(106.82540893554688, 39.31001281738281, 28.728473663330078, 112.30221557617188)
(105.00691223144531, 38.217281341552734, 28.165170669555664, 110.10021209716797)
(104.19898986816406, 36.12192916870117, 28.728471755981445, 112.30220794677734)
(104.69673156738281, 36.96149444580078, 28.16516876220703, 110.10020446777344)
(89.80987548828125, 31.711090087890625, 28.728469848632812, 112.30220031738281)
(89.73494720458984, 34.60738754272461, 28.165164947509766, 110.1001968383789)
(90.53176879882812, 36.97834396362305, 27.61290740966797, 107.94136810302734)
(92.16755676269531, 40.91533279418945, 27.61290740966797, 107.94136810302734)
(93.99909973144531, 42.222930908203125, 27.07147979736328, 105.82487487792969)
(92.74588012695312, 43.16598892211914, 26.540664672851562, 103.74987030029297)
(85.04602813720703, 46.974891662597656, 26.020259857177734, 101.71556091308594)
(87.03827667236328, 45.83984375, 26.020259857177734, 101.71556091308594)
(85.64353942871094, 45.71096420288086, 26.540664672851562, 103.74987030029297)
(81.2538070678711, 39.59722900390625, 27.612905502319336, 107.94136047363281)
(78.65209197998047, 37.65122985839844, 28.728466033935547, 112.30218505859375)
(71.46168518066406, 35.33047103881836, 29.30303382873535, 114.54822540283203)
(62.06674575805664, 34.69194412231445, 29.30303382873535, 114.54822540283203)
(57.898494720458984, 33.589599609375, 29.88909339904785, 116.83918762207031)
(48.74889373779297, 32.87091064453125, 29.88909339904785, 116.83918762207031)
(40.47163009643555, 33.93830871582031, 29.88909339904785, 116.83918762207031)
(36.15361785888672, 34.20048522949219, 29.88909339904785, 116.83918762207031)
(27.374588012695312, 34.97406005859375, 29.88909339904785, 116.83918762207031)
(18.59429931640625, 35.416587829589844, 29.88909339904785, 116.83918762207031)
(14.094985008239746, 36.09601593017578, 29.88909339904785, 116.83918762207031)
(4.470013618469238, 36.34252166748047, 29.88909339904785, 116.83918762207031)
(-1.7889385223388672, 37.519927978515625, 29.30303192138672, 114.5482177734375)
(-5.753461837768555, 37.67253875732422, 29.30303192138672, 114.5482177734375)
(0.0, 0.0, 0.0, 0.0)
(0.0, 0.0, 0.0, 0.0)
(0.0, 0.0, 0.0, 0.0)
(0.0, 0.0, 0.0, 0.0)
(0.0, 0.0, 0.0, 0.0)
(0.0, 0.0, 0.0, 0.0)
(0.0, 0.0, 0.0, 0.0)
(0.0, 0.0, 0.0, 0.0)
(0.0, 0.0, 0.0, 0.0)
(0.0, 0.0, 0.0, 0.0)
(0.0, 0.0, 0.0, 0.0)
(0.0, 0.0, 0.0, 0.0)
(0.0, 0.0, 0.0, 0.0)
(0.0, 0.0, 0.0, 0.0)
(0.0, 0.0, 0.0, 0.0)
(0.0, 0.0, 0.0, 0.0)
(0.0, 0.0, 0.0, 0.0)
(0.0, 0.0, 0.0, 0.0)
(0.0, 0.0, 0.0, 0.0)
(0.0, 0.0, 0.0, 0.0)
(0.0, 0.0, 0.0, 0.0)
(0.0, 0.0, 0.0, 0.0)
(0.0, 0.0, 0.0, 0.0)
(0.0, 0.0, 0.0, 0.0)
(0.0, 0.0, 0.0, 0.0)
(0.0, 0.0, 0.0, 0.0)
(0.0, 0.0, 0.0, 0.0)
(0.0, 0.0, 0.0, 0.0)
(0.0, 0.0, 0.0, 0.0)
(0.0, 0.0, 0.0, 0.0)
(0.0, 0.0, 0.0, 0.0)
(0.0, 0.0, 0.0, 0.0)
(0.0, 0.0, 0.0, 0.0)
(0.0, 0.0, 0.0, 0.0)
(0.0, 0.0, 0.0, 0.0)
(0.0, 0.0, 0.0, 0.0)
(0.0, 0.0, 0.0, 0.0)
(0.0, 0.0, 0.0, 0.0)
(0.0, 0.0, 0.0, 0.0)
(0.0, 0.0, 0.0, 0.0)
(0.0, 0.0, 0.0, 0.0)
(0.0, 0.0, 0.0, 0.0)
(0.0, 0.0, 0.0, 0.0)
(0.0, 0.0, 0.0, 0.0)
(0.0, 0.0, 0.0, 0.0)
(0.0, 0.0, 0.0, 0.0)
(0.0, 0.0, 0.0, 0.0)
(0.0, 0.0, 0.0, 0.0)
(0.0, 0.0, 0.0, 0.0)
(0.0, 0.0, 0.0, 0.0)
(0.0, 0.0, 0.0, 0.0)
(0.0, 0.0, 0.0, 0.0)
(0.0, 0.0, 0.0, 0.0)
(0.0, 0.0, 0.0, 0.0)
(0.0, 0.0, 0.0, 0.0)
(0.0, 0.0, 0.0, 0.0)
(0.0, 0.0, 0.0, 0.0)
(0.0, 0.0, 0.0, 0.0)
(0.0, 0.0, 0.0, 0.0)
(0.0, 0.0, 0.0, 0.0)
(0.0, 0.0, 0.0, 0.0)
(0.0, 0.0, 0.0, 0.0)
(0.0, 0.0, 0.0, 0.0)
(0.0, 0.0, 0.0, 0.0)
(0.0, 0.0, 0.0, 0.0)
(0.0, 0.0, 0.0, 0.0)
(0.0, 0.0, 0.0, 0.0)
(0.0, 0.0, 0.0, 0.0)
(0.0, 0.0, 0.0, 0.0)
(0.0, 0.0, 0.0, 0.0)
(0.0, 0.0, 0.0, 0.0)
(0.0, 0.0, 0.0, 0.0)
(0.0, 0.0, 0.0, 0.0)
(0.0, 0.0, 0.0, 0.0)
(0.0, 0.0, 0.0, 0.0)
(0.0, 0.0, 0.0, 0.0)
(0.0, 0.0, 0.0, 0.0)
(0.0, 0.0, 0.0, 0.0)
(0.0, 0.0, 0.0, 0.0)
(0.0, 0.0, 0.0, 0.0)
(0.0, 0.0, 0.0, 0.0)
(0.0, 0.0, 0.0, 0.0)
(0.0, 0.0, 0.0, 0.0)
(0.0, 0.0, 0.0, 0.0)
(0.0, 0.0, 0.0, 0.0)
(0.0, 0.0, 0.0, 0.0)
(0.0, 0.0, 0.0, 0.0)
(0.0, 0.0, 0.0, 0.0)
(0.0, 0.0, 0.0, 0.0)
(0.0, 0.0, 0.0, 0.0)
(0.0, 0.0, 0.0, 0.0)
(0.0, 0.0, 0.0, 0.0)
(0.0, 0.0, 0.0, 0.0)
(0.0, 0.0, 0.0, 0.0)
(0.0, 0.0, 0.0, 0.0)
(0.0, 0.0, 0.0, 0.0)
(0.0, 0.0, 0.0, 0.0)
(0.0, 0.0, 0.0, 0.0)
(0.0, 0.0, 0.0, 0.0)
