(328, 189, 53, 50)
(325.5341491699219, 187.4142608642578, 55.14119338989258, 52.019996643066406)
(323.3570251464844, 187.4518280029297, 54.059993743896484, 50.99999237060547)
(322.9301452636719, 187.48902893066406, 52.99999237060547, 49.99999237060547)
(321.13116455078125, 185.7805938720703, 52.99999237060547, 49.99999237060547)
(321.1036376953125, 186.23866271972656, 50.94194030761719, 48.058433532714844)
(319.93377685546875, 184.44940185546875, 49.94308090209961, 47.116111755371094)
(318.3858642578125, 182.48297119140625, 50.94194030761719, 48.058433532714844)
(315.9299011230469, 180.7287139892578, 52.99999237060547, 49.99999237060547)
(313.8486328125, 180.36900329589844, 52.99999237060547, 49.99999237060547)
(312.3477478027344, 179.24899291992188, 51.96077346801758, 49.01959991455078)
(311.7044982910156, 178.3477783203125, 50.94193649291992, 48.05842971801758)
(310.0877380371094, 176.61636352539062, 50.94193649291992, 48.05842971801758)
(309.7220458984375, 175.3406524658203, 50.94193649291992, 48.05842971801758)
(308.9744873046875, 174.46533203125, 49.94307327270508, 47.11610794067383)
(308.7222595214844, 171.84718322753906, 50.94193649291992, 48.05842971801758)
(307.2956848144531, 171.0805206298828, 50.94193649291992, 48.05842971801758)
(306.9033508300781, 169.7177734375, 49.94307327270508, 47.11610794067383)
(305.1943054199219, 167.06019592285156, 51.96076965332031, 49.01959228515625)
(302.9468994140625, 165.53427124023438, 52.99998474121094, 49.99998474121094)
(301.830322265625, 164.13766479492188, 52.99998474121094, 49.99998474121094)
(300.51519775390625, 161.46102905273438, 54.05997848510742, 50.99998092651367)
(298.89093017578125, 159.8772430419922, 56.24399948120117, 53.06037521362305)
(296.89276123046875, 159.7818145751953, 55.14117431640625, 52.01997756958008)
(295.52239990234375, 155.6488037109375, 57.368873596191406, 54.121578216552734)
(293.8367614746094, 154.32272338867188, 58.51625061035156, 55.204010009765625)
(293.08721923828125, 153.17782592773438, 58.51625061035156, 55.204010009765625)
(292.64434814453125, 150.2386474609375, 59.68657684326172, 56.30809020996094)
(292.84539794921875, 148.07411193847656, 57.36887741088867, 54.12158203125)
(291.5591735839844, 146.7490234375, 58.516258239746094, 55.204017639160156)
(291.87530517578125, 143.99632263183594, 57.36887741088867, 54.12158203125)
(290.5376892089844, 142.43348693847656, 58.516258239746094, 55.204017639160156)
(291.6474304199219, 140.15528869628906, 57.36887741088867, 54.12158203125)
(289.1582336425781, 137.09359741210938, 59.68657684326172, 56.30809020996094)
(287.1370849609375, 132.55856323242188, 60.88030242919922, 57.43424987792969)
(288.3941650390625, 131.10433959960938, 59.68656921386719, 56.30808639526367)
(287.76483154296875, 128.9785919189453, 59.68656921386719, 56.30808639526367)
(288.9505920410156, 127.74002075195312, 58.51624298095703, 55.204002380371094)
(289.1488342285156, 126.15531921386719, 58.51624298095703, 55.204002380371094)
(289.36883544921875, 125.05963134765625, 58.51624298095703, 55.204002380371094)
(290.0321044921875, 122.57543182373047, 57.368865966796875, 54.1215705871582)
(289.8778381347656, 120.20521545410156, 58.51624298095703, 55.204002380371094)
(289.4867858886719, 118.89329528808594, 58.51624298095703, 55.204002380371094)
(290.4122619628906, 116.91688537597656, 58.51624298095703, 55.204002380371094)
(290.03387451171875, 115.16053009033203, 59.68656921386719, 56.30808639526367)
(290.0108642578125, 112.40721893310547, 59.68656921386719, 56.30808639526367)
(289.6795959472656, 110.74977111816406, 60.88029861450195, 57.434242248535156)
(290.1239318847656, 110.55943298339844, 59.686561584472656, 56.30807876586914)
(291.3159484863281, 109.96775817871094, 59.686561584472656, 56.30807876586914)
(290.11767578125, 107.65400695800781, 59.686561584472656, 56.30807876586914)
(292.05340576171875, 107.89825439453125, 59.686561584472656, 56.30807876586914)
(292.6977844238281, 106.10706329345703, 58.516239166259766, 55.20399856567383)
(293.2189025878906, 105.76651000976562, 59.686561584472656, 56.30807876586914)
(291.79071044921875, 105.04133605957031, 59.686561584472656, 56.30807876586914)
(293.0167541503906, 104.37962341308594, 59.686561584472656, 56.30807876586914)
(294.2682189941406, 104.62578582763672, 58.516239166259766, 55.20399856567383)
(295.5318603515625, 104.79315948486328, 57.368858337402344, 54.12156677246094)
(295.7837829589844, 104.5206069946289, 57.368858337402344, 54.12156677246094)
(297.2095642089844, 104.60279846191406, 56.243980407714844, 53.060359954833984)
(295.659423828125, 101.79589080810547, 58.516231536865234, 55.2039909362793)
(297.13812255859375, 102.12657928466797, 58.516231536865234, 55.2039909362793)
(296.212890625, 101.03897094726562, 59.68655776977539, 56.30807113647461)
(295.6844177246094, 99.96452331542969, 59.68655776977539, 56.30807113647461)
(297.0399475097656, 99.7740249633789, 59.68655776977539, 56.30807113647461)
(297.6893615722656, 99.85423278808594, 59.68655776977539, 56.30807113647461)
(297.90203857421875, 99.0147476196289, 58.516231536865234, 55.2039909362793)
(299.19390869140625, 99.6495590209961, 58.516231536865234, 55.2039909362793)
(300.6914978027344, 99.43582153320312, 57.36885452270508, 54.121559143066406)
(301.302734375, 99.14813232421875, 57.36885452270508, 54.121559143066406)
(302.15325927734375, 98.70439147949219, 57.36885452270508, 54.121559143066406)
(301.91015625, 97.93379974365234, 58.516231536865234, 55.2039909362793)
(302.07659912109375, 97.4134521484375, 58.516231536865234, 55.2039909362793)
(303.4779052734375, 97.48503112792969, 57.36885452270508, 54.121559143066406)
(303.7634582519531, 96.87384796142578, 58.516231536865234, 55.2039909362793)
(304.3840026855469, 96.45906066894531, 58.516231536865234, 55.2039909362793)
(305.76861572265625, 95.59915161132812, 58.516231536865234, 55.2039909362793)
(306.7056579589844, 95.6085205078125, 57.36885452270508, 54.121559143066406)
(308.19049072265625, 95.37014770507812, 57.36885452270508, 54.121559143066406)
(309.9133605957031, 94.95423889160156, 56.24397277832031, 53.06035232543945)
(310.1439208984375, 93.88175201416016, 56.24397277832031, 53.06035232543945)
(310.2589416503906, 92.4832763671875, 57.36885452270508, 54.121559143066406)
(311.9470520019531, 92.30354309082031, 56.24397277832031, 53.06035232543945)
(311.6687316894531, 91.6341323852539, 56.24397277832031, 53.06035232543945)
(312.7807922363281, 90.10714721679688, 56.24397277832031, 53.06035232543945)
(312.9091491699219, 89.74821472167969, 57.36885452270508, 54.121559143066406)
(312.9053649902344, 89.30615234375, 57.36885452270508, 54.121559143066406)
(313.5153503417969, 87.80050659179688, 57.36885452270508, 54.121559143066406)
(312.77154541015625, 87.60873413085938, 57.36885452270508, 54.121559143066406)
(313.63409423828125, 87.60737609863281, 57.36885452270508, 54.121559143066406)
(312.9145812988281, 86.64130401611328, 58.516231536865234, 55.2039909362793)
(312.8819274902344, 86.3799057006836, 58.516231536865234, 55.2039909362793)
(313.25164794921875, 87.03958892822266, 58.516231536865234, 55.2039909362793)
(313.6338195800781, 86.17151641845703, 58.516231536865234, 55.2039909362793)
(314.4454345703125, 85.83892822265625, 58.516231536865234, 55.2039909362793)
(314.02227783203125, 84.87076568603516, 58.516231536865234, 55.2039909362793)
(313.87384033203125, 84.53009033203125, 58.516231536865234, 55.2039909362793)
(313.98150634765625, 83.77650451660156, 58.516231536865234, 55.2039909362793)
(314.49407958984375, 83.64530944824219, 58.516231536865234, 55.2039909362793)
(315.5368957519531, 83.65840148925781, 57.36885452270508, 54.121559143066406)
(314.4945983886719, 83.32038879394531, 58.516231536865234, 55.2039909362793)
(313.8280944824219, 82.17996215820312, 59.68655776977539, 56.30807113647461)
(313.72100830078125, 82.10264587402344, 58.516231536865234, 55.2039909362793)
(314.6778869628906, 82.79893493652344, 57.36885452270508, 54.121559143066406)
(313.7896423339844, 82.67359161376953, 58.516231536865234, 55.2039909362793)
(313.1671447753906, 82.39737701416016, 58.516231536865234, 55.2039909362793)
(312.7202453613281, 82.05754852294922, 59.68655776977539, 56.30807113647461)
(312.9228210449219, 81.68476104736328, 58.516231536865234, 55.2039909362793)
(313.4013366699219, 81.80977630615234, 58.516231536865234, 55.2039909362793)
(313.8936767578125, 82.1531753540039, 58.516231536865234, 55.2039909362793)
(312.9406433105469, 82.24524688720703, 59.68655776977539, 56.30807113647461)
(312.9237976074219, 82.16917419433594, 59.68655776977539, 56.30807113647461)
(312.86334228515625, 82.06532287597656, 59.68655776977539, 56.30807113647461)
(312.8716735839844, 81.95995330810547, 59.68655776977539, 56.30807113647461)
(312.29083251953125, 81.28079223632812, 60.88028335571289, 57.43423080444336)
(312.5463562011719, 82.76579284667969, 60.88028335571289, 57.43423080444336)
(313.6220397949219, 83.1212158203125, 59.68655014038086, 56.308067321777344)
(313.0775146484375, 82.60871887207031, 59.68655014038086, 56.308067321777344)
(313.09478759765625, 83.30491638183594, 59.68655014038086, 56.308067321777344)
(313.1807861328125, 83.63478088378906, 59.68655014038086, 56.308067321777344)
(312.410888671875, 84.5394287109375, 59.68655014038086, 56.308067321777344)
(312.4685974121094, 84.63577270507812, 59.68655014038086, 56.308067321777344)
(312.9536437988281, 85.31756591796875, 58.5162239074707, 55.20398712158203)
(312.92181396484375, 86.55250549316406, 58.5162239074707, 55.20398712158203)
(311.9158935546875, 85.64698791503906, 59.68655014038086, 56.308067321777344)
(311.54559326171875, 86.15357971191406, 59.68655014038086, 56.308067321777344)
(310.8712463378906, 86.52009582519531, 59.68655014038086, 56.308067321777344)
(310.9026184082031, 87.3868408203125, 59.68655014038086, 56.308067321777344)
(310.61187744140625, 87.99783325195312, 59.68655014038086, 56.308067321777344)
(310.22760009765625, 88.12870788574219, 59.68655014038086, 56.308067321777344)
(309.6878662109375, 88.56536865234375, 59.68655014038086, 56.308067321777344)
(309.6617431640625, 89.70774841308594, 59.68655014038086, 56.308067321777344)
(309.0385437011719, 90.75286865234375, 59.68655014038086, 56.308067321777344)
(308.9161376953125, 91.28965759277344, 59.68655014038086, 56.308067321777344)
(308.6474914550781, 91.72421264648438, 59.68655014038086, 56.308067321777344)
(307.8299560546875, 92.8204345703125, 59.68655014038086, 56.308067321777344)
(307.5179138183594, 93.51425170898438, 59.68655014038086, 56.308067321777344)
(306.6394348144531, 93.72163391113281, 59.68655014038086, 56.308067321777344)
(305.66693115234375, 93.76170349121094, 60.880279541015625, 57.434226989746094)
(304.912841796875, 94.46733093261719, 60.880279541015625, 57.434226989746094)
(304.75286865234375, 94.68836975097656, 60.880279541015625, 57.434226989746094)
(304.387451171875, 95.32038879394531, 60.880279541015625, 57.434226989746094)
(304.41156005859375, 95.40635681152344, 60.880279541015625, 57.434226989746094)
(304.1856689453125, 95.71734619140625, 60.880279541015625, 57.434226989746094)
(303.2198486328125, 96.24884033203125, 60.880279541015625, 57.434226989746094)
(302.38653564453125, 96.88552856445312, 60.880279541015625, 57.434226989746094)
(302.00408935546875, 97.03665161132812, 60.880279541015625, 57.434226989746094)
(300.98223876953125, 97.37486267089844, 60.880279541015625, 57.434226989746094)
(299.4656066894531, 96.65077209472656, 62.09788131713867, 58.582908630371094)
(298.5809326171875, 97.73533630371094, 62.09788131713867, 58.582908630371094)
(298.6751708984375, 98.41232299804688, 60.880279541015625, 57.434226989746094)
(297.85223388671875, 98.748291015625, 60.880279541015625, 57.434226989746094)
(297.5438232421875, 99.47016906738281, 60.880279541015625, 57.434226989746094)
(297.76025390625, 99.75434875488281, 60.880279541015625, 57.434226989746094)
(296.26104736328125, 100.06472778320312, 60.880279541015625, 57.434226989746094)
(295.7499084472656, 100.19232177734375, 62.09788131713867, 58.582908630371094)
(294.8934631347656, 100.42642211914062, 62.09788131713867, 58.582908630371094)
(294.3027038574219, 101.05711364746094, 62.09788131713867, 58.582908630371094)
(292.916015625, 101.49613952636719, 62.09788131713867, 58.582908630371094)
(293.4692077636719, 103.0546875, 62.09788131713867, 58.582908630371094)
(291.8168029785156, 103.03532409667969, 62.09788131713867, 58.582908630371094)
(291.98046875, 104.44313049316406, 62.09788131713867, 58.582908630371094)
(290.453857421875, 105.82991027832031, 62.09788131713867, 58.582908630371094)
(290.4450988769531, 106.12313842773438, 62.09788131713867, 58.582908630371094)
(290.0260009765625, 107.04240417480469, 62.09788131713867, 58.582908630371094)
(289.25732421875, 108.04060363769531, 62.09788131713867, 58.582908630371094)
(288.9493713378906, 108.7132568359375, 62.09788131713867, 58.582908630371094)
(289.1086120605469, 109.38385009765625, 62.09788131713867, 58.582908630371094)
(287.6806945800781, 111.20722961425781, 62.09788131713867, 58.582908630371094)
(288.0282897949219, 111.78506469726562, 62.09788131713867, 58.582908630371094)
(286.7796936035156, 112.31880187988281, 62.09788131713867, 58.582908630371094)
(287.3265380859375, 113.58711242675781, 62.09788131713867, 58.582908630371094)
(286.43109130859375, 114.59710693359375, 62.09788131713867, 58.582908630371094)
(286.2689208984375, 115.39093017578125, 62.09788131713867, 58.582908630371094)
(285.34326171875, 115.7547607421875, 62.09788131713867, 58.582908630371094)
(284.69744873046875, 115.98724365234375, 62.09788131713867, 58.582908630371094)
(284.5762023925781, 116.90586853027344, 62.09788131713867, 58.582908630371094)
(284.287353515625, 117.35308837890625, 62.09788131713867, 58.582908630371094)
(283.87213134765625, 118.55020141601562, 62.09788131713867, 58.582908630371094)
(283.9256591796875, 119.39044189453125, 62.09788131713867, 58.582908630371094)
(283.39996337890625, 119.91915893554688, 62.09788131713867, 58.582908630371094)
(282.2712097167969, 120.128662109375, 62.09788131713867, 58.582908630371094)
(281.708740234375, 120.89045715332031, 62.09788131713867, 58.582908630371094)
(281.2721252441406, 121.11935424804688, 62.09788131713867, 58.582908630371094)
(280.2831115722656, 121.8458251953125, 62.09788131713867, 58.582908630371094)
(279.16766357421875, 122.33018493652344, 62.09788131713867, 58.582908630371094)
(278.7262268066406, 123.64981079101562, 62.09788131713867, 58.582908630371094)
(278.4908142089844, 124.69705200195312, 62.09788131713867, 58.582908630371094)
(277.092041015625, 125.7418212890625, 62.09788131713867, 58.582908630371094)
(276.3726806640625, 126.29818725585938, 60.880279541015625, 57.434226989746094)
(277.460205078125, 127.26512145996094, 60.880279541015625, 57.434226989746094)
(275.60406494140625, 129.37608337402344, 62.09788131713867, 58.582908630371094)
(273.7119445800781, 129.8470458984375, 63.33983612060547, 59.75456237792969)
(271.4828186035156, 130.30003356933594, 64.60663604736328, 60.94965362548828)
(271.9436950683594, 132.6851348876953, 64.60663604736328, 60.94965362548828)
(269.99835205078125, 133.41067504882812, 64.60663604736328, 60.94965362548828)
(269.8847961425781, 135.78036499023438, 64.60663604736328, 60.94965362548828)
(268.8050842285156, 137.26217651367188, 64.60663604736328, 60.94965362548828)
(266.1107482910156, 139.87242126464844, 65.89876556396484, 62.16864776611328)
(265.48333740234375, 141.56427001953125, 65.89876556396484, 62.16864776611328)
(265.3078918457031, 143.17898559570312, 65.89876556396484, 62.16864776611328)
(264.4560852050781, 144.85980224609375, 65.89876556396484, 62.16864776611328)
(263.0184020996094, 147.8261260986328, 65.89876556396484, 62.16864776611328)
(263.69207763671875, 149.79681396484375, 65.89876556396484, 62.16864776611328)
(262.7611999511719, 151.50172424316406, 65.89876556396484, 62.16864776611328)
(262.1342468261719, 152.78421020507812, 65.89876556396484, 62.16864776611328)
(262.20904541015625, 155.4086456298828, 64.60663604736328, 60.94965362548828)
(262.273193359375, 158.73779296875, 64.60663604736328, 60.94965362548828)
(262.35400390625, 160.4481964111328, 64.60663604736328, 60.94965362548828)
(262.6605529785156, 162.85618591308594, 64.60663604736328, 60.94965362548828)
(262.413330078125, 164.22970581054688, 64.60663604736328, 60.94965362548828)
(262.24017333984375, 165.93458557128906, 64.60663604736328, 60.94965362548828)
(261.9706726074219, 167.16201782226562, 64.60663604736328, 60.94965362548828)
(261.47186279296875, 168.80496215820312, 64.60663604736328, 60.94965362548828)
(261.395263671875, 169.97918701171875, 64.60663604736328, 60.94965362548828)
(261.0101013183594, 170.80259704589844, 64.60663604736328, 60.94965362548828)
(260.24176025390625, 171.0123748779297, 64.60663604736328, 60.94965362548828)
(259.5021667480469, 172.1106719970703, 64.60663604736328, 60.94965362548828)
(259.0679016113281, 172.95156860351562, 64.60663604736328, 60.94965362548828)
(258.2775573730469, 173.4507598876953, 64.60663604736328, 60.94965362548828)
(257.9555358886719, 174.1864471435547, 64.60663604736328, 60.94965362548828)
(257.19683837890625, 174.25253295898438, 64.60663604736328, 60.94965362548828)
(257.0044250488281, 174.6984405517578, 64.60663604736328, 60.94965362548828)
(256.34881591796875, 174.64459228515625, 64.60663604736328, 60.94965362548828)
(256.0254211425781, 174.74603271484375, 64.60663604736328, 60.94965362548828)
(255.24191284179688, 174.9038543701172, 64.60663604736328, 60.94965362548828)
(254.60598754882812, 175.21177673339844, 64.60663604736328, 60.94965362548828)
(254.10653686523438, 175.8792724609375, 64.60663604736328, 60.94965362548828)
(253.28787231445312, 175.8894500732422, 64.60663604736328, 60.94965362548828)
