(328, 189, 53, 50)
(326.0, 188.0, 53.0, 50.0)
(325.0, 188.0, 53.0, 50.0)
(322.0, 187.0, 53.0, 50.0)
(320.0, 185.0, 53.0, 50.0)
(319.0, 185.0, 53.0, 50.0)
(317.0, 184.0, 53.0, 50.0)
(316.0, 182.0, 53.0, 50.0)
(315.0, 181.0, 53.0, 50.0)
(314.0, 181.0, 53.0, 50.0)
(312.0, 181.0, 53.0, 50.0)
(311.0, 179.0, 53.0, 50.0)
(309.0, 179.0, 53.0, 50.0)
(307.0, 178.0, 53.0, 50.0)
(306.0, 176.0, 53.0, 50.0)
(305.0, 175.0, 53.0, 50.0)
(303.0, 173.0, 53.0, 50.0)
(302.0, 171.0, 53.0, 50.0)
(301.0, 170.0, 53.0, 50.0)
(299.0, 169.0, 53.0, 50.0)
(298.0, 167.0, 53.0, 50.0)
(296.0, 166.0, 53.0, 50.0)
(295.0, 164.0, 53.0, 50.0)
(293.0, 163.0, 53.0, 50.0)
(293.0, 161.0, 53.0, 50.0)
(293.0, 159.0, 53.0, 50.0)
(291.0, 157.0, 53.0, 50.0)
(290.0, 157.0, 53.0, 50.0)
(289.0, 153.0, 53.0, 50.0)
(289.0, 151.0, 53.0, 50.0)
(288.0, 148.0, 53.0, 50.0)
(288.0, 147.0, 53.0, 50.0)
(288.0, 145.0, 53.0, 50.0)
(288.0, 143.0, 53.0, 50.0)
(286.0, 140.0, 53.0, 50.0)
(285.0, 138.0, 53.0, 50.0)
(285.0, 136.0, 53.0, 50.0)
(286.0, 134.0, 53.0, 50.0)
(286.0, 130.0, 53.0, 50.0)
(285.0, 130.0, 53.0, 50.0)
(286.0, 128.0, 53.0, 50.0)
(287.0, 125.0, 53.0, 50.0)
(286.0, 124.0, 53.0, 50.0)
(286.0, 123.0, 53.0, 50.0)
(287.0, 120.0, 53.0, 50.0)
(287.0, 119.0, 53.0, 50.0)
(288.0, 117.0, 53.0, 50.0)
(288.0, 117.0, 53.0, 50.0)
(288.0, 117.0, 53.0, 50.0)
(288.0, 116.0, 53.0, 50.0)
(288.0, 115.0, 53.0, 50.0)
(289.0, 114.0, 53.0, 50.0)
(289.0, 114.0, 53.0, 50.0)
(289.0, 114.0, 53.0, 50.0)
(289.0, 113.0, 53.0, 50.0)
(289.0, 113.0, 53.0, 50.0)
(288.0, 113.0, 53.0, 50.0)
(288.0, 112.0, 53.0, 50.0)
(290.0, 110.0, 53.0, 50.0)
(289.0, 112.0, 53.0, 50.0)
(290.0, 110.0, 53.0, 50.0)
(290.0, 112.0, 53.0, 50.0)
(294.0, 109.0, 53.0, 50.0)
(292.0, 110.0, 53.0, 50.0)
(293.0, 108.0, 53.0, 50.0)
(294.0, 107.0, 53.0, 50.0)
(294.0, 107.0, 53.0, 50.0)
(293.0, 106.0, 53.0, 50.0)
(294.0, 107.0, 53.0, 50.0)
(296.0, 107.0, 53.0, 50.0)
(297.0, 105.0, 53.0, 50.0)
(297.0, 105.0, 53.0, 50.0)
(299.0, 105.0, 53.0, 50.0)
(301.0, 105.0, 53.0, 50.0)
(302.0, 104.0, 53.0, 50.0)
(303.0, 104.0, 53.0, 50.0)
(304.0, 103.0, 53.0, 50.0)
(305.0, 103.0, 53.0, 50.0)
(306.0, 102.0, 53.0, 50.0)
(307.0, 101.0, 53.0, 50.0)
(307.0, 101.0, 53.0, 50.0)
(307.0, 99.0, 53.0, 50.0)
(309.0, 99.0, 53.0, 50.0)
(306.0, 97.0, 53.0, 50.0)
(310.0, 98.0, 53.0, 50.0)
(310.0, 97.0, 53.0, 50.0)
(311.0, 96.0, 53.0, 50.0)
(311.0, 95.0, 53.0, 50.0)
(311.0, 97.0, 53.0, 50.0)
(312.0, 94.0, 53.0, 50.0)
(312.0, 94.0, 53.0, 50.0)
(311.0, 93.0, 53.0, 50.0)
(311.0, 90.0, 53.0, 50.0)
(313.0, 90.0, 53.0, 50.0)
(312.0, 87.0, 53.0, 50.0)
(313.0, 89.0, 53.0, 50.0)
(313.0, 88.0, 53.0, 50.0)
(312.0, 86.0, 53.0, 50.0)
(312.0, 88.0, 53.0, 50.0)
(312.0, 84.0, 53.0, 50.0)
(313.0, 87.0, 53.0, 50.0)
(312.0, 87.0, 53.0, 50.0)
(312.0, 84.0, 53.0, 50.0)
(311.0, 83.0, 53.0, 50.0)
(311.0, 83.0, 53.0, 50.0)
(312.0, 83.0, 53.0, 50.0)
(311.0, 83.0, 53.0, 50.0)
(312.0, 83.0, 53.0, 50.0)
(312.0, 83.0, 53.0, 50.0)
(312.0, 83.0, 53.0, 50.0)
(312.0, 83.0, 53.0, 50.0)
(312.0, 84.0, 53.0, 50.0)
(312.0, 84.0, 53.0, 50.0)
(312.0, 84.0, 53.0, 50.0)
(313.0, 84.0, 53.0, 50.0)
(312.0, 85.0, 53.0, 50.0)
(313.0, 85.0, 53.0, 50.0)
(312.0, 85.0, 53.0, 50.0)
(313.0, 84.0, 53.0, 50.0)
(313.0, 85.0, 53.0, 50.0)
(314.0, 85.0, 53.0, 50.0)
(313.0, 86.0, 53.0, 50.0)
(314.0, 86.0, 53.0, 50.0)
(312.0, 88.0, 53.0, 50.0)
(312.0, 88.0, 53.0, 50.0)
(312.0, 88.0, 53.0, 50.0)
(312.0, 89.0, 53.0, 50.0)
(312.0, 89.0, 53.0, 50.0)
(310.0, 90.0, 53.0, 50.0)
(311.0, 90.0, 53.0, 50.0)
(309.0, 91.0, 53.0, 50.0)
(309.0, 92.0, 53.0, 50.0)
(308.0, 92.0, 53.0, 50.0)
(308.0, 94.0, 53.0, 50.0)
(309.0, 93.0, 53.0, 50.0)
(307.0, 94.0, 53.0, 50.0)
(306.0, 94.0, 53.0, 50.0)
(306.0, 95.0, 53.0, 50.0)
(306.0, 95.0, 53.0, 50.0)
(306.0, 96.0, 53.0, 50.0)
(306.0, 97.0, 53.0, 50.0)
(305.0, 96.0, 53.0, 50.0)
(305.0, 97.0, 53.0, 50.0)
(304.0, 98.0, 53.0, 50.0)
(303.0, 98.0, 53.0, 50.0)
(302.0, 98.0, 53.0, 50.0)
(302.0, 98.0, 53.0, 50.0)
(299.0, 98.0, 53.0, 50.0)
(301.0, 99.0, 53.0, 50.0)
(300.0, 100.0, 53.0, 50.0)
(299.0, 100.0, 53.0, 50.0)
(300.0, 99.0, 53.0, 50.0)
(300.0, 101.0, 53.0, 50.0)
(301.0, 101.0, 53.0, 50.0)
(301.0, 101.0, 53.0, 50.0)
(297.0, 103.0, 53.0, 50.0)
(296.0, 103.0, 53.0, 50.0)
(298.0, 103.0, 53.0, 50.0)
(295.0, 104.0, 53.0, 50.0)
(295.0, 105.0, 53.0, 50.0)
(295.0, 105.0, 53.0, 50.0)
(294.0, 106.0, 53.0, 50.0)
(295.0, 106.0, 53.0, 50.0)
(296.0, 105.0, 53.0, 50.0)
(297.0, 106.0, 53.0, 50.0)
(296.0, 107.0, 53.0, 50.0)
(293.0, 109.0, 53.0, 50.0)
(293.0, 110.0, 53.0, 50.0)
(292.0, 111.0, 53.0, 50.0)
(292.0, 111.0, 53.0, 50.0)
(291.0, 113.0, 53.0, 50.0)
(291.0, 113.0, 53.0, 50.0)
(290.0, 115.0, 53.0, 50.0)
(290.0, 115.0, 53.0, 50.0)
(288.0, 116.0, 53.0, 50.0)
(287.0, 114.0, 53.0, 50.0)
(288.0, 117.0, 53.0, 50.0)
(286.0, 116.0, 53.0, 50.0)
(285.0, 116.0, 53.0, 50.0)
(285.0, 117.0, 53.0, 50.0)
(283.0, 118.0, 53.0, 50.0)
(282.0, 119.0, 53.0, 50.0)
(281.0, 119.0, 53.0, 50.0)
(281.0, 120.0, 53.0, 50.0)
(281.0, 121.0, 53.0, 50.0)
(281.0, 122.0, 53.0, 50.0)
(280.0, 123.0, 53.0, 50.0)
(279.0, 124.0, 53.0, 50.0)
(279.0, 125.0, 53.0, 50.0)
(278.0, 125.0, 53.0, 50.0)
(278.0, 127.0, 53.0, 50.0)
(277.0, 128.0, 53.0, 50.0)
(276.0, 130.0, 53.0, 50.0)
(276.0, 132.0, 53.0, 50.0)
(275.0, 133.0, 53.0, 50.0)
(274.0, 136.0, 53.0, 50.0)
(273.0, 137.0, 53.0, 50.0)
(273.0, 139.0, 53.0, 50.0)
(271.0, 142.0, 53.0, 50.0)
(271.0, 143.0, 53.0, 50.0)
(269.0, 146.0, 53.0, 50.0)
(270.0, 147.0, 53.0, 50.0)
(269.0, 150.0, 53.0, 50.0)
(269.0, 151.0, 53.0, 50.0)
(268.0, 153.0, 53.0, 50.0)
(268.0, 155.0, 53.0, 50.0)
(268.0, 157.0, 53.0, 50.0)
(268.0, 159.0, 53.0, 50.0)
(268.0, 160.0, 53.0, 50.0)
(268.0, 162.0, 53.0, 50.0)
(269.0, 164.0, 53.0, 50.0)
(268.0, 166.0, 53.0, 50.0)
(269.0, 167.0, 53.0, 50.0)
(269.0, 168.0, 53.0, 50.0)
(268.0, 168.0, 53.0, 50.0)
(267.0, 168.0, 53.0, 50.0)
(266.0, 168.0, 53.0, 50.0)
(266.0, 169.0, 53.0, 50.0)
(266.0, 169.0, 53.0, 50.0)
(264.0, 170.0, 53.0, 50.0)
(267.0, 171.0, 53.0, 50.0)
(265.0, 171.0, 53.0, 50.0)
(266.0, 172.0, 53.0, 50.0)
(264.0, 171.0, 53.0, 50.0)
(263.0, 171.0, 53.0, 50.0)
(261.0, 171.0, 53.0, 50.0)
(260.0, 172.0, 53.0, 50.0)
(259.0, 172.0, 53.0, 50.0)
