(65, 65, 70, 270)
(68.0, 63.0, 70.0, 270.0)
(71.0, 63.0, 70.0, 270.0)
(74.0, 63.0, 70.0, 270.0)
(77.0, 63.0, 70.0, 270.0)
(80.0, 63.0, 70.0, 270.0)
(83.0, 63.0, 70.0, 270.0)
(86.0, 63.0, 70.0, 270.0)
(89.0, 66.0, 70.0, 270.0)
(92.0, 66.0, 70.0, 270.0)
(94.0, 66.0, 70.0, 270.0)
(97.0, 66.0, 70.0, 270.0)
(100.0, 66.0, 70.0, 270.0)
(103.0, 66.0, 70.0, 270.0)
(106.0, 69.0, 70.0, 270.0)
(109.0, 69.0, 70.0, 270.0)
(112.0, 69.0, 70.0, 270.0)
(115.0, 69.0, 70.0, 270.0)
(118.0, 69.0, 70.0, 270.0)
(121.0, 69.0, 70.0, 270.0)
(123.0, 72.0, 70.0, 270.0)
(126.0, 72.0, 70.0, 270.0)
(128.0, 72.0, 70.0, 270.0)
(131.0, 72.0, 70.0, 270.0)
(134.0, 72.0, 70.0, 270.0)
(137.0, 72.0, 70.0, 270.0)
(140.0, 72.0, 70.0, 270.0)
(142.0, 72.0, 70.0, 270.0)
(144.0, 72.0, 70.0, 270.0)
(148.0, 69.0, 70.0, 270.0)
(150.0, 72.0, 70.0, 270.0)
(153.0, 72.0, 70.0, 270.0)
(155.0, 72.0, 70.0, 270.0)
(158.0, 72.0, 70.0, 270.0)
(160.0, 72.0, 70.0, 270.0)
(163.0, 72.0, 70.0, 270.0)
(166.0, 72.0, 70.0, 270.0)
(168.0, 72.0, 70.0, 270.0)
(169.0, 72.0, 70.0, 270.0)
(172.0, 72.0, 70.0, 270.0)
(174.0, 72.0, 70.0, 270.0)
(177.0, 72.0, 70.0, 270.0)
(179.0, 72.0, 70.0, 270.0)
(181.0, 72.0, 70.0, 270.0)
(184.0, 72.0, 70.0, 270.0)
(185.0, 72.0, 70.0, 270.0)
(186.0, 75.0, 70.0, 270.0)
(188.0, 75.0, 70.0, 270.0)
(190.0, 75.0, 70.0, 270.0)
(192.0, 75.0, 70.0, 270.0)
(194.0, 75.0, 70.0, 270.0)
(196.0, 75.0, 70.0, 270.0)
(199.0, 75.0, 70.0, 270.0)
(201.0, 75.0, 70.0, 270.0)
(203.0, 75.0, 70.0, 270.0)
(205.0, 75.0, 70.0, 270.0)
(206.0, 72.0, 70.0, 270.0)
(208.0, 75.0, 70.0, 270.0)
(209.0, 75.0, 70.0, 270.0)
(211.0, 75.0, 70.0, 270.0)
(213.0, 75.0, 70.0, 270.0)
(214.0, 75.0, 70.0, 270.0)
(216.0, 75.0, 70.0, 270.0)
(217.0, 75.0, 70.0, 270.0)
(219.0, 75.0, 70.0, 270.0)
(220.0, 75.0, 70.0, 270.0)
(221.0, 75.0, 70.0, 270.0)
(223.0, 75.0, 70.0, 270.0)
(225.0, 75.0, 70.0, 270.0)
(226.0, 75.0, 70.0, 270.0)
(227.0, 75.0, 70.0, 270.0)
(227.0, 75.0, 70.0, 270.0)
(228.0, 75.0, 70.0, 270.0)
(230.0, 75.0, 70.0, 270.0)
(231.0, 75.0, 70.0, 270.0)
(234.0, 75.0, 70.0, 270.0)
(206.0, 0.0, 70.0, 270.0)
(207.0, 3.0, 70.0, 270.0)
(208.0, 6.0, 70.0, 270.0)
(209.0, 9.0, 70.0, 270.0)
(211.0, 3.0, 70.0, 270.0)
(212.0, 18.0, 70.0, 270.0)
(213.0, 18.0, 70.0, 270.0)
(214.0, 18.0, 70.0, 270.0)
(216.0, 18.0, 70.0, 270.0)
(217.0, 21.0, 70.0, 270.0)
(218.0, 21.0, 70.0, 270.0)
(220.0, 18.0, 70.0, 270.0)
(221.0, 18.0, 70.0, 270.0)
(222.0, 18.0, 70.0, 270.0)
(214.0, 15.0, 70.0, 270.0)
(215.0, 15.0, 70.0, 270.0)
(216.0, 18.0, 70.0, 270.0)
(217.0, 18.0, 70.0, 270.0)
(218.0, 18.0, 70.0, 270.0)
(218.0, 21.0, 70.0, 270.0)
(220.0, 21.0, 70.0, 270.0)
(220.0, 24.0, 70.0, 270.0)
(221.0, 24.0, 70.0, 270.0)
(222.0, 24.0, 70.0, 270.0)
(223.0, 27.0, 70.0, 270.0)
(224.0, 27.0, 70.0, 270.0)
(223.0, 30.0, 70.0, 270.0)
(223.0, 30.0, 70.0, 270.0)
(221.0, 18.0, 70.0, 270.0)
(222.0, 18.0, 70.0, 270.0)
(224.0, 18.0, 70.0, 270.0)
(225.0, 21.0, 70.0, 270.0)
(226.0, 21.0, 70.0, 270.0)
(227.0, 21.0, 70.0, 270.0)
(234.0, 30.0, 70.0, 270.0)
(234.0, 30.0, 70.0, 270.0)
(234.0, 27.0, 70.0, 270.0)
(234.0, 30.0, 70.0, 270.0)
(237.0, 30.0, 70.0, 270.0)
(239.0, 24.0, 70.0, 270.0)
(240.0, 12.0, 70.0, 270.0)
(240.0, 12.0, 70.0, 270.0)
(240.0, 9.0, 70.0, 270.0)
(240.0, 9.0, 70.0, 270.0)
(239.0, 9.0, 70.0, 270.0)
(239.0, 9.0, 70.0, 270.0)
(239.0, 9.0, 70.0, 270.0)
(239.0, 9.0, 70.0, 270.0)
(239.0, 9.0, 70.0, 270.0)
(239.0, 9.0, 70.0, 270.0)
(239.0, 9.0, 70.0, 270.0)
(239.0, 9.0, 70.0, 270.0)
(238.0, 12.0, 70.0, 270.0)
(239.0, 9.0, 70.0, 270.0)
(238.0, 12.0, 70.0, 270.0)
(238.0, 15.0, 70.0, 270.0)
(238.0, 15.0, 70.0, 270.0)
(238.0, 15.0, 70.0, 270.0)
(243.0, 9.0, 70.0, 270.0)
(244.0, 3.0, 70.0, 270.0)
(246.0, 3.0, 70.0, 270.0)
(246.0, 0.0, 70.0, 270.0)
(247.0, 0.0, 70.0, 270.0)
(246.0, 9.0, 70.0, 270.0)
(247.0, 12.0, 70.0, 270.0)
(247.0, 12.0, 70.0, 270.0)
(251.0, 0.0, 70.0, 270.0)
(249.0, 18.0, 70.0, 270.0)
(249.0, 18.0, 70.0, 270.0)
(251.0, 18.0, 70.0, 270.0)
(256.0, 9.0, 70.0, 270.0)
(259.0, 0.0, 70.0, 270.0)
(261.0, 3.0, 70.0, 270.0)
(262.0, 0.0, 70.0, 270.0)
(264.0, 6.0, 70.0, 270.0)
(265.0, 9.0, 70.0, 270.0)
(266.0, 9.0, 70.0, 270.0)
(267.0, 9.0, 70.0, 270.0)
(268.0, 12.0, 70.0, 270.0)
(270.0, 9.0, 70.0, 270.0)
(271.0, 3.0, 70.0, 270.0)
(272.0, 6.0, 70.0, 270.0)
(270.0, 15.0, 70.0, 270.0)
(272.0, 9.0, 70.0, 270.0)
(272.0, 12.0, 70.0, 270.0)
(272.0, 12.0, 70.0, 270.0)
(272.0, 12.0, 70.0, 270.0)
(273.0, 12.0, 70.0, 270.0)
(273.0, 12.0, 70.0, 270.0)
(274.0, 9.0, 70.0, 270.0)
(274.0, 12.0, 70.0, 270.0)
(274.0, 12.0, 70.0, 270.0)
(275.0, 12.0, 70.0, 270.0)
(276.0, 12.0, 70.0, 270.0)
(277.0, 9.0, 70.0, 270.0)
(277.0, 12.0, 70.0, 270.0)
(278.0, 9.0, 70.0, 270.0)
(279.0, 9.0, 70.0, 270.0)
(279.0, 9.0, 70.0, 270.0)
(280.0, 9.0, 70.0, 270.0)
(280.0, 9.0, 70.0, 270.0)
(281.0, 9.0, 70.0, 270.0)
(282.0, 6.0, 70.0, 270.0)
(284.0, 0.0, 70.0, 270.0)
(284.0, 3.0, 70.0, 270.0)
(285.0, 0.0, 70.0, 270.0)
(285.0, 0.0, 70.0, 270.0)
(286.0, 0.0, 70.0, 270.0)
(287.0, 0.0, 70.0, 270.0)
(288.0, 0.0, 70.0, 270.0)
(288.0, 0.0, 70.0, 270.0)
(289.0, 0.0, 70.0, 270.0)
(289.0, 3.0, 70.0, 270.0)
(285.0, 21.0, 70.0, 270.0)
(290.0, 6.0, 70.0, 270.0)
(291.0, 0.0, 70.0, 270.0)
(293.0, 0.0, 70.0, 270.0)
(292.0, 3.0, 70.0, 270.0)
(292.0, 9.0, 70.0, 270.0)
(293.0, 6.0, 70.0, 270.0)
(291.0, 15.0, 70.0, 270.0)
(292.0, 15.0, 70.0, 270.0)
(292.0, 15.0, 70.0, 270.0)
(293.0, 18.0, 70.0, 270.0)
(293.0, 18.0, 70.0, 270.0)
(293.0, 21.0, 70.0, 270.0)
(292.0, 18.0, 70.0, 270.0)
(293.0, 21.0, 70.0, 270.0)
(291.0, 18.0, 70.0, 270.0)
(291.0, 18.0, 70.0, 270.0)
(292.0, 18.0, 70.0, 270.0)
(293.0, 21.0, 70.0, 270.0)
(300.0, 6.0, 70.0, 270.0)
(300.0, 9.0, 70.0, 270.0)
(299.0, 12.0, 70.0, 270.0)
(298.0, 18.0, 70.0, 270.0)
(296.0, 30.0, 70.0, 270.0)
(301.0, 0.0, 70.0, 270.0)
(300.0, 6.0, 70.0, 270.0)
(300.0, 0.0, 70.0, 270.0)
(301.0, 0.0, 70.0, 270.0)
(302.0, 9.0, 70.0, 270.0)
(302.0, 9.0, 70.0, 270.0)
(301.0, 12.0, 70.0, 270.0)
(301.0, 12.0, 70.0, 270.0)
(301.0, 12.0, 70.0, 270.0)
(301.0, 12.0, 70.0, 270.0)
(301.0, 12.0, 70.0, 270.0)
(301.0, 12.0, 70.0, 270.0)
(301.0, 15.0, 70.0, 270.0)
(301.0, 12.0, 70.0, 270.0)
(301.0, 12.0, 70.0, 270.0)
(302.0, 9.0, 70.0, 270.0)
(302.0, 12.0, 70.0, 270.0)
(302.0, 9.0, 70.0, 270.0)
(302.0, 12.0, 70.0, 270.0)
(302.0, 12.0, 70.0, 270.0)
(301.0, 24.0, 70.0, 270.0)
(303.0, 15.0, 70.0, 270.0)
(302.0, 21.0, 70.0, 270.0)
(302.0, 24.0, 70.0, 270.0)
(302.0, 24.0, 70.0, 270.0)
(302.0, 24.0, 70.0, 270.0)
(302.0, 24.0, 70.0, 270.0)
(303.0, 24.0, 70.0, 270.0)
(303.0, 24.0, 70.0, 270.0)
(302.0, 24.0, 70.0, 270.0)
(302.0, 24.0, 70.0, 270.0)
(302.0, 24.0, 70.0, 270.0)
(302.0, 24.0, 70.0, 270.0)
(303.0, 24.0, 70.0, 270.0)
(303.0, 24.0, 70.0, 270.0)
(302.0, 24.0, 70.0, 270.0)
(302.0, 24.0, 70.0, 270.0)
(302.0, 24.0, 70.0, 270.0)
(301.0, 27.0, 70.0, 270.0)
(301.0, 27.0, 70.0, 270.0)
(301.0, 21.0, 70.0, 270.0)
(300.0, 24.0, 70.0, 270.0)
(301.0, 21.0, 70.0, 270.0)
(302.0, 21.0, 70.0, 270.0)
(300.0, 24.0, 70.0, 270.0)
(300.0, 27.0, 70.0, 270.0)
(300.0, 27.0, 70.0, 270.0)
(301.0, 21.0, 70.0, 270.0)
(302.0, 21.0, 70.0, 270.0)
(303.0, 24.0, 70.0, 270.0)
(300.0, 27.0, 70.0, 270.0)
(301.0, 27.0, 70.0, 270.0)
(303.0, 27.0, 70.0, 270.0)
(302.0, 27.0, 70.0, 270.0)
(301.0, 24.0, 70.0, 270.0)
(306.0, 12.0, 70.0, 270.0)
(303.0, 15.0, 70.0, 270.0)
(304.0, 15.0, 70.0, 270.0)
(304.0, 15.0, 70.0, 270.0)
(302.0, 30.0, 70.0, 270.0)
(302.0, 27.0, 70.0, 270.0)
(303.0, 27.0, 70.0, 270.0)
(302.0, 27.0, 70.0, 270.0)
(303.0, 18.0, 70.0, 270.0)
(304.0, 18.0, 70.0, 270.0)
(305.0, 18.0, 70.0, 270.0)
(305.0, 24.0, 70.0, 270.0)
(303.0, 24.0, 70.0, 270.0)
(304.0, 27.0, 70.0, 270.0)
(304.0, 27.0, 70.0, 270.0)
(304.0, 27.0, 70.0, 270.0)
(304.0, 27.0, 70.0, 270.0)
(304.0, 24.0, 70.0, 270.0)
(303.0, 24.0, 70.0, 270.0)
(303.0, 24.0, 70.0, 270.0)
(303.0, 24.0, 70.0, 270.0)
(309.0, 12.0, 70.0, 270.0)
(309.0, 12.0, 70.0, 270.0)
(309.0, 12.0, 70.0, 270.0)
(309.0, 12.0, 70.0, 270.0)
(309.0, 12.0, 70.0, 270.0)
(310.0, 12.0, 70.0, 270.0)
(308.0, 15.0, 70.0, 270.0)
(307.0, 15.0, 70.0, 270.0)
(308.0, 15.0, 70.0, 270.0)
(308.0, 15.0, 70.0, 270.0)
(307.0, 15.0, 70.0, 270.0)
(307.0, 15.0, 70.0, 270.0)
(308.0, 15.0, 70.0, 270.0)
(307.0, 18.0, 70.0, 270.0)
(311.0, 9.0, 70.0, 270.0)
(312.0, 0.0, 70.0, 270.0)
(308.0, 15.0, 70.0, 270.0)
(307.0, 15.0, 70.0, 270.0)
(307.0, 15.0, 70.0, 270.0)
(307.0, 12.0, 70.0, 270.0)
(307.0, 15.0, 70.0, 270.0)
(307.0, 15.0, 70.0, 270.0)
(307.0, 9.0, 70.0, 270.0)
(307.0, 12.0, 70.0, 270.0)
(307.0, 12.0, 70.0, 270.0)
(307.0, 12.0, 70.0, 270.0)
(307.0, 9.0, 70.0, 270.0)
(308.0, 9.0, 70.0, 270.0)
(306.0, 9.0, 70.0, 270.0)
(306.0, 9.0, 70.0, 270.0)
(306.0, 9.0, 70.0, 270.0)
(306.0, 9.0, 70.0, 270.0)
(306.0, 9.0, 70.0, 270.0)
(306.0, 9.0, 70.0, 270.0)
(305.0, 9.0, 70.0, 270.0)
(305.0, 9.0, 70.0, 270.0)
(305.0, 9.0, 70.0, 270.0)
(307.0, 6.0, 70.0, 270.0)
(306.0, 6.0, 70.0, 270.0)
(306.0, 6.0, 70.0, 270.0)
(305.0, 9.0, 70.0, 270.0)
(305.0, 9.0, 70.0, 270.0)
(305.0, 9.0, 70.0, 270.0)
(305.0, 9.0, 70.0, 270.0)
(307.0, 9.0, 70.0, 270.0)
(307.0, 9.0, 70.0, 270.0)
(307.0, 9.0, 70.0, 270.0)
(308.0, 9.0, 70.0, 270.0)
(305.0, 9.0, 70.0, 270.0)
(307.0, 6.0, 70.0, 270.0)
(307.0, 9.0, 70.0, 270.0)
(307.0, 9.0, 70.0, 270.0)
(308.0, 6.0, 70.0, 270.0)
(308.0, 6.0, 70.0, 270.0)
(308.0, 6.0, 70.0, 270.0)
(308.0, 6.0, 70.0, 270.0)
(308.0, 6.0, 70.0, 270.0)
(307.0, 9.0, 70.0, 270.0)
(308.0, 9.0, 70.0, 270.0)
(308.0, 9.0, 70.0, 270.0)
(308.0, 6.0, 70.0, 270.0)
(310.0, 6.0, 70.0, 270.0)
