(65, 65, 70, 270)
(57.33089279999999, 50.164531199999985, 71.66361599999999, 275.9049215999999)
(57.33089279999999, 50.164531199999985, 71.66361599999999, 275.9049215999999)
(60.435466780276954, 50.85110479970106, 71.26461818593043, 274.3687800158321)
(64.49725439999999, 50.164531199999985, 71.66361599999999, 275.9049215999999)
(71.66361599999999, 25.082265599999992, 71.66361599999999, 275.9049215999999)
(74.84104915426258, 25.575323963515444, 71.26445342682639, 274.3681456932815)
(78.82997759999998, 25.082265599999992, 71.66361599999999, 275.9049215999999)
(81.95249670691129, 25.49022133323942, 71.32144033500549, 274.58754528977107)
(85.11824035126938, 25.995203718266083, 71.03942204042994, 273.50177485565524)
(95.3856, 116.1216, 41.471999999999994, 159.66719999999998)
(98.52619537183213, 116.57124236313328, 41.24861717869902, 158.80717613799123)
(101.6394395853768, 117.09561645063675, 41.038470914695594, 157.99811302157804)
(104.75282618343053, 117.4304809639834, 40.847037074056914, 157.26109273511912)
(107.82719999999999, 116.1216, 41.471999999999994, 159.66719999999998)
(110.88748030694272, 116.4220940605747, 41.34882250379033, 159.19296663959278)
(113.70115929946982, 116.67300216221177, 41.246679667661894, 158.7997167204983)
(116.1216, 116.1216, 41.471999999999994, 159.66719999999998)
(120.2688, 116.1216, 41.471999999999994, 159.66719999999998)
(120.2688, 116.1216, 41.471999999999994, 159.66719999999998)
(124.416, 116.1216, 41.471999999999994, 159.66719999999998)
(127.37806660838984, 116.3444769592687, 41.318084678728106, 159.0746260131032)
(130.20732819170632, 116.48062274827448, 41.23019444666544, 158.73624861966195)
(133.04409701654754, 116.77563166800493, 41.11662383799865, 158.2990017762948)
(135.74780637127043, 117.05778789731113, 40.958991505505985, 157.69211729619803)
(138.43176542679947, 117.11418547350033, 40.845528960854125, 157.2552864992884)
(140.83097380994306, 117.20111257160109, 40.741722790270124, 156.85563274254)
(143.36226168880273, 117.29826005316013, 40.64014556770699, 156.4645604356719)
(136.16087039999996, 25.082265599999992, 71.66361599999999, 275.9049215999999)
(138.6601019287395, 25.589378549367922, 71.3675150030678, 274.76493276181094)
(143.32723199999998, 25.082265599999992, 71.66361599999999, 275.9049215999999)
(145.98330223987224, 25.559093893991616, 71.31541900170077, 274.5643631565479)
(148.60647985236486, 26.12465384344557, 70.92566167710619, 273.06379745685877)
(151.21097923740348, 26.666768727431162, 70.56009247245865, 271.6563560189657)
(153.84844498987684, 27.128030154482843, 70.23709578196508, 270.4128187605655)
(157.65995519999996, 25.082265599999992, 71.66361599999999, 275.9049215999999)
(160.20065576317856, 25.256881164233732, 71.43548635801778, 275.0266224783684)
(174.1824, 101.6064, 41.471999999999994, 159.66719999999998)
(176.58964376998128, 101.79575114565353, 41.30004480867024, 159.00517251338044)
(178.80943326322162, 101.9586727197753, 41.1665266132052, 158.49112746084003)
(181.04578934071012, 102.10632252740776, 41.0525028127204, 158.05213582897355)
(182.4768, 101.6064, 41.471999999999994, 159.66719999999998)
(184.52757238152202, 101.86077183170163, 41.28540274672156, 158.948800574878)
(186.624, 87.0912, 41.471999999999994, 159.66719999999998)
(188.48271481898922, 87.27212693103823, 41.30553471749029, 159.0263086623376)
(190.7712, 87.0912, 41.471999999999994, 159.66719999999998)
(192.77087808254626, 87.35265211560595, 41.25566385443867, 158.8343058395889)
(194.9184, 101.6064, 41.471999999999994, 159.66719999999998)
(191.10297599999996, 41.80377599999999, 59.71967999999998, 229.92076799999995)
(185.13100799999995, 20.901887999999996, 59.71967999999998, 229.92076799999995)
(197.07494399999996, 41.80377599999999, 59.71967999999998, 229.92076799999995)
(199.0985643924183, 42.197996676337965, 59.468154547194544, 228.95239500669902)
(201.11663639632565, 42.56176792214292, 59.265598185864256, 228.1725530155774)
(215.65439999999998, 101.6064, 41.471999999999994, 159.66719999999998)
(217.6005391617674, 101.65939420175967, 41.33555053388702, 159.14186955546504)
(219.455135355251, 101.66321106766769, 41.23634349848229, 158.7599224691568)
(210.81599999999997, 120.95999999999998, 34.559999999999995, 133.05599999999998)
(212.86571351148442, 121.07807090837527, 34.40838791843735, 132.47229348598378)
(214.27199999999996, 120.95999999999998, 34.559999999999995, 133.05599999999998)
(216.2079525823588, 120.967999656437, 34.46537755012606, 132.69170356798531)
(218.2176540239284, 120.9951550465678, 34.39650567284625, 132.4265468404581)
(220.22687585914377, 121.19706383626814, 34.243784658665476, 131.8385709358621)
(224.64, 100.8, 28.799999999999997, 110.88)
(227.51999999999998, 100.8, 28.799999999999997, 110.88)
(229.13249170972537, 100.87863789750627, 28.707447610822644, 110.52367330166717)
(230.7609719469785, 100.97034339052061, 28.59202766366016, 110.07930650509161)
(232.29407977680347, 100.90935905719745, 28.437570426861722, 109.48464614341762)
(233.6748233099279, 100.82012675005848, 28.404293809831643, 109.35653116785181)
(235.06500432729396, 100.88597723137094, 28.274078259474514, 108.85520129897688)
(236.5163586260792, 101.20660830439924, 28.067994417763387, 108.06177850838904)
(237.8627290251857, 101.1922415797288, 28.01185029923789, 107.84562365206587)
(210.0, 161.0, 20.0, 77.0)
(210.0, 161.0, 20.0, 77.0)
(211.20574825897063, 160.73851980460523, 20.00284064026189, 77.01093646500827)
(212.42629083875744, 160.1623546779466, 20.16011363498513, 77.61643749469275)
(213.6836745290833, 159.5313664499102, 20.351553529724008, 78.35348108943742)
(215.30545772853628, 159.46486723533343, 20.286484445271185, 78.10296511429405)
(216.59561277536636, 159.04494100278743, 20.34371707622041, 78.32331074344857)
(217.96038130844792, 158.47078117839368, 20.47819368193227, 78.84104567543923)
(219.33301829090104, 158.41500158451979, 20.35202982444792, 78.35531482412449)
(220.7688765084234, 157.97251548455418, 20.39823636303598, 78.53320999768852)
(222.0686130188243, 157.86158100565228, 20.380062170359206, 78.46323935588293)
(223.2248570840328, 157.66405678341397, 20.366249577051597, 78.41006087164864)
(224.42874570781802, 157.2522323306902, 20.331763345106157, 78.2772888786587)
(225.65252328933764, 157.0316165957126, 20.27098796722316, 78.04330367380916)
(227.05638523075598, 157.27411324400137, 20.03626213126146, 77.13960920535662)
(228.29024301694815, 157.27141854066542, 19.938602711220888, 76.76362043820042)
(229.41095710617907, 156.8667677597904, 20.006317599165286, 77.02432275678636)
(230.40137249574178, 156.8770284933715, 19.95525061398517, 76.82771486384293)
(231.4764402491371, 156.59757506476868, 19.953049067155476, 76.8192389085486)
(232.4853505045446, 156.5411557474284, 19.88687345380139, 76.56446279713536)
(233.3611438071048, 156.43069830457029, 19.884249251024777, 76.5543596164454)
(234.41357959081736, 156.57448357308434, 19.712208494146527, 75.89200270246413)
(235.59814377322198, 156.7197663687015, 19.564881887149795, 75.3247952655267)
(236.81520001436135, 156.78546257543283, 19.44056859920697, 74.84618910694682)
(237.93575793733615, 156.70447660671783, 19.40373742122613, 74.70438907172058)
(239.14767617448592, 156.56715175199548, 19.369900336575, 74.57411629581374)
(240.3842193327875, 156.63918057319967, 19.2941376283703, 74.28242986922564)
(241.49529020855428, 156.40702790168882, 19.322026394414898, 74.38980161849734)
(242.59410048075006, 156.26048478789943, 19.31747530803115, 74.3722799359199)
(243.69035978509723, 156.1564912822435, 19.293139072383646, 74.27858542867702)
(244.8348886085939, 156.34728699391655, 19.157157597265346, 73.75505674947158)
(246.1393493547772, 156.38674602297237, 19.025408956461177, 73.24782448237553)
(247.5323855303349, 156.2628350791428, 19.009600277220866, 73.18696106730035)
(248.79126126566476, 156.3053646618718, 18.923031667889234, 72.85367192137356)
(249.8632155202852, 156.4502443771214, 18.75507530708587, 72.20703993228062)
(528.0, 266.0, 20.0, 77.0)
(534.0, 266.0, 20.0, 77.0)
(514.0, 266.0, 20.0, 77.0)
(513.9674347041286, 266.82740681401975, 19.153997779242996, 73.74289145008554)
(513.1465057844008, 266.70343325627135, 18.832720853073333, 72.50597528433234)
(512.7199514443959, 265.85775513856083, 18.862892521364497, 72.6221362072533)
(524.0, 266.0, 20.0, 77.0)
(523.9775962879211, 264.47253019335943, 20.39240263900159, 78.51075016015612)
(523.710841295766, 263.4136356561795, 20.66187453737427, 79.54821696889096)
(534.0, 266.0, 20.0, 77.0)
(534.0, 266.0, 20.0, 77.0)
(534.0, 266.0, 20.0, 77.0)
(500.0, 266.0, 20.0, 77.0)
(510.0, 266.0, 20.0, 77.0)
(516.0, 266.0, 20.0, 77.0)
(518.0, 266.0, 20.0, 77.0)
(520.0, 266.0, 20.0, 77.0)
(528.0, 266.0, 20.0, 77.0)
(528.1297168460808, 265.58455847801633, 19.87978749924476, 76.53718187209232)
(527.9555859693371, 263.8384923711079, 20.422018979294577, 78.62477307028412)
(526.0, 259.0, 20.0, 77.0)
(526.0, 259.0, 20.0, 77.0)
(528.0, 259.0, 20.0, 77.0)
(536.0, 259.0, 20.0, 77.0)
(526.0, 259.0, 20.0, 77.0)
(528.0, 259.0, 20.0, 77.0)
(526.0, 259.0, 20.0, 77.0)
(556.0, 259.0, 20.0, 77.0)
(542.4, 243.6, 24.0, 92.39999999999999)
(542.4, 243.6, 24.0, 92.39999999999999)
(556.8, 243.6, 24.0, 92.39999999999999)
(559.1999999999999, 243.6, 24.0, 92.39999999999999)
(556.0, 252.0, 20.0, 77.0)
(562.0, 252.0, 20.0, 77.0)
(566.0, 252.0, 20.0, 77.0)
(568.0, 252.0, 20.0, 77.0)
(574.0, 259.0, 20.0, 77.0)
(152.0, 259.0, 20.0, 77.0)
(154.0, 266.0, 20.0, 77.0)
(154.0, 259.0, 20.0, 77.0)
(155.49170287181357, 258.487753627283, 20.076591814966626, 77.2948784876215)
(157.31924558649052, 258.0237762941213, 20.060605506706462, 77.23333120081988)
(159.1695532248451, 257.5260373619427, 20.053715815934808, 77.206805891349)
(258.0, 224.0, 20.0, 77.0)
(256.0, 224.0, 20.0, 77.0)
(458.0, 266.0, 20.0, 77.0)
(458.0629000817747, 265.81173700062374, 19.882225959497404, 76.54656994406501)
(458.2504258793408, 265.85602730025704, 19.68728911045901, 75.7960630752672)
(458.68774793523795, 264.9509614171212, 19.930259744758438, 76.73150001732)
(454.0, 259.0, 20.0, 77.0)
(454.2610745578222, 258.80171755298653, 19.881232232011868, 76.54274409324569)
(454.510415097517, 258.5916331596201, 19.69462390652853, 75.82430204013484)
(400.0, 259.0, 20.0, 77.0)
(400.0, 259.0, 20.0, 77.0)
(180.0, 259.0, 20.0, 77.0)
(182.0, 259.0, 20.0, 77.0)
(324.864, 108.86399999999999, 34.559999999999995, 133.05599999999998)
(324.864, 108.86399999999999, 34.559999999999995, 133.05599999999998)
(192.0, 259.0, 20.0, 77.0)
(124.0, 266.0, 20.0, 77.0)
(127.60996949203653, 265.661592078032, 19.783173808895707, 76.16521916424848)
(130.47131340010134, 265.05768784649365, 19.640838775969222, 75.6172292874815)
(132.99542915133546, 264.5510610613769, 19.552522434633747, 75.27721137333992)
(135.35634401902828, 263.60598819396205, 19.674396922880913, 75.7464281530915)
(32.0, 259.0, 20.0, 77.0)
(122.0, 252.0, 20.0, 77.0)
(123.78001847866982, 251.9824801699784, 19.73198574773849, 75.9681451287932)
(136.0, 259.0, 20.0, 77.0)
(166.0, 252.0, 20.0, 77.0)
(167.69750213284365, 251.24397429116, 20.048950202086132, 77.18845827803162)
(172.0, 252.0, 20.0, 77.0)
(174.0, 252.0, 20.0, 77.0)
(175.9640301427014, 251.8626612215195, 19.736459978269096, 75.98537091633601)
(177.77597285387867, 251.4188797647766, 19.681208589117688, 75.77265306810308)
(179.75507237642063, 250.69334761894604, 19.649157004971215, 75.64925446913917)
(224.0, 245.0, 20.0, 77.0)
(222.0, 245.0, 20.0, 77.0)
(224.0, 245.0, 20.0, 77.0)
(226.0, 245.0, 20.0, 77.0)
(228.04408630606275, 244.7740177092498, 19.89849120623388, 76.60919114400045)
(196.0, 245.0, 20.0, 77.0)
(198.2633543385755, 244.50415086733412, 20.058038637302083, 77.22344875361303)
(140.0, 245.0, 20.0, 77.0)
(141.5615918206391, 244.42803465264902, 20.149689283526484, 77.57630374157698)
(152.0, 245.0, 20.0, 77.0)
(156.0, 245.0, 20.0, 77.0)
(150.0, 245.0, 20.0, 77.0)
(148.0, 245.0, 20.0, 77.0)
(106.0, 245.0, 20.0, 77.0)
(108.63544107505267, 244.70115166068126, 19.85994670731655, 76.46079482316871)
(110.76749613951219, 244.30335142435337, 19.828884063749054, 76.34120364543386)
(120.0, 226.79999999999998, 24.0, 92.39999999999999)
(88.0, 245.0, 20.0, 77.0)
(180.0, 226.79999999999998, 24.0, 92.39999999999999)
(145.152, 193.53599999999997, 34.559999999999995, 133.05599999999998)
(180.0, 238.0, 20.0, 77.0)
(508.0319999999999, 181.43999999999997, 34.559999999999995, 133.05599999999998)
(507.5185416882071, 181.6224262222539, 34.35827892827312, 132.2793738738515)
(174.1824, 174.1824, 41.471999999999994, 159.66719999999998)
(152.64, 201.6, 28.799999999999997, 110.88)
(336.0, 117.6, 24.0, 92.39999999999999)
(336.40043292491924, 117.45670353462081, 23.974738398208338, 92.30274283310209)
(334.08, 100.8, 28.799999999999997, 110.88)
(334.42948359990265, 100.72094749805314, 28.703602380272727, 110.50886916405)
(179.712, 181.43999999999997, 34.559999999999995, 133.05599999999998)
(180.58577330833566, 181.22721907058832, 34.41224586379744, 132.48714657562016)
(181.52575371895733, 181.15901291417708, 34.3507664878666, 132.2504509782864)
(144.0, 210.0, 20.0, 77.0)
(320.0, 7.0, 20.0, 77.0)
(344.0, 119.0, 20.0, 77.0)
(344.0, 119.0, 20.0, 77.0)
(344.38495721295317, 119.03466553110009, 19.820326052609328, 76.30825530254592)
(344.4647786177373, 118.81429773322012, 19.816414444212963, 76.29319561021993)
(344.6312537456758, 118.69711692939669, 19.773686356304683, 76.12869247177305)
(166.0, 203.0, 20.0, 77.0)
(82.0, 14.0, 20.0, 77.0)
(82.0, 14.0, 20.0, 77.0)
(82.6890300582581, 15.155873939625685, 19.479422793640065, 74.99577775551425)
(82.0, 14.0, 20.0, 77.0)
(82.66486758958817, 15.04315925677966, 19.6263500259018, 75.56144759972193)
(83.16229258182179, 15.700814065135965, 19.521743571707983, 75.15871275107573)
(346.0, 119.0, 20.0, 77.0)
(72.0, 201.6, 28.799999999999997, 110.88)
(344.0, 119.0, 20.0, 77.0)
(344.1158338327622, 119.04394533303878, 19.94295391650685, 76.78037257855136)
(344.0, 119.0, 20.0, 77.0)
(344.0, 119.0, 20.0, 77.0)
(346.0, 119.0, 20.0, 77.0)
(344.0, 119.0, 20.0, 77.0)
(344.0, 119.0, 20.0, 77.0)
(344.0, 119.0, 20.0, 77.0)
(344.0431389914753, 118.99698111327358, 19.92238900923694, 76.70119768556222)
(344.0, 119.0, 20.0, 77.0)
(344.0, 119.0, 20.0, 77.0)
(344.0, 119.0, 20.0, 77.0)
(344.0, 119.0, 20.0, 77.0)
(344.1231824710719, 119.15429630635154, 19.898868212153012, 76.61064261678911)
(344.0, 119.0, 20.0, 77.0)
(344.0, 119.0, 20.0, 77.0)
(344.0, 119.0, 20.0, 77.0)
(344.0, 119.0, 20.0, 77.0)
(344.1176818117445, 119.11315340539198, 19.962573388229814, 76.85590754468477)
(344.14069903093724, 119.11678511066117, 19.956913705703617, 76.8341177669589)
(344.1718319851233, 119.23079218691406, 19.905084809050333, 76.63457651484376)
(344.17109397098415, 119.28165566646284, 19.873723923266063, 76.51383710457432)
(344.0, 119.0, 20.0, 77.0)
(344.01181219806926, 119.13411221647286, 19.932491326517756, 76.74009160709335)
(344.137371817905, 119.4704174486412, 19.77286378606504, 76.1255255763504)
(344.26120756705234, 119.60915255112027, 19.67039492448907, 75.7310204592829)
(344.32196373904475, 119.81141784771489, 19.571068859801112, 75.34861511023426)
(344.0, 119.0, 20.0, 77.0)
(344.0985091259589, 119.20222537542041, 19.869479550816507, 76.49749627064355)
(344.1354633560389, 119.1715758824196, 19.877419235187872, 76.52806405547331)
(344.2243146260607, 119.36943635305826, 19.766367085769243, 76.10051328021159)
(344.29492310556833, 119.43032624037359, 19.69595090800398, 75.82941099581532)
(346.0, 119.0, 20.0, 77.0)
(346.17675829404595, 119.24146913910806, 19.85082911503315, 76.42569209287763)
(346.2998975671553, 119.3973043029815, 19.75817605709565, 76.06897781981824)
(345.59999999999997, 109.2, 24.0, 92.39999999999999)
(345.59999999999997, 109.2, 24.0, 92.39999999999999)
(345.69652590076714, 109.28451686883255, 23.93554927268439, 92.15186469983489)
(348.0, 126.0, 20.0, 77.0)
(348.0, 126.0, 20.0, 77.0)
(348.0, 126.0, 20.0, 77.0)
(348.1496481645474, 125.99733378799962, 19.94179253809273, 76.77590127165702)
(346.0, 126.0, 20.0, 77.0)
(346.2034197785712, 126.00030939701072, 19.89583378270141, 76.59896006340043)
(346.2791619734373, 125.72141513826081, 19.95260134609422, 76.81751518246276)
(346.4568455744728, 125.79447634184727, 19.8758901498825, 76.52217707704764)
(346.4758888727134, 125.71851325491748, 19.841526697932473, 76.38987778704004)
(346.5329974415376, 125.79599843239035, 19.762770986065476, 76.0866682963521)
(348.0, 119.0, 20.0, 77.0)
(350.0, 126.0, 20.0, 77.0)
(350.0, 126.0, 20.0, 77.0)
(350.0, 126.0, 20.0, 77.0)
(350.0, 126.0, 20.0, 77.0)
(77.75999999999999, 171.35999999999999, 28.799999999999997, 110.88)
(77.75999999999999, 171.35999999999999, 28.799999999999997, 110.88)
(77.75999999999999, 171.35999999999999, 28.799999999999997, 110.88)
(78.55066695626553, 171.46878660028682, 28.626831065496283, 110.21329960216069)
(80.45423962792526, 171.76518779425786, 28.228636527840884, 108.6802506321874)
(83.52, 171.35999999999999, 28.799999999999997, 110.88)
(350.0, 126.0, 20.0, 77.0)
(350.0, 105.0, 20.0, 77.0)
(350.0, 105.0, 20.0, 77.0)
(350.0, 105.0, 20.0, 77.0)
(350.0, 126.0, 20.0, 77.0)
(350.2010481207651, 126.1852474231487, 19.870364695969837, 76.50090407948387)
(348.0, 100.8, 24.0, 92.39999999999999)
(480.0, 77.0, 20.0, 77.0)
(479.5431657738646, 77.6613481414881, 19.560641108520787, 75.30846826780503)
(350.0, 112.0, 20.0, 77.0)
(350.0005858522739, 111.98779096216265, 20.003314379436613, 77.01276036083097)
(350.0, 112.0, 20.0, 77.0)
(352.0, 112.0, 20.0, 77.0)
(351.9979798674719, 111.99352101271603, 20.003551983806204, 77.01367513765388)
(352.0, 112.0, 20.0, 77.0)
(352.0, 112.0, 20.0, 77.0)
(352.00245602151756, 112.01247844895585, 19.993073796808652, 76.97333411771332)
(352.0, 112.0, 20.0, 77.0)
(352.0, 112.0, 20.0, 77.0)
(351.99590460183765, 111.98195000223126, 20.00562731976217, 77.02166518108436)
(352.0, 112.0, 20.0, 77.0)
(352.0, 112.0, 20.0, 77.0)
(352.0, 112.0, 20.0, 77.0)
(352.0, 112.0, 20.0, 77.0)
(352.0, 112.0, 20.0, 77.0)
(351.9885957132732, 111.97865666748855, 20.005047342984845, 77.01943227049165)
(352.0, 112.0, 20.0, 77.0)
(351.81176984561404, 112.0029620684559, 19.939173931818765, 76.76581963750225)
(351.82359321873406, 112.01464492728238, 19.919280847688135, 76.68923126359932)
(351.7045572734784, 112.0323392040637, 19.903141312418203, 76.62709405281008)
(351.70136374521087, 112.19844225255804, 19.761518115046965, 76.08184474293081)
(351.7136523548201, 112.21232902211221, 19.742128884109732, 76.00719620382246)
(350.0, 112.0, 20.0, 77.0)
(350.0, 112.0, 20.0, 77.0)
(350.0, 112.0, 20.0, 77.0)
(350.0, 112.0, 20.0, 77.0)
(350.0, 112.0, 20.0, 77.0)
(350.00145757362037, 112.02287926708092, 19.986434217993676, 76.94777173927564)
(350.0, 112.0, 20.0, 77.0)
(350.02443802605313, 112.25596689346868, 19.846753830706206, 76.41000224821889)
(350.0, 112.0, 20.0, 77.0)
(349.9744154606283, 112.28294025828212, 19.870932262337206, 76.50308920999825)
(349.94873132911437, 112.43276316958062, 19.751859851536853, 76.04466042841689)
(349.9461094488579, 112.42656678825924, 19.75505893431541, 76.05697689711434)
(349.9611476401444, 112.66039155908729, 19.585944465804893, 75.40588619334885)
(349.99084558645063, 112.97589900148719, 19.451658436473778, 74.88888498042407)
(349.992022171721, 112.97575051005143, 19.451014250308102, 74.88640486368621)
(350.0223441846964, 113.17690493285853, 19.350331161857167, 74.49877497315012)
(350.0761562230186, 113.41901322619958, 19.277558159431628, 74.21859891381179)
(350.07187746165175, 113.40811097882404, 19.282880818884017, 74.23909115270348)
(350.12181785155985, 113.70626145433562, 19.158830117192736, 73.76149595119205)
(350.0, 112.0, 20.0, 77.0)
(350.00297164944874, 112.0093397151237, 19.991981505790037, 76.96912879729165)
(350.0, 112.0, 20.0, 77.0)
(350.0, 112.0, 20.0, 77.0)
(350.0, 112.0, 20.0, 77.0)
(350.0, 112.0, 20.0, 77.0)
(350.2624785063586, 112.26975855807441, 19.869940448220266, 76.49927072564803)
(350.27773583106256, 112.32368816199319, 19.840585466781135, 76.38625404710737)
(350.48431173394994, 112.58614177116615, 19.73093097545955, 75.96408425551927)
(350.6527781924701, 112.70807137670323, 19.649308117012932, 75.64983625049979)
(350.65883517129276, 112.73075521660604, 19.637468817570724, 75.60425494764729)
(350.8376874549829, 112.92371272951631, 19.54319198456539, 75.24128914057675)
