(207, 117, 29, 103)
(206.0, 112.0, 29.0, 103.0)
(204.0, 112.0, 29.0, 103.0)
(203.0, 110.0, 29.0, 103.0)
(202.0, 109.0, 29.0, 103.0)
(200.0, 109.0, 29.0, 103.0)
(201.0, 108.0, 29.0, 103.0)
(200.0, 106.0, 29.0, 103.0)
(203.0, 105.0, 29.0, 103.0)
(202.0, 103.0, 29.0, 103.0)
(203.0, 101.0, 29.0, 103.0)
(210.0, 104.0, 29.0, 103.0)
(212.0, 102.0, 29.0, 103.0)
(214.0, 102.0, 29.0, 103.0)
(214.0, 100.0, 29.0, 103.0)
(213.0, 101.0, 29.0, 103.0)
(210.0, 101.0, 29.0, 103.0)
(210.0, 102.0, 29.0, 103.0)
(209.0, 98.0, 29.0, 103.0)
(209.0, 98.0, 29.0, 103.0)
(208.0, 98.0, 29.0, 103.0)
(210.0, 97.0, 29.0, 103.0)
(210.0, 96.0, 29.0, 103.0)
(211.0, 96.0, 29.0, 103.0)
(212.0, 96.0, 29.0, 103.0)
(213.0, 96.0, 29.0, 103.0)
(211.0, 96.0, 29.0, 103.0)
(211.0, 96.0, 29.0, 103.0)
(211.0, 95.0, 29.0, 103.0)
(213.0, 94.0, 29.0, 103.0)
(212.0, 91.0, 29.0, 103.0)
(215.0, 91.0, 29.0, 103.0)
(217.0, 89.0, 29.0, 103.0)
(217.0, 88.0, 29.0, 103.0)
(219.0, 88.0, 29.0, 103.0)
(219.0, 89.0, 29.0, 103.0)
(219.0, 88.0, 29.0, 103.0)
(215.0, 88.0, 29.0, 103.0)
(218.0, 87.0, 29.0, 103.0)
(217.0, 87.0, 29.0, 103.0)
(216.0, 89.0, 29.0, 103.0)
(216.0, 92.0, 29.0, 103.0)
(216.0, 93.0, 29.0, 103.0)
(217.0, 100.0, 29.0, 103.0)
(219.0, 103.0, 29.0, 103.0)
(220.0, 104.0, 29.0, 103.0)
(218.0, 100.0, 29.0, 103.0)
(218.0, 100.0, 29.0, 103.0)
(216.0, 100.0, 29.0, 103.0)
(216.0, 103.0, 29.0, 103.0)
(209.0, 103.0, 29.0, 103.0)
(204.0, 102.0, 29.0, 103.0)
(199.0, 100.0, 29.0, 103.0)
(194.0, 102.0, 29.0, 103.0)
(193.0, 101.0, 29.0, 103.0)
(193.0, 93.0, 29.0, 103.0)
(193.0, 93.0, 29.0, 103.0)
(193.0, 91.0, 29.0, 103.0)
(190.0, 96.0, 29.0, 103.0)
(192.0, 94.0, 29.0, 103.0)
(192.0, 95.0, 29.0, 103.0)
(194.0, 99.0, 29.0, 103.0)
(196.0, 103.0, 29.0, 103.0)
(198.0, 106.0, 29.0, 103.0)
(198.0, 106.0, 29.0, 103.0)
(194.0, 102.0, 29.0, 103.0)
(192.0, 106.0, 29.0, 103.0)
(193.0, 108.0, 29.0, 103.0)
(197.0, 105.0, 29.0, 103.0)
(200.0, 107.0, 29.0, 103.0)
(205.0, 106.0, 29.0, 103.0)
(216.0, 97.0, 29.0, 103.0)
(212.0, 98.0, 29.0, 103.0)
(220.0, 96.0, 29.0, 103.0)
(213.0, 96.0, 29.0, 103.0)
(210.0, 95.0, 29.0, 103.0)
(202.0, 97.0, 29.0, 103.0)
(199.0, 96.0, 29.0, 103.0)
(195.0, 97.0, 29.0, 103.0)
(195.0, 94.0, 29.0, 103.0)
(192.0, 90.0, 29.0, 103.0)
(193.0, 85.0, 29.0, 103.0)
(191.0, 76.0, 29.0, 103.0)
(200.0, 73.0, 29.0, 103.0)
(202.0, 71.0, 29.0, 103.0)
(203.0, 72.0, 29.0, 103.0)
(204.0, 71.0, 29.0, 103.0)
(205.0, 66.0, 29.0, 103.0)
(202.0, 72.0, 29.0, 103.0)
(201.0, 75.0, 29.0, 103.0)
(205.0, 81.0, 29.0, 103.0)
(205.0, 89.0, 29.0, 103.0)
(207.0, 92.0, 29.0, 103.0)
(206.0, 93.0, 29.0, 103.0)
(206.0, 97.0, 29.0, 103.0)
(208.0, 101.0, 29.0, 103.0)
(211.0, 104.0, 29.0, 103.0)
(207.0, 110.0, 29.0, 103.0)
(205.0, 117.0, 29.0, 103.0)
(203.0, 121.0, 29.0, 103.0)
(201.0, 123.0, 29.0, 103.0)
(200.0, 125.0, 29.0, 103.0)
(200.0, 125.0, 29.0, 103.0)
(207.0, 128.0, 29.0, 103.0)
(207.0, 127.0, 29.0, 103.0)
(206.0, 127.0, 29.0, 103.0)
(206.0, 127.0, 29.0, 103.0)
(201.0, 128.0, 29.0, 103.0)
(205.0, 124.0, 29.0, 103.0)
(202.0, 123.0, 29.0, 103.0)
(203.0, 121.0, 29.0, 103.0)
(205.0, 118.0, 29.0, 103.0)
(206.0, 116.0, 29.0, 103.0)
(204.0, 115.0, 29.0, 103.0)
(204.0, 114.0, 29.0, 103.0)
(205.0, 112.0, 29.0, 103.0)
(207.0, 110.0, 29.0, 103.0)
(208.0, 110.0, 29.0, 103.0)
(209.0, 111.0, 29.0, 103.0)
(213.0, 111.0, 29.0, 103.0)
(212.0, 114.0, 29.0, 103.0)
(213.0, 113.0, 29.0, 103.0)
(217.0, 114.0, 29.0, 103.0)
(220.0, 113.0, 29.0, 103.0)
(220.0, 114.0, 29.0, 103.0)
(218.0, 116.0, 29.0, 103.0)
(219.0, 116.0, 29.0, 103.0)
(225.0, 116.0, 29.0, 103.0)
(226.0, 116.0, 29.0, 103.0)
(221.0, 118.0, 29.0, 103.0)
(223.0, 120.0, 29.0, 103.0)
(223.0, 122.0, 29.0, 103.0)
(229.0, 120.0, 29.0, 103.0)
(232.0, 123.0, 29.0, 103.0)
(232.0, 122.0, 29.0, 103.0)
(236.0, 125.0, 29.0, 103.0)
(236.0, 122.0, 29.0, 103.0)
(236.0, 121.0, 29.0, 103.0)
(235.0, 119.0, 29.0, 103.0)
(234.0, 123.0, 29.0, 103.0)
(241.0, 120.0, 29.0, 103.0)
(236.0, 121.0, 29.0, 103.0)
(235.0, 118.0, 29.0, 103.0)
(243.0, 119.0, 29.0, 103.0)
(243.0, 120.0, 29.0, 103.0)
(245.0, 120.0, 29.0, 103.0)
(243.0, 124.0, 29.0, 103.0)
(241.0, 125.0, 29.0, 103.0)
(240.0, 111.0, 29.0, 103.0)
(241.0, 114.0, 29.0, 103.0)
(241.0, 111.0, 29.0, 103.0)
(241.0, 110.0, 29.0, 103.0)
(242.0, 113.0, 29.0, 103.0)
(242.0, 109.0, 29.0, 103.0)
(242.0, 111.0, 29.0, 103.0)
(243.0, 114.0, 29.0, 103.0)
(242.0, 119.0, 29.0, 103.0)
(243.0, 111.0, 29.0, 103.0)
(243.0, 110.0, 29.0, 103.0)
(244.0, 110.0, 29.0, 103.0)
(246.0, 109.0, 29.0, 103.0)
(245.0, 108.0, 29.0, 103.0)
(245.0, 107.0, 29.0, 103.0)
(247.0, 108.0, 29.0, 103.0)
(244.0, 110.0, 29.0, 103.0)
(247.0, 109.0, 29.0, 103.0)
(246.0, 113.0, 29.0, 103.0)
(248.0, 112.0, 29.0, 103.0)
(249.0, 114.0, 29.0, 103.0)
(251.0, 112.0, 29.0, 103.0)
(250.0, 114.0, 29.0, 103.0)
(242.0, 108.0, 29.0, 103.0)
(239.0, 112.0, 29.0, 103.0)
(238.0, 112.0, 29.0, 103.0)
(237.0, 108.0, 29.0, 103.0)
(233.0, 109.0, 29.0, 103.0)
(233.0, 111.0, 29.0, 103.0)
(232.0, 111.0, 29.0, 103.0)
(230.0, 111.0, 29.0, 103.0)
(233.0, 110.0, 29.0, 103.0)
(232.0, 113.0, 29.0, 103.0)
(231.0, 115.0, 29.0, 103.0)
(227.0, 112.0, 29.0, 103.0)
(224.0, 113.0, 29.0, 103.0)
(226.0, 110.0, 29.0, 103.0)
(226.0, 104.0, 29.0, 103.0)
(225.0, 109.0, 29.0, 103.0)
(225.0, 110.0, 29.0, 103.0)
(226.0, 110.0, 29.0, 103.0)
(229.0, 110.0, 29.0, 103.0)
(229.0, 111.0, 29.0, 103.0)
(229.0, 113.0, 29.0, 103.0)
(231.0, 116.0, 29.0, 103.0)
(229.0, 116.0, 29.0, 103.0)
(229.0, 115.0, 29.0, 103.0)
(229.0, 115.0, 29.0, 103.0)
(226.0, 116.0, 29.0, 103.0)
(228.0, 117.0, 29.0, 103.0)
(226.0, 118.0, 29.0, 103.0)
(229.0, 118.0, 29.0, 103.0)
(228.0, 114.0, 29.0, 103.0)
(229.0, 116.0, 29.0, 103.0)
(235.0, 120.0, 29.0, 103.0)
(238.0, 121.0, 29.0, 103.0)
(239.0, 123.0, 29.0, 103.0)
(241.0, 123.0, 29.0, 103.0)
(246.0, 126.0, 29.0, 103.0)
(246.0, 124.0, 29.0, 103.0)
(250.0, 124.0, 29.0, 103.0)
(252.0, 127.0, 29.0, 103.0)
(255.0, 129.0, 29.0, 103.0)
(258.0, 132.0, 29.0, 103.0)
(262.0, 137.0, 29.0, 103.0)
(265.0, 141.0, 29.0, 103.0)
(268.0, 144.0, 29.0, 103.0)
(272.0, 149.0, 29.0, 103.0)
(275.0, 152.0, 29.0, 103.0)
(278.0, 155.0, 29.0, 103.0)
(281.0, 157.0, 29.0, 103.0)
(284.0, 158.0, 29.0, 103.0)
(288.0, 160.0, 29.0, 103.0)
(290.0, 162.0, 29.0, 103.0)
(294.0, 163.0, 29.0, 103.0)
(297.0, 164.0, 29.0, 103.0)
(300.0, 165.0, 29.0, 103.0)
(302.0, 165.0, 29.0, 103.0)
(305.0, 165.0, 29.0, 103.0)
(308.0, 165.0, 29.0, 103.0)
(311.0, 165.0, 29.0, 103.0)
(314.0, 166.0, 29.0, 103.0)
(316.0, 167.0, 29.0, 103.0)
(318.0, 169.0, 29.0, 103.0)
(319.0, 169.0, 29.0, 103.0)
(320.0, 169.0, 29.0, 103.0)
(321.0, 170.0, 29.0, 103.0)
(322.0, 170.0, 29.0, 103.0)
(322.0, 170.0, 29.0, 103.0)
(322.0, 171.0, 29.0, 103.0)
(322.0, 171.0, 29.0, 103.0)
(322.0, 172.0, 29.0, 103.0)
(322.0, 173.0, 29.0, 103.0)
(322.0, 173.0, 29.0, 103.0)
(322.0, 172.0, 29.0, 103.0)
(322.0, 173.0, 29.0, 103.0)
(320.0, 168.0, 29.0, 103.0)
(316.0, 166.0, 29.0, 103.0)
(322.0, 167.0, 29.0, 103.0)
(317.0, 154.0, 29.0, 103.0)
(320.0, 154.0, 29.0, 103.0)
(321.0, 152.0, 29.0, 103.0)
(322.0, 151.0, 29.0, 103.0)
(318.0, 148.0, 29.0, 103.0)
(320.0, 147.0, 29.0, 103.0)
(322.0, 146.0, 29.0, 103.0)
(322.0, 145.0, 29.0, 103.0)
(322.0, 141.0, 29.0, 103.0)
(322.0, 140.0, 29.0, 103.0)
(322.0, 140.0, 29.0, 103.0)
(322.0, 138.0, 29.0, 103.0)
(322.0, 139.0, 29.0, 103.0)
(322.0, 138.0, 29.0, 103.0)
(322.0, 139.0, 29.0, 103.0)
(322.0, 136.0, 29.0, 103.0)
(322.0, 136.0, 29.0, 103.0)
(322.0, 137.0, 29.0, 103.0)
(322.0, 137.0, 29.0, 103.0)
(322.0, 143.0, 29.0, 103.0)
(322.0, 146.0, 29.0, 103.0)
(322.0, 147.0, 29.0, 103.0)
(322.0, 148.0, 29.0, 103.0)
(322.0, 150.0, 29.0, 103.0)
(322.0, 151.0, 29.0, 103.0)
(322.0, 151.0, 29.0, 103.0)
(322.0, 152.0, 29.0, 103.0)
(322.0, 152.0, 29.0, 103.0)
(321.0, 152.0, 29.0, 103.0)
(322.0, 152.0, 29.0, 103.0)
(322.0, 153.0, 29.0, 103.0)
(322.0, 153.0, 29.0, 103.0)
(322.0, 153.0, 29.0, 103.0)
(322.0, 153.0, 29.0, 103.0)
(322.0, 153.0, 29.0, 103.0)
(322.0, 153.0, 29.0, 103.0)
(322.0, 153.0, 29.0, 103.0)
(322.0, 151.0, 29.0, 103.0)
(322.0, 149.0, 29.0, 103.0)
(322.0, 147.0, 29.0, 103.0)
(322.0, 147.0, 29.0, 103.0)
(322.0, 146.0, 29.0, 103.0)
(322.0, 146.0, 29.0, 103.0)
(322.0, 146.0, 29.0, 103.0)
(322.0, 145.0, 29.0, 103.0)
(322.0, 145.0, 29.0, 103.0)
(322.0, 144.0, 29.0, 103.0)
(322.0, 143.0, 29.0, 103.0)
(322.0, 143.0, 29.0, 103.0)
(322.0, 144.0, 29.0, 103.0)
(322.0, 146.0, 29.0, 103.0)
(322.0, 142.0, 29.0, 103.0)
(317.0, 144.0, 29.0, 103.0)
(321.0, 142.0, 29.0, 103.0)
(322.0, 141.0, 29.0, 103.0)
(321.0, 142.0, 29.0, 103.0)
(322.0, 143.0, 29.0, 103.0)
(322.0, 142.0, 29.0, 103.0)
(322.0, 143.0, 29.0, 103.0)
(322.0, 145.0, 29.0, 103.0)
(322.0, 146.0, 29.0, 103.0)
(322.0, 148.0, 29.0, 103.0)
(321.0, 149.0, 29.0, 103.0)
(322.0, 151.0, 29.0, 103.0)
(322.0, 152.0, 29.0, 103.0)
(322.0, 154.0, 29.0, 103.0)
(322.0, 156.0, 29.0, 103.0)
(322.0, 157.0, 29.0, 103.0)
(322.0, 156.0, 29.0, 103.0)
(322.0, 157.0, 29.0, 103.0)
(322.0, 158.0, 29.0, 103.0)
(322.0, 163.0, 29.0, 103.0)
(319.0, 167.0, 29.0, 103.0)
(321.0, 168.0, 29.0, 103.0)
(322.0, 170.0, 29.0, 103.0)
(322.0, 171.0, 29.0, 103.0)
(322.0, 176.0, 29.0, 103.0)
(322.0, 177.0, 29.0, 103.0)
(322.0, 179.0, 29.0, 103.0)
(322.0, 181.0, 29.0, 103.0)
(322.0, 183.0, 29.0, 103.0)
(322.0, 184.0, 29.0, 103.0)
(322.0, 183.0, 29.0, 103.0)
(320.0, 161.0, 29.0, 103.0)
(322.0, 168.0, 29.0, 103.0)
(302.0, 154.0, 29.0, 103.0)
(304.0, 155.0, 29.0, 103.0)
(306.0, 160.0, 29.0, 103.0)
(310.0, 165.0, 29.0, 103.0)
(315.0, 167.0, 29.0, 103.0)
(321.0, 168.0, 29.0, 103.0)
(322.0, 168.0, 29.0, 103.0)
(322.0, 169.0, 29.0, 103.0)
(306.0, 173.0, 29.0, 103.0)
(310.0, 173.0, 29.0, 103.0)
(315.0, 175.0, 29.0, 103.0)
(318.0, 177.0, 29.0, 103.0)
(321.0, 176.0, 29.0, 103.0)
(321.0, 179.0, 29.0, 103.0)
(321.0, 180.0, 29.0, 103.0)
(320.0, 179.0, 29.0, 103.0)
(321.0, 180.0, 29.0, 103.0)
(322.0, 182.0, 29.0, 103.0)
(321.0, 183.0, 29.0, 103.0)
(322.0, 183.0, 29.0, 103.0)
(322.0, 184.0, 29.0, 103.0)
(322.0, 184.0, 29.0, 103.0)
(322.0, 184.0, 29.0, 103.0)
(322.0, 184.0, 29.0, 103.0)
(322.0, 184.0, 29.0, 103.0)
(322.0, 183.0, 29.0, 103.0)
(321.0, 184.0, 29.0, 103.0)
(319.0, 184.0, 29.0, 103.0)
(319.0, 184.0, 29.0, 103.0)
(321.0, 184.0, 29.0, 103.0)
(322.0, 182.0, 29.0, 103.0)
(322.0, 181.0, 29.0, 103.0)
(322.0, 182.0, 29.0, 103.0)
(322.0, 181.0, 29.0, 103.0)
(322.0, 182.0, 29.0, 103.0)
(299.0, 173.0, 29.0, 103.0)
(307.0, 172.0, 29.0, 103.0)
(312.0, 177.0, 29.0, 103.0)
(316.0, 178.0, 29.0, 103.0)
(320.0, 183.0, 29.0, 103.0)
(322.0, 184.0, 29.0, 103.0)
(322.0, 184.0, 29.0, 103.0)
(321.0, 184.0, 29.0, 103.0)
(319.0, 184.0, 29.0, 103.0)
(320.0, 184.0, 29.0, 103.0)
(321.0, 184.0, 29.0, 103.0)
(321.0, 184.0, 29.0, 103.0)
(321.0, 184.0, 29.0, 103.0)
(322.0, 184.0, 29.0, 103.0)
(322.0, 184.0, 29.0, 103.0)
(322.0, 184.0, 29.0, 103.0)
(321.0, 184.0, 29.0, 103.0)
(322.0, 184.0, 29.0, 103.0)
(322.0, 183.0, 29.0, 103.0)
(322.0, 181.0, 29.0, 103.0)
(322.0, 176.0, 29.0, 103.0)
(322.0, 177.0, 29.0, 103.0)
(322.0, 172.0, 29.0, 103.0)
(322.0, 164.0, 29.0, 103.0)
(314.0, 184.0, 29.0, 103.0)
(320.0, 183.0, 29.0, 103.0)
(321.0, 178.0, 29.0, 103.0)
(322.0, 178.0, 29.0, 103.0)
(322.0, 180.0, 29.0, 103.0)
(320.0, 181.0, 29.0, 103.0)
(322.0, 183.0, 29.0, 103.0)
(322.0, 184.0, 29.0, 103.0)
(321.0, 184.0, 29.0, 103.0)
(298.0, 178.0, 29.0, 103.0)
(295.0, 184.0, 29.0, 103.0)
(286.0, 184.0, 29.0, 103.0)
(280.0, 184.0, 29.0, 103.0)
(280.0, 184.0, 29.0, 103.0)
(296.0, 184.0, 29.0, 103.0)
(295.0, 184.0, 29.0, 103.0)
(296.0, 184.0, 29.0, 103.0)
(299.0, 184.0, 29.0, 103.0)
(302.0, 184.0, 29.0, 103.0)
(306.0, 184.0, 29.0, 103.0)
(308.0, 184.0, 29.0, 103.0)
(314.0, 182.0, 29.0, 103.0)
(319.0, 182.0, 29.0, 103.0)
(321.0, 180.0, 29.0, 103.0)
(322.0, 179.0, 29.0, 103.0)
(322.0, 176.0, 29.0, 103.0)
(322.0, 175.0, 29.0, 103.0)
(322.0, 173.0, 29.0, 103.0)
(322.0, 172.0, 29.0, 103.0)
(322.0, 170.0, 29.0, 103.0)
(322.0, 168.0, 29.0, 103.0)
(322.0, 166.0, 29.0, 103.0)
(322.0, 165.0, 29.0, 103.0)
(322.0, 167.0, 29.0, 103.0)
(322.0, 167.0, 29.0, 103.0)
(322.0, 168.0, 29.0, 103.0)
(322.0, 168.0, 29.0, 103.0)
(321.0, 168.0, 29.0, 103.0)
(322.0, 168.0, 29.0, 103.0)
(322.0, 168.0, 29.0, 103.0)
(322.0, 168.0, 29.0, 103.0)
(322.0, 169.0, 29.0, 103.0)
(322.0, 169.0, 29.0, 103.0)
(321.0, 169.0, 29.0, 103.0)
(322.0, 170.0, 29.0, 103.0)
(321.0, 170.0, 29.0, 103.0)
(322.0, 170.0, 29.0, 103.0)
(322.0, 170.0, 29.0, 103.0)
(322.0, 169.0, 29.0, 103.0)
(322.0, 167.0, 29.0, 103.0)
(322.0, 163.0, 29.0, 103.0)
(322.0, 164.0, 29.0, 103.0)
(322.0, 164.0, 29.0, 103.0)
(322.0, 164.0, 29.0, 103.0)
(322.0, 162.0, 29.0, 103.0)
(322.0, 162.0, 29.0, 103.0)
(322.0, 161.0, 29.0, 103.0)
(322.0, 155.0, 29.0, 103.0)
(322.0, 148.0, 29.0, 103.0)
(322.0, 124.0, 29.0, 103.0)
(322.0, 130.0, 29.0, 103.0)
(322.0, 136.0, 29.0, 103.0)
(322.0, 140.0, 29.0, 103.0)
(322.0, 144.0, 29.0, 103.0)
(322.0, 147.0, 29.0, 103.0)
(322.0, 147.0, 29.0, 103.0)
(322.0, 149.0, 29.0, 103.0)
(322.0, 151.0, 29.0, 103.0)
(322.0, 155.0, 29.0, 103.0)
(322.0, 154.0, 29.0, 103.0)
(322.0, 159.0, 29.0, 103.0)
(322.0, 162.0, 29.0, 103.0)
(322.0, 166.0, 29.0, 103.0)
(322.0, 170.0, 29.0, 103.0)
(320.0, 173.0, 29.0, 103.0)
(320.0, 176.0, 29.0, 103.0)
(320.0, 178.0, 29.0, 103.0)
(320.0, 180.0, 29.0, 103.0)
(322.0, 183.0, 29.0, 103.0)
(322.0, 184.0, 29.0, 103.0)
(322.0, 184.0, 29.0, 103.0)
(322.0, 184.0, 29.0, 103.0)
(322.0, 184.0, 29.0, 103.0)
(322.0, 184.0, 29.0, 103.0)
(322.0, 184.0, 29.0, 103.0)
(322.0, 184.0, 29.0, 103.0)
(322.0, 184.0, 29.0, 103.0)
(322.0, 184.0, 29.0, 103.0)
(322.0, 184.0, 29.0, 103.0)
(319.0, 184.0, 29.0, 103.0)
(322.0, 182.0, 29.0, 103.0)
(322.0, 184.0, 29.0, 103.0)
(322.0, 184.0, 29.0, 103.0)
(322.0, 183.0, 29.0, 103.0)
(322.0, 183.0, 29.0, 103.0)
(321.0, 178.0, 29.0, 103.0)
(322.0, 177.0, 29.0, 103.0)
(322.0, 173.0, 29.0, 103.0)
(321.0, 175.0, 29.0, 103.0)
(322.0, 173.0, 29.0, 103.0)
(322.0, 172.0, 29.0, 103.0)
(321.0, 170.0, 29.0, 103.0)
(322.0, 171.0, 29.0, 103.0)
(322.0, 170.0, 29.0, 103.0)
(322.0, 171.0, 29.0, 103.0)
(322.0, 172.0, 29.0, 103.0)
(322.0, 172.0, 29.0, 103.0)
(322.0, 175.0, 29.0, 103.0)
(322.0, 176.0, 29.0, 103.0)
(322.0, 176.0, 29.0, 103.0)
(322.0, 177.0, 29.0, 103.0)
(322.0, 177.0, 29.0, 103.0)
(322.0, 178.0, 29.0, 103.0)
(322.0, 178.0, 29.0, 103.0)
(322.0, 180.0, 29.0, 103.0)
(322.0, 184.0, 29.0, 103.0)
(322.0, 183.0, 29.0, 103.0)
(322.0, 183.0, 29.0, 103.0)
(321.0, 184.0, 29.0, 103.0)
(320.0, 184.0, 29.0, 103.0)
(319.0, 184.0, 29.0, 103.0)
(322.0, 184.0, 29.0, 103.0)
(319.0, 184.0, 29.0, 103.0)
(319.0, 184.0, 29.0, 103.0)
(320.0, 184.0, 29.0, 103.0)
(320.0, 183.0, 29.0, 103.0)
(318.0, 184.0, 29.0, 103.0)
(317.0, 184.0, 29.0, 103.0)
(318.0, 184.0, 29.0, 103.0)
(316.0, 184.0, 29.0, 103.0)
(317.0, 184.0, 29.0, 103.0)
(317.0, 184.0, 29.0, 103.0)
(318.0, 184.0, 29.0, 103.0)
(318.0, 184.0, 29.0, 103.0)
(320.0, 184.0, 29.0, 103.0)
(320.0, 184.0, 29.0, 103.0)
(322.0, 184.0, 29.0, 103.0)
(321.0, 184.0, 29.0, 103.0)
(322.0, 184.0, 29.0, 103.0)
(322.0, 184.0, 29.0, 103.0)
(322.0, 184.0, 29.0, 103.0)
(322.0, 184.0, 29.0, 103.0)
(316.0, 184.0, 29.0, 103.0)
(300.0, 177.0, 29.0, 103.0)
(303.0, 184.0, 29.0, 103.0)
(299.0, 183.0, 29.0, 103.0)
(302.0, 184.0, 29.0, 103.0)
(314.0, 184.0, 29.0, 103.0)
(319.0, 184.0, 29.0, 103.0)
(319.0, 184.0, 29.0, 103.0)
(322.0, 184.0, 29.0, 103.0)
(322.0, 183.0, 29.0, 103.0)
(322.0, 179.0, 29.0, 103.0)
(322.0, 177.0, 29.0, 103.0)
(322.0, 174.0, 29.0, 103.0)
(322.0, 166.0, 29.0, 103.0)
(322.0, 162.0, 29.0, 103.0)
(322.0, 160.0, 29.0, 103.0)
(322.0, 159.0, 29.0, 103.0)
(322.0, 156.0, 29.0, 103.0)
(322.0, 155.0, 29.0, 103.0)
(322.0, 157.0, 29.0, 103.0)
(322.0, 159.0, 29.0, 103.0)
(322.0, 164.0, 29.0, 103.0)
(322.0, 184.0, 29.0, 103.0)
(312.0, 166.0, 29.0, 103.0)
(296.0, 161.0, 29.0, 103.0)
(298.0, 150.0, 29.0, 103.0)
(274.0, 147.0, 29.0, 103.0)
(281.0, 126.0, 29.0, 103.0)
(302.0, 121.0, 29.0, 103.0)
(310.0, 107.0, 29.0, 103.0)
(297.0, 90.0, 29.0, 103.0)
(277.0, 85.0, 29.0, 103.0)
(265.0, 86.0, 29.0, 103.0)
(263.0, 89.0, 29.0, 103.0)
(282.0, 95.0, 29.0, 103.0)
(301.0, 95.0, 29.0, 103.0)
(303.0, 96.0, 29.0, 103.0)
(302.0, 101.0, 29.0, 103.0)
(301.0, 102.0, 29.0, 103.0)
(296.0, 109.0, 29.0, 103.0)
(302.0, 124.0, 29.0, 103.0)
(310.0, 129.0, 29.0, 103.0)
(313.0, 135.0, 29.0, 103.0)
(308.0, 149.0, 29.0, 103.0)
(299.0, 165.0, 29.0, 103.0)
(288.0, 177.0, 29.0, 103.0)
(280.0, 183.0, 29.0, 103.0)
(277.0, 184.0, 29.0, 103.0)
(275.0, 184.0, 29.0, 103.0)
(272.0, 184.0, 29.0, 103.0)
(270.0, 183.0, 29.0, 103.0)
(274.0, 179.0, 29.0, 103.0)
(281.0, 176.0, 29.0, 103.0)
(284.0, 171.0, 29.0, 103.0)
(292.0, 169.0, 29.0, 103.0)
(299.0, 167.0, 29.0, 103.0)
(306.0, 169.0, 29.0, 103.0)
(308.0, 170.0, 29.0, 103.0)
(309.0, 174.0, 29.0, 103.0)
(312.0, 180.0, 29.0, 103.0)
(308.0, 184.0, 29.0, 103.0)
(307.0, 184.0, 29.0, 103.0)
(309.0, 184.0, 29.0, 103.0)
(308.0, 184.0, 29.0, 103.0)
